# x y adNum
0.454002 -0.0873035 6
0.75643 0.0873035 6
0.75643 -0.261911 6

0.151574 0.0873035 6
-0.150855 -0.0873035 6
-0.150855 0.261911 6

-0.150855 -0.0873035 6
0.151574 0.0873035 6
0.151574 -0.261911 6

0.454002 -0.0873035 6
0.151574 0.0873035 6
0.454002 0.261911 6

-0.150855 0.261911 6
-0.150855 -0.0873035 6
-0.453283 0.0873035 6

-0.150855 0.261911 6
-0.453283 0.436518 6
-0.150855 0.611125 6

-0.150855 -0.0873035 6
-0.150855 -0.436518 6
-0.453283 -0.261911 6

-0.150855 -0.0873035 6
0.151574 -0.261911 6
-0.150855 -0.436518 6

0.151574 -0.611125 6
0.151574 -0.261911 6
0.454002 -0.436518 6

0.151574 0.0873035 6
-0.150855 0.261911 6
0.151574 0.436518 6

-0.453283 -0.611125 6
-0.150855 -0.436518 6
-0.150855 -0.785732 6

0.151574 -0.261911 6
0.151574 0.0873035 6
0.454002 -0.0873035 6

-0.453283 -0.261911 6
-0.453283 -0.611125 6
-0.755711 -0.436518 6

-0.453283 0.0873035 6
-0.150855 -0.0873035 6
-0.453283 -0.261911 6

0.151574 0.0873035 6
0.151574 0.436518 6
0.454002 0.261911 6

0.454002 0.261911 6
0.151574 0.436518 6
0.454002 0.611125 6

-0.150855 0.261911 6
-0.453283 0.0873035 6
-0.453283 0.436518 6

-0.453283 0.0873035 6
-0.755711 -0.0873035 6
-0.755711 0.261911 6

0.454002 0.611125 6
0.151574 0.436518 6
0.151574 0.785732 6

0.151574 0.436518 6
-0.150855 0.261911 6
-0.150855 0.611125 6

0.454002 0.611125 6
0.454002 0.960339 6
0.75643 0.785732 6

-0.150855 -0.436518 6
0.151574 -0.261911 6
0.151574 -0.611125 6

0.151574 -0.261911 6
0.454002 -0.0873035 6
0.454002 -0.436518 6

-0.150855 0.611125 6
-0.453283 0.785732 6
-0.150855 0.960339 6

-0.453283 0.785732 6
-0.453283 0.436518 6
-0.755711 0.611125 6

-0.453283 0.0873035 6
-0.453283 -0.261911 6
-0.755711 -0.0873035 6

-0.453283 -0.261911 6
-0.150855 -0.436518 6
-0.453283 -0.611125 6

-0.150855 -0.436518 6
0.151574 -0.611125 6
-0.150855 -0.785732 6

0.454002 -0.785732 6
0.454002 -0.436518 6
0.75643 -0.611125 6

0.75643 0.0873035 6
0.454002 0.261911 6
0.75643 0.436518 6

0.454002 -0.0873035 6
0.454002 0.261911 6
0.75643 0.0873035 6

0.75643 -0.261911 6
1.05886 -0.0873035 6
1.05886 -0.436518 6

-1.05814 0.0873035 6
-0.755711 -0.0873035 6
-1.05814 -0.261911 6

-0.453283 0.436518 6
-0.453283 0.0873035 6
-0.755711 0.261911 6

-0.453283 -0.611125 6
-0.453283 -0.960339 6
-0.755711 -0.785732 6

0.151574 -0.611125 6
0.454002 -0.785732 6
0.151574 -0.960339 6

1.05886 -0.0873035 6
0.75643 0.0873035 6
1.05886 0.261911 6

0.151574 0.436518 6
-0.150855 0.611125 6
0.151574 0.785732 6

-0.453283 -0.960339 6
-0.150855 -0.785732 6
-0.150855 -1.13495 6

0.454002 -0.436518 6
0.454002 -0.0873035 6
0.75643 -0.261911 6

0.75643 0.436518 6
0.454002 0.611125 6
0.75643 0.785732 6

-0.755711 -0.0873035 6
-0.453283 -0.261911 6
-0.755711 -0.436518 6

0.454002 0.261911 6
0.454002 0.611125 6
0.75643 0.436518 6

0.454002 0.960339 6
0.151574 0.785732 6
0.151574 1.13495 6

-0.150855 0.611125 6
-0.453283 0.436518 6
-0.453283 0.785732 6

-0.755711 0.261911 6
-1.05814 0.0873035 6
-1.05814 0.436518 6

-0.755711 -0.436518 6
-0.755711 -0.785732 6
-1.05814 -0.611125 6

0.151574 -0.611125 6
0.454002 -0.436518 6
0.454002 -0.785732 6

-0.453283 0.785732 6
-0.755711 0.960339 6
-0.453283 1.13495 6

-0.453283 0.436518 6
-0.755711 0.261911 6
-0.755711 0.611125 6

1.05886 0.261911 6
0.75643 0.436518 6
1.05886 0.611125 6

0.151574 0.785732 6
-0.150855 0.611125 6
-0.150855 0.960339 6

-0.150855 -0.785732 6
0.151574 -0.611125 6
0.151574 -0.960339 6

0.454002 -1.13495 6
0.454002 -0.785732 6
0.75643 -0.960339 6

0.454002 -0.436518 6
0.75643 -0.261911 6
0.75643 -0.611125 6

0.454002 0.611125 6
0.151574 0.785732 6
0.454002 0.960339 6

-0.755711 0.611125 6
-0.755711 0.261911 6
-1.05814 0.436518 6

-0.755711 0.261911 6
-0.755711 -0.0873035 6
-1.05814 0.0873035 6

-0.453283 -0.611125 6
-0.150855 -0.785732 6
-0.453283 -0.960339 6

0.151574 -0.960339 6
0.454002 -1.13495 6
0.151574 -1.30955 6

0.75643 -0.960339 6
0.75643 -0.611125 6
1.05886 -0.785732 6

0.151574 0.785732 6
-0.150855 0.960339 6
0.151574 1.13495 6

0.151574 1.13495 6
-0.150855 0.960339 6
-0.150855 1.30955 6

0.75643 -0.261911 6
0.75643 0.0873035 6
1.05886 -0.0873035 6

-1.05814 0.0873035 6
-1.36057 -0.0873035 6
-1.36057 0.261911 6

-0.755711 -0.0873035 6
-0.755711 -0.436518 6
-1.05814 -0.261911 6

-0.755711 -0.436518 6
-0.453283 -0.611125 6
-0.755711 -0.785732 6

-0.755711 -1.13495 6
-0.453283 -0.960339 6
-0.453283 -1.30955 6

1.05886 -0.0873035 6
1.36129 0.0873035 6
1.36129 -0.261911 6

0.454002 1.30955 6
0.151574 1.13495 6
0.151574 1.48416 6

0.75643 0.785732 6
0.454002 0.960339 6
0.75643 1.13495 6

0.75643 0.0873035 6
0.75643 0.436518 6
1.05886 0.261911 6

-0.755711 0.960339 6
-0.755711 0.611125 6
-1.05814 0.785732 6

-1.36057 -0.0873035 6
-1.05814 -0.261911 6
-1.36057 -0.436518 6

-0.755711 -0.785732 6
-0.755711 -1.13495 6
-1.05814 -0.960339 6

-0.150855 -0.785732 6
0.151574 -0.960339 6
-0.150855 -1.13495 6

1.36129 0.0873035 6
1.05886 0.261911 6
1.36129 0.436518 6

-0.150855 0.960339 6
-0.453283 1.13495 6
-0.150855 1.30955 6

-0.453283 -1.30955 6
-0.150855 -1.13495 6
-0.150855 -1.48416 6

0.75643 -0.611125 6
0.75643 -0.261911 6
1.05886 -0.436518 6

-1.05814 0.436518 6
-1.36057 0.261911 6
-1.36057 0.611125 6

-1.05814 -0.261911 6
-0.755711 -0.436518 6
-1.05814 -0.611125 6

0.75643 0.436518 6
0.75643 0.785732 6
1.05886 0.611125 6

-0.453283 0.785732 6
-0.755711 0.611125 6
-0.755711 0.960339 6

0.75643 -0.611125 6
1.05886 -0.436518 6
1.05886 -0.785732 6

-0.150855 0.960339 6
-0.453283 0.785732 6
-0.453283 1.13495 6

0.151574 -1.30955 6
0.454002 -1.48416 6
0.151574 -1.65877 6

0.151574 -0.960339 6
0.454002 -0.785732 6
0.454002 -1.13495 6

0.454002 -0.785732 6
0.75643 -0.611125 6
0.75643 -0.960339 6

1.05886 0.960339 6
1.05886 1.30955 6
1.36129 1.13495 6

-0.755711 0.611125 6
-1.05814 0.436518 6
-1.05814 0.785732 6

0.75643 0.785732 6
0.75643 1.13495 6
1.05886 0.960339 6

-0.755711 1.30955 6
-0.755711 0.960339 6
-1.05814 1.13495 6

-1.05814 -0.611125 6
-1.05814 -0.960339 6
-1.36057 -0.785732 6

1.36129 0.436518 6
1.05886 0.611125 6
1.36129 0.785732 6

-0.453283 1.13495 6
-0.755711 1.30955 6
-0.453283 1.48416 6

-0.150855 -1.13495 6
0.151574 -0.960339 6
0.151574 -1.30955 6

0.454002 -1.13495 6
0.75643 -1.30955 6
0.454002 -1.48416 6

1.05886 -0.436518 6
1.36129 -0.261911 6
1.36129 -0.611125 6

0.75643 1.13495 6
0.454002 0.960339 6
0.454002 1.30955 6

-1.05814 0.436518 6
-1.05814 0.0873035 6
-1.36057 0.261911 6

-1.05814 0.0873035 6
-1.05814 -0.261911 6
-1.36057 -0.0873035 6

-0.755711 -0.785732 6
-0.453283 -0.960339 6
-0.755711 -1.13495 6

-0.150855 -1.13495 6
0.151574 -1.30955 6
-0.150855 -1.48416 6

1.05886 -0.436518 6
1.05886 -0.0873035 6
1.36129 -0.261911 6

0.454002 0.960339 6
0.151574 1.13495 6
0.454002 1.30955 6

1.05886 0.611125 6
0.75643 0.785732 6
1.05886 0.960339 6

1.05886 -0.0873035 6
1.05886 0.261911 6
1.36129 0.0873035 6

-1.05814 0.785732 6
-1.05814 0.436518 6
-1.36057 0.611125 6

-1.663 -0.261911 6
-1.36057 -0.436518 6
-1.663 -0.611125 6

-0.755711 -1.13495 6
-0.453283 -1.30955 6
-0.755711 -1.48416 6

-0.453283 -0.960339 6
-0.150855 -1.13495 6
-0.453283 -1.30955 6

1.36129 -0.261911 6
1.36129 0.0873035 6
1.66372 -0.0873035 6

0.151574 1.13495 6
-0.150855 1.30955 6
0.151574 1.48416 6

1.05886 0.611125 6
1.05886 0.960339 6
1.36129 0.785732 6

1.05886 -0.785732 6
1.05886 -0.436518 6
1.36129 -0.611125 6

-1.36057 0.261911 6
-1.663 0.0873035 6
-1.663 0.436518 6

-1.05814 -0.261911 6
-1.05814 -0.611125 6
-1.36057 -0.436518 6

-1.05814 -0.611125 6
-0.755711 -0.785732 6
-1.05814 -0.960339 6

0.454002 -1.13495 6
0.75643 -0.960339 6
0.75643 -1.30955 6

1.36129 -0.261911 6
1.66372 -0.0873035 6
1.66372 -0.436518 6

0.454002 1.65877 6
0.151574 1.48416 6
0.151574 1.83337 6

-0.755711 1.30955 6
-1.05814 1.13495 6
-1.05814 1.48416 6

1.05886 0.261911 6
1.05886 0.611125 6
1.36129 0.436518 6

-1.05814 1.13495 6
-1.05814 0.785732 6
-1.36057 0.960339 6

-1.36057 0.261911 6
-1.36057 -0.0873035 6
-1.663 0.0873035 6

-0.453283 -1.65877 6
-0.150855 -1.48416 6
-0.150855 -1.83337 6

-0.755711 -1.48416 6
-0.453283 -1.30955 6
-0.453283 -1.65877 6

1.66372 0.261911 6
1.36129 0.436518 6
1.66372 0.611125 6

-0.150855 1.30955 6
-0.453283 1.48416 6
-0.150855 1.65877 6

-1.36057 -0.785732 6
-1.36057 -1.13495 6
-1.663 -0.960339 6

1.05886 -1.13495 6
1.05886 -0.785732 6
1.36129 -0.960339 6

-0.453283 1.13495 6
-0.755711 0.960339 6
-0.755711 1.30955 6

-0.755711 0.960339 6
-1.05814 0.785732 6
-1.05814 1.13495 6

0.151574 -1.30955 6
0.454002 -1.13495 6
0.454002 -1.48416 6

0.75643 -1.30955 6
0.75643 -0.960339 6
1.05886 -1.13495 6

0.151574 1.48416 6
-0.150855 1.30955 6
-0.150855 1.65877 6

-1.36057 0.611125 6
-1.663 0.436518 6
-1.663 0.785732 6

1.36129 -0.611125 6
1.66372 -0.436518 6
1.66372 -0.785732 6

-0.150855 1.30955 6
-0.453283 1.13495 6
-0.453283 1.48416 6

-1.36057 -0.436518 6
-1.05814 -0.611125 6
-1.36057 -0.785732 6

1.05886 -1.48416 6
1.05886 -1.13495 6
1.36129 -1.30955 6

0.75643 -0.960339 6
1.05886 -0.785732 6
1.05886 -1.13495 6

1.05886 -0.785732 6
1.36129 -0.611125 6
1.36129 -0.960339 6

-1.663 0.0873035 6
-1.36057 -0.0873035 6
-1.663 -0.261911 6

-1.05814 -0.960339 6
-1.05814 -1.30955 6
-1.36057 -1.13495 6

0.75643 1.13495 6
0.75643 1.48416 6
1.05886 1.30955 6

1.66372 0.611125 6
1.36129 0.785732 6
1.66372 0.960339 6

-1.05814 1.48416 6
-1.05814 1.13495 6
-1.36057 1.30955 6

0.454002 -1.48416 6
0.75643 -1.65877 6
0.454002 -1.83337 6

0.75643 1.13495 6
0.454002 1.30955 6
0.75643 1.48416 6

-1.05814 0.785732 6
-1.36057 0.611125 6
-1.36057 0.960339 6

-1.663 0.0873035 6
-1.96542 -0.0873035 6
-1.96542 0.261911 6

-0.755711 -1.13495 6
-0.755711 -1.48416 6
-1.05814 -1.30955 6

-0.453283 1.48416 6
-0.755711 1.65877 6
-0.453283 1.83337 6

1.36129 1.13495 6
1.36129 1.48416 6
1.66372 1.30955 6

0.151574 -1.65877 6
0.454002 -1.83337 6
0.151574 -2.00798 6

-0.150855 -1.48416 6
0.151574 -1.30955 6
0.151574 -1.65877 6

0.75643 1.48416 6
0.454002 1.30955 6
0.454002 1.65877 6

1.05886 0.960339 6
0.75643 1.13495 6
1.05886 1.30955 6

1.36129 0.785732 6
1.05886 0.960339 6
1.36129 1.13495 6

0.454002 -1.48416 6
0.75643 -1.30955 6
0.75643 -1.65877 6

1.66372 -0.0873035 6
1.36129 0.0873035 6
1.66372 0.261911 6

-1.36057 -0.0873035 6
-1.36057 -0.436518 6
-1.663 -0.261911 6

-1.36057 0.611125 6
-1.36057 0.261911 6
-1.663 0.436518 6

-1.05814 -1.30955 6
-0.755711 -1.48416 6
-1.05814 -1.65877 6

-1.05814 -0.960339 6
-0.755711 -1.13495 6
-1.05814 -1.30955 6

1.36129 -0.611125 6
1.36129 -0.261911 6
1.66372 -0.436518 6

1.66372 -0.0873035 6
1.96614 0.0873035 6
1.96614 -0.261911 6

0.454002 1.30955 6
0.151574 1.48416 6
0.454002 1.65877 6

1.05886 1.30955 6
1.05886 1.65877 6
1.36129 1.48416 6

1.36129 0.0873035 6
1.36129 0.436518 6
1.66372 0.261911 6

-1.36057 1.30955 6
-1.36057 0.960339 6
-1.663 1.13495 6

-1.96542 -0.0873035 6
-1.663 -0.261911 6
-1.96542 -0.436518 6

-1.05814 -1.30955 6
-1.05814 -1.65877 6
-1.36057 -1.48416 6

-0.453283 -1.30955 6
-0.150855 -1.48416 6
-0.453283 -1.65877 6

1.96614 0.0873035 6
1.66372 0.261911 6
1.96614 0.436518 6

-0.150855 1.65877 6
-0.453283 1.83337 6
-0.150855 2.00798 6

1.96614 0.436518 6
1.66372 0.611125 6
1.96614 0.785732 6

1.36129 -1.30955 6
1.36129 -0.960339 6
1.66372 -1.13495 6

-1.663 0.436518 6
-1.96542 0.261911 6
-1.96542 0.611125 6

-1.36057 -0.436518 6
-1.36057 -0.785732 6
-1.663 -0.611125 6

-1.36057 -0.785732 6
-1.05814 -0.960339 6
-1.36057 -1.13495 6

-0.755711 -1.83337 6
-0.453283 -1.65877 6
-0.453283 -2.00798 6

1.66372 -0.436518 6
1.96614 -0.261911 6
1.96614 -0.611125 6

0.75643 1.83337 6
0.454002 1.65877 6
0.454002 2.00798 6

0.75643 -1.65877 6
0.75643 -1.30955 6
1.05886 -1.48416 6

1.36129 0.436518 6
1.36129 0.785732 6
1.66372 0.611125 6

-0.755711 1.30955 6
-1.05814 1.48416 6
-0.755711 1.65877 6

-1.36057 0.960339 6
-1.36057 0.611125 6
-1.663 0.785732 6

1.36129 0.785732 6
1.36129 1.13495 6
1.66372 0.960339 6

-0.453283 1.48416 6
-0.755711 1.30955 6
-0.755711 1.65877 6

1.66372 -0.785732 6
1.96614 -0.611125 6
1.96614 -0.960339 6

-0.150855 -1.48416 6
0.151574 -1.65877 6
-0.150855 -1.83337 6

0.75643 -1.30955 6
1.05886 -1.13495 6
1.05886 -1.48416 6

0.151574 1.48416 6
-0.150855 1.65877 6
0.151574 1.83337 6

-1.05814 1.13495 6
-1.36057 0.960339 6
-1.36057 1.30955 6

-1.96542 -0.436518 6
-1.663 -0.611125 6
-1.96542 -0.785732 6

-0.453283 -2.00798 6
-0.150855 -1.83337 6
-0.150855 -2.18259 6

0.151574 -1.65877 6
0.454002 -1.48416 6
0.454002 -1.83337 6

1.05886 -1.13495 6
1.36129 -0.960339 6
1.36129 -1.30955 6

-0.453283 1.83337 6
-0.755711 2.00798 6
-0.453283 2.18259 6

1.36129 -1.65877 6
1.36129 -1.30955 6
1.66372 -1.48416 6

1.36129 -0.960339 6
1.36129 -0.611125 6
1.66372 -0.785732 6

-1.05814 1.83337 6
-1.05814 1.48416 6
-1.36057 1.65877 6

-1.663 0.785732 6
-1.96542 0.611125 6
-1.96542 0.960339 6

0.454002 2.00798 6
0.151574 1.83337 6
0.151574 2.18259 6

-0.150855 1.65877 6
-0.453283 1.48416 6
-0.453283 1.83337 6

-1.663 -0.960339 6
-1.663 -1.30955 6
-1.96542 -1.13495 6

-1.663 -0.611125 6
-1.36057 -0.785732 6
-1.663 -0.960339 6

1.05886 -1.83337 6
1.05886 -1.48416 6
1.36129 -1.65877 6

1.05886 1.65877 6
1.05886 2.00798 6
1.36129 1.83337 6

-1.663 0.0873035 6
-1.663 -0.261911 6
-1.96542 -0.0873035 6

-1.36057 -1.13495 6
-1.36057 -1.48416 6
-1.663 -1.30955 6

1.05886 1.65877 6
0.75643 1.48416 6
0.75643 1.83337 6

1.05886 1.30955 6
0.75643 1.48416 6
1.05886 1.65877 6

-1.663 0.436518 6
-1.663 0.0873035 6
-1.96542 0.261911 6

-0.755711 -1.48416 6
-0.453283 -1.65877 6
-0.755711 -1.83337 6

-1.05814 -1.65877 6
-0.755711 -1.48416 6
-0.755711 -1.83337 6

1.66372 -0.436518 6
1.66372 -0.0873035 6
1.96614 -0.261911 6

1.96614 0.785732 6
1.66372 0.960339 6
1.96614 1.13495 6

0.75643 1.48416 6
0.454002 1.65877 6
0.75643 1.83337 6

1.96614 -0.261911 6
2.26857 -0.0873035 6
2.26857 -0.436518 6

1.66372 -0.0873035 6
1.66372 0.261911 6
1.96614 0.0873035 6

-1.36057 0.960339 6
-1.663 0.785732 6
-1.663 1.13495 6

-2.26785 0.0873035 6
-1.96542 -0.0873035 6
-2.26785 -0.261911 6

-1.05814 -1.65877 6
-1.05814 -2.00798 6
-1.36057 -1.83337 6

-0.150855 -1.83337 6
0.151574 -1.65877 6
0.151574 -2.00798 6

2.26857 -0.0873035 6
1.96614 0.0873035 6
2.26857 0.261911 6

0.151574 1.83337 6
-0.150855 1.65877 6
-0.150855 2.00798 6

-0.755711 -2.18259 6
-0.453283 -2.00798 6
-0.453283 -2.3572 6

1.36129 -0.960339 6
1.66372 -0.785732 6
1.66372 -1.13495 6

-1.96542 0.261911 6
-2.26785 0.0873035 6
-2.26785 0.436518 6

-1.663 -0.261911 6
-1.663 -0.611125 6
-1.96542 -0.436518 6

1.05886 2.00798 6
0.75643 1.83337 6
0.75643 2.18259 6

-1.36057 1.65877 6
-1.36057 1.30955 6
-1.663 1.48416 6

0.75643 2.18259 6
0.454002 2.00798 6
0.454002 2.3572 6

-1.36057 -1.13495 6
-1.05814 -1.30955 6
-1.36057 -1.48416 6

-0.755711 1.65877 6
-1.05814 1.48416 6
-1.05814 1.83337 6

1.66372 0.960339 6
1.36129 1.13495 6
1.66372 1.30955 6

0.151574 -2.00798 6
0.454002 -2.18259 6
0.151574 -2.3572 6

0.454002 -1.83337 6
0.75643 -2.00798 6
0.454002 -2.18259 6

1.36129 1.13495 6
1.05886 1.30955 6
1.36129 1.48416 6

-1.663 0.785732 6
-1.663 0.436518 6
-1.96542 0.611125 6

-2.26785 -0.261911 6
-1.96542 -0.436518 6
-2.26785 -0.611125 6

0.75643 -1.65877 6
1.05886 -1.83337 6
0.75643 -2.00798 6

1.66372 0.261911 6
1.66372 0.611125 6
1.96614 0.436518 6

-1.663 1.48416 6
-1.663 1.13495 6
-1.96542 1.30955 6

-0.150855 2.00798 6
-0.453283 2.18259 6
-0.150855 2.3572 6

-0.453283 -1.65877 6
-0.150855 -1.83337 6
-0.453283 -2.00798 6

-1.05814 -2.00798 6
-0.755711 -1.83337 6
-0.755711 -2.18259 6

1.66372 -1.48416 6
1.66372 -1.13495 6
1.96614 -1.30955 6

2.26857 0.261911 6
1.96614 0.436518 6
2.26857 0.611125 6

0.454002 1.65877 6
0.151574 1.83337 6
0.454002 2.00798 6

0.151574 -2.00798 6
0.454002 -1.83337 6
0.454002 -2.18259 6

1.66372 -0.785732 6
1.66372 -0.436518 6
1.96614 -0.611125 6

-1.96542 0.611125 6
-2.26785 0.436518 6
-2.26785 0.785732 6

-1.663 -0.611125 6
-1.663 -0.960339 6
-1.96542 -0.785732 6

-1.663 -0.960339 6
-1.36057 -1.13495 6
-1.663 -1.30955 6

-1.05814 -1.65877 6
-0.755711 -1.83337 6
-1.05814 -2.00798 6

1.96614 -0.611125 6
2.26857 -0.436518 6
2.26857 -0.785732 6

-0.755711 1.65877 6
-1.05814 1.83337 6
-0.755711 2.00798 6

0.454002 -1.83337 6
0.75643 -1.65877 6
0.75643 -2.00798 6

0.75643 -1.65877 6
1.05886 -1.48416 6
1.05886 -1.83337 6

1.36129 1.48416 6
1.36129 1.83337 6
1.66372 1.65877 6

0.151574 1.83337 6
-0.150855 2.00798 6
0.151574 2.18259 6

-1.05814 1.48416 6
-1.36057 1.30955 6
-1.36057 1.65877 6

1.66372 0.611125 6
1.66372 0.960339 6
1.96614 0.785732 6

-1.05814 1.83337 6
-1.36057 2.00798 6
-1.05814 2.18259 6

-1.663 1.13495 6
-1.663 0.785732 6
-1.96542 0.960339 6

1.96614 -0.960339 6
2.26857 -0.785732 6
2.26857 -1.13495 6

-0.453283 1.83337 6
-0.755711 1.65877 6
-0.755711 2.00798 6

-0.150855 -1.83337 6
0.151574 -2.00798 6
-0.150855 -2.18259 6

1.05886 -2.18259 6
1.05886 -1.83337 6
1.36129 -2.00798 6

1.05886 -1.48416 6
1.36129 -1.30955 6
1.36129 -1.65877 6

-1.36057 1.30955 6
-1.663 1.13495 6
-1.663 1.48416 6

1.66372 1.30955 6
1.66372 1.65877 6
1.96614 1.48416 6

-0.453283 -2.3572 6
-0.150855 -2.18259 6
-0.150855 -2.5318 6

-1.663 -1.30955 6
-1.663 -1.65877 6
-1.96542 -1.48416 6

1.36129 -1.30955 6
1.66372 -1.13495 6
1.66372 -1.48416 6

2.26857 0.611125 6
1.96614 0.785732 6
2.26857 0.960339 6

-0.453283 2.18259 6
-0.755711 2.3572 6
-0.453283 2.5318 6

1.66372 -1.83337 6
1.66372 -1.48416 6
1.96614 -1.65877 6

1.66372 -1.13495 6
1.66372 -0.785732 6
1.96614 -0.960339 6

-1.663 1.83337 6
-1.663 1.48416 6
-1.96542 1.65877 6

-1.96542 0.960339 6
-2.26785 0.785732 6
-2.26785 1.13495 6

0.454002 2.3572 6
0.151574 2.18259 6
0.151574 2.5318 6

-0.150855 2.00798 6
-0.453283 1.83337 6
-0.453283 2.18259 6

-1.96542 -1.13495 6
-1.96542 -1.48416 6
-2.26785 -1.30955 6

-1.96542 0.261911 6
-1.96542 -0.0873035 6
-2.26785 0.0873035 6

1.36129 -2.00798 6
1.36129 -1.65877 6
1.66372 -1.83337 6

0.151574 2.18259 6
-0.150855 2.00798 6
-0.150855 2.3572 6

-1.36057 2.00798 6
-1.36057 1.65877 6
-1.663 1.83337 6

-2.26785 -0.611125 6
-1.96542 -0.785732 6
-2.26785 -0.960339 6

-1.96542 -0.785732 6
-1.663 -0.960339 6
-1.96542 -1.13495 6

-0.150855 -2.18259 6
0.151574 -2.00798 6
0.151574 -2.3572 6

-1.36057 -1.48416 6
-1.36057 -1.83337 6
-1.663 -1.65877 6

1.36129 1.48416 6
1.05886 1.65877 6
1.36129 1.83337 6

1.96614 -0.611125 6
1.96614 -0.261911 6
2.26857 -0.436518 6

1.05886 1.65877 6
0.75643 1.83337 6
1.05886 2.00798 6

1.36129 1.83337 6
1.36129 2.18259 6
1.66372 2.00798 6

1.66372 0.960339 6
1.66372 1.30955 6
1.96614 1.13495 6

-1.36057 -2.18259 6
-1.05814 -2.00798 6
-1.05814 -2.3572 6

1.96614 -0.261911 6
1.96614 0.0873035 6
2.26857 -0.0873035 6

-2.26785 0.0873035 6
-2.57028 -0.0873035 6
-2.57028 0.261911 6

-1.96542 -0.0873035 6
-1.96542 -0.436518 6
-2.26785 -0.261911 6

-1.36057 -1.48416 6
-1.05814 -1.65877 6
-1.36057 -1.83337 6

2.26857 -0.0873035 6
2.571 0.0873035 6
2.571 -0.261911 6

2.26857 0.960339 6
1.96614 1.13495 6
2.26857 1.30955 6

1.36129 2.18259 6
1.05886 2.00798 6
1.05886 2.3572 6

1.66372 1.30955 6
1.36129 1.48416 6
1.66372 1.65877 6

1.96614 0.0873035 6
1.96614 0.436518 6
2.26857 0.261911 6

-1.96542 0.611125 6
-1.96542 0.261911 6
-2.26785 0.436518 6

-2.57028 -0.0873035 6
-2.26785 -0.261911 6
-2.57028 -0.436518 6

-1.663 -1.65877 6
-1.663 -2.00798 6
-1.96542 -1.83337 6

-0.755711 -1.83337 6
-0.453283 -2.00798 6
-0.755711 -2.18259 6

2.571 0.0873035 6
2.26857 0.261911 6
2.571 0.436518 6

0.75643 1.83337 6
0.454002 2.00798 6
0.75643 2.18259 6

2.26857 -0.785732 6
2.571 -0.611125 6
2.571 -0.960339 6

1.66372 -1.13495 6
1.96614 -0.960339 6
1.96614 -1.30955 6

-2.26785 0.436518 6
-2.57028 0.261911 6
-2.57028 0.611125 6

-1.96542 -0.436518 6
-1.96542 -0.785732 6
-2.26785 -0.611125 6

-1.663 -1.30955 6
-1.36057 -1.48416 6
-1.663 -1.65877 6

-0.755711 -2.5318 6
-0.453283 -2.3572 6
-0.453283 -2.70641 6

2.26857 -0.436518 6
2.571 -0.261911 6
2.571 -0.611125 6

1.05886 2.3572 6
0.75643 2.18259 6
0.75643 2.5318 6

0.454002 -2.18259 6
0.75643 -2.3572 6
0.454002 -2.5318 6

1.96614 0.436518 6
1.96614 0.785732 6
2.26857 0.611125 6

-1.663 1.13495 6
-1.96542 0.960339 6
-1.96542 1.30955 6

-1.96542 0.960339 6
-1.96542 0.611125 6
-2.26785 0.785732 6

-0.150855 2.3572 6
-0.453283 2.5318 6
-0.150855 2.70641 6

-1.05814 1.83337 6
-1.36057 1.65877 6
-1.36057 2.00798 6

0.151574 -2.3572 6
0.454002 -2.5318 6
0.151574 -2.70641 6

-0.453283 -2.00798 6
-0.150855 -2.18259 6
-0.453283 -2.3572 6

0.75643 -2.00798 6
1.05886 -2.18259 6
0.75643 -2.3572 6

-1.96542 1.65877 6
-1.96542 1.30955 6
-2.26785 1.48416 6

1.96614 1.13495 6
1.66372 1.30955 6
1.96614 1.48416 6

-2.57028 -0.436518 6
-2.26785 -0.611125 6
-2.57028 -0.785732 6

-1.36057 -1.83337 6
-1.36057 -2.18259 6
-1.663 -2.00798 6

1.96614 -1.65877 6
1.96614 -1.30955 6
2.26857 -1.48416 6

2.571 0.436518 6
2.26857 0.611125 6
2.571 0.785732 6

0.454002 2.00798 6
0.151574 2.18259 6
0.454002 2.3572 6

0.75643 -2.00798 6
1.05886 -1.83337 6
1.05886 -2.18259 6

1.96614 -0.960339 6
1.96614 -0.611125 6
2.26857 -0.785732 6

-0.755711 2.00798 6
-1.05814 2.18259 6
-0.755711 2.3572 6

-2.26785 0.785732 6
-2.57028 0.611125 6
-2.57028 0.960339 6

0.75643 2.5318 6
0.454002 2.3572 6
0.454002 2.70641 6

-0.755711 2.00798 6
-1.05814 1.83337 6
-1.05814 2.18259 6

2.26857 -1.13495 6
2.571 -0.960339 6
2.571 -1.30955 6

-1.36057 -1.83337 6
-1.05814 -2.00798 6
-1.36057 -2.18259 6

1.05886 -1.83337 6
1.36129 -1.65877 6
1.36129 -2.00798 6

1.66372 1.65877 6
1.66372 2.00798 6
1.96614 1.83337 6

-1.36057 1.65877 6
-1.663 1.48416 6
-1.663 1.83337 6

-1.96542 -0.785732 6
-1.96542 -1.13495 6
-2.26785 -0.960339 6

-1.96542 -1.13495 6
-1.663 -1.30955 6
-1.96542 -1.48416 6

1.05886 -2.18259 6
1.36129 -2.3572 6
1.05886 -2.5318 6

0.454002 -2.18259 6
0.75643 -2.00798 6
0.75643 -2.3572 6

-1.96542 2.00798 6
-1.96542 1.65877 6
-2.26785 1.83337 6

1.36129 -2.3572 6
1.36129 -2.00798 6
1.66372 -2.18259 6

1.96614 0.785732 6
1.96614 1.13495 6
2.26857 0.960339 6

-0.453283 2.18259 6
-0.755711 2.00798 6
-0.755711 2.3572 6

-1.96542 1.30955 6
-1.96542 0.960339 6
-2.26785 1.13495 6

-1.36057 2.3572 6
-1.36057 2.00798 6
-1.663 2.18259 6

-1.05814 2.18259 6
-1.36057 2.3572 6
-1.05814 2.5318 6

0.151574 -2.3572 6
0.454002 -2.18259 6
0.454002 -2.5318 6

-0.150855 -2.18259 6
0.151574 -2.3572 6
-0.150855 -2.5318 6

1.36129 -1.65877 6
1.66372 -1.48416 6
1.66372 -1.83337 6

-1.663 2.18259 6
-1.663 1.83337 6
-1.96542 2.00798 6

1.66372 1.65877 6
1.36129 1.83337 6
1.66372 2.00798 6

-2.26785 0.0873035 6
-2.26785 -0.261911 6
-2.57028 -0.0873035 6

-1.05814 -2.3572 6
-0.755711 -2.18259 6
-0.755711 -2.5318 6

1.96614 -1.30955 6
1.96614 -0.960339 6
2.26857 -1.13495 6

2.26857 -0.0873035 6
2.26857 0.261911 6
2.571 0.0873035 6

0.151574 2.18259 6
-0.150855 2.3572 6
0.151574 2.5318 6

-0.453283 -2.70641 6
-0.150855 -2.5318 6
-0.150855 -2.88102 6

1.66372 -1.48416 6
1.96614 -1.30955 6
1.96614 -1.65877 6

-2.26785 1.13495 6
-2.57028 0.960339 6
-2.57028 1.30955 6

-2.26785 -0.261911 6
-2.26785 -0.611125 6
-2.57028 -0.436518 6

0.454002 2.70641 6
0.151574 2.5318 6
0.151574 2.88102 6

-1.663 1.48416 6
-1.96542 1.30955 6
-1.96542 1.65877 6

-2.26785 0.436518 6
-2.26785 0.0873035 6
-2.57028 0.261911 6

-1.663 -1.65877 6
-1.36057 -1.83337 6
-1.663 -2.00798 6

-0.150855 2.3572 6
-0.453283 2.18259 6
-0.453283 2.5318 6

-2.57028 0.261911 6
-2.87271 0.0873035 6
-2.87271 0.436518 6

1.96614 1.48416 6
1.96614 1.83337 6
2.26857 1.65877 6

1.96614 -2.00798 6
1.96614 -1.65877 6
2.26857 -1.83337 6

1.36129 1.83337 6
1.05886 2.00798 6
1.36129 2.18259 6

1.36129 2.18259 6
1.36129 2.5318 6
1.66372 2.3572 6

-2.87271 0.0873035 6
-2.57028 -0.0873035 6
-2.87271 -0.261911 6

1.66372 -2.18259 6
1.66372 -1.83337 6
1.96614 -2.00798 6

2.26857 0.261911 6
2.26857 0.611125 6
2.571 0.436518 6

-1.05814 -2.00798 6
-0.755711 -2.18259 6
-1.05814 -2.3572 6

0.75643 2.18259 6
0.454002 2.3572 6
0.75643 2.5318 6

-0.755711 -2.18259 6
-0.453283 -2.3572 6
-0.755711 -2.5318 6

-1.96542 -1.83337 6
-1.96542 -2.18259 6
-2.26785 -2.00798 6

2.571 -0.261911 6
2.87343 -0.0873035 6
2.87343 -0.436518 6

2.87343 -0.0873035 6
2.571 0.0873035 6
2.87343 0.261911 6

1.05886 2.00798 6
0.75643 2.18259 6
1.05886 2.3572 6

2.571 1.13495 6
2.26857 1.30955 6
2.571 1.48416 6

2.26857 -0.436518 6
2.26857 -0.0873035 6
2.571 -0.261911 6

-2.26785 0.785732 6
-2.26785 0.436518 6
-2.57028 0.611125 6

-2.57028 -0.785732 6
-2.26785 -0.960339 6
-2.57028 -1.13495 6

-1.96542 -1.48416 6
-1.96542 -1.83337 6
-2.26785 -1.65877 6

-1.36057 -2.5318 6
-1.05814 -2.3572 6
-1.05814 -2.70641 6

2.26857 -0.785732 6
2.26857 -0.436518 6
2.571 -0.611125 6

0.151574 2.5318 6
-0.150855 2.3572 6
-0.150855 2.70641 6

-1.663 -2.00798 6
-1.663 -2.3572 6
-1.96542 -2.18259 6

2.571 0.785732 6
2.26857 0.960339 6
2.571 1.13495 6

-2.87271 -0.261911 6
-2.57028 -0.436518 6
-2.87271 -0.611125 6

-2.26785 -0.960339 6
-1.96542 -1.13495 6
-2.26785 -1.30955 6

1.96614 1.13495 6
1.96614 1.48416 6
2.26857 1.30955 6

1.66372 2.00798 6
1.66372 2.3572 6
1.96614 2.18259 6

-1.05814 2.18259 6
-1.36057 2.00798 6
-1.36057 2.3572 6

-2.26785 -0.611125 6
-2.26785 -0.960339 6
-2.57028 -0.785732 6

-0.150855 -2.5318 6
0.151574 -2.3572 6
0.151574 -2.70641 6

2.87343 0.261911 6
2.571 0.436518 6
2.87343 0.611125 6

1.96614 1.48416 6
1.66372 1.65877 6
1.96614 1.83337 6

1.36129 2.5318 6
1.05886 2.3572 6
1.05886 2.70641 6

2.87343 0.611125 6
2.571 0.785732 6
2.87343 0.960339 6

1.96614 -1.30955 6
2.26857 -1.13495 6
2.26857 -1.48416 6

-2.57028 0.611125 6
-2.87271 0.436518 6
-2.87271 0.785732 6

-2.26785 -1.30955 6
-2.26785 -1.65877 6
-2.57028 -1.48416 6

-1.96542 -1.48416 6
-1.663 -1.65877 6
-1.96542 -1.83337 6

-1.05814 -2.70641 6
-0.755711 -2.5318 6
-0.755711 -2.88102 6

2.571 -0.611125 6
2.87343 -0.436518 6
2.87343 -0.785732 6

1.05886 2.70641 6
0.75643 2.5318 6
0.75643 2.88102 6

0.454002 -2.5318 6
0.75643 -2.70641 6
0.454002 -2.88102 6

2.26857 0.611125 6
2.26857 0.960339 6
2.571 0.785732 6

-1.96542 1.30955 6
-2.26785 1.13495 6
-2.26785 1.48416 6

-2.26785 1.13495 6
-2.26785 0.785732 6
-2.57028 0.960339 6

-0.150855 2.70641 6
-0.453283 2.88102 6
-0.150855 3.05562 6

-0.453283 2.5318 6
-0.755711 2.70641 6
-0.453283 2.88102 6

-1.663 2.5318 6
-1.663 2.18259 6
-1.96542 2.3572 6

-0.453283 -2.3572 6
-0.150855 -2.5318 6
-0.453283 -2.70641 6

0.75643 -2.3572 6
1.05886 -2.5318 6
0.75643 -2.70641 6

-1.36057 2.3572 6
-1.663 2.5318 6
-1.36057 2.70641 6

-0.755711 2.3572 6
-1.05814 2.5318 6
-0.755711 2.70641 6

-2.26785 1.83337 6
-2.26785 1.48416 6
-2.57028 1.65877 6

0.151574 -2.70641 6
0.454002 -2.88102 6
0.151574 -3.05562 6

1.05886 -2.18259 6
1.36129 -2.00798 6
1.36129 -2.3572 6

2.26857 1.30955 6
1.96614 1.48416 6
2.26857 1.65877 6

-2.87271 -0.611125 6
-2.57028 -0.785732 6
-2.87271 -0.960339 6

0.454002 2.3572 6
0.151574 2.5318 6
0.454002 2.70641 6

-1.36057 2.00798 6
-1.663 1.83337 6
-1.663 2.18259 6

0.75643 2.88102 6
0.454002 2.70641 6
0.454002 3.05562 6

-0.755711 2.3572 6
-1.05814 2.18259 6
-1.05814 2.5318 6

-1.36057 -2.18259 6
-1.05814 -2.3572 6
-1.36057 -2.5318 6

0.75643 -2.3572 6
1.05886 -2.18259 6
1.05886 -2.5318 6

2.26857 -1.83337 6
2.26857 -1.48416 6
2.571 -1.65877 6

-0.453283 2.5318 6
-0.755711 2.3572 6
-0.755711 2.70641 6

2.26857 1.65877 6
2.26857 2.00798 6
2.571 1.83337 6

1.36129 -2.70641 6
1.36129 -2.3572 6
1.66372 -2.5318 6

1.36129 -2.00798 6
1.66372 -1.83337 6
1.66372 -2.18259 6

-2.26785 -0.960339 6
-2.26785 -1.30955 6
-2.57028 -1.13495 6

2.26857 -1.13495 6
2.26857 -0.785732 6
2.571 -0.960339 6

-0.755711 -2.88102 6
-0.453283 -2.70641 6
-0.453283 -3.05562 6

-2.57028 0.960339 6
-2.87271 0.785732 6
-2.87271 1.13495 6

1.05886 -2.5318 6
1.36129 -2.70641 6
1.05886 -2.88102 6

-2.26785 -1.30955 6
-1.96542 -1.48416 6
-2.26785 -1.65877 6

1.66372 -2.5318 6
1.66372 -2.18259 6
1.96614 -2.3572 6

2.571 -0.960339 6
2.87343 -0.785732 6
2.87343 -1.13495 6

-1.663 1.83337 6
-1.96542 1.65877 6
-1.96542 2.00798 6

-0.150855 -2.5318 6
0.151574 -2.70641 6
-0.150855 -2.88102 6

-1.05814 2.5318 6
-1.36057 2.70641 6
-1.05814 2.88102 6

-2.26785 -1.65877 6
-2.26785 -2.00798 6
-2.57028 -1.83337 6

0.454002 -2.5318 6
0.75643 -2.3572 6
0.75643 -2.70641 6

1.66372 -1.83337 6
1.96614 -1.65877 6
1.96614 -2.00798 6

2.87343 -0.0873035 6
3.17586 0.0873035 6
3.17586 -0.261911 6

-2.57028 0.261911 6
-2.57028 -0.0873035 6
-2.87271 0.0873035 6

1.96614 1.83337 6
1.96614 2.18259 6
2.26857 2.00798 6

-1.96542 2.3572 6
-1.96542 2.00798 6
-2.26785 2.18259 6

2.26857 0.960339 6
2.26857 1.30955 6
2.571 1.13495 6

-0.755711 2.70641 6
-1.05814 2.88102 6
-0.755711 3.05562 6

-2.87271 -0.960339 6
-2.57028 -1.13495 6
-2.87271 -1.30955 6

-1.36057 -2.18259 6
-1.36057 -2.5318 6
-1.663 -2.3572 6

2.26857 -1.48416 6
2.26857 -1.13495 6
2.571 -1.30955 6

2.87343 0.960339 6
2.571 1.13495 6
2.87343 1.30955 6

1.36129 2.18259 6
1.05886 2.3572 6
1.36129 2.5318 6

-2.26785 -2.00798 6
-2.26785 -2.3572 6
-2.57028 -2.18259 6

2.571 -0.261911 6
2.571 0.0873035 6
2.87343 -0.0873035 6

-2.87271 0.0873035 6
-3.17514 -0.0873035 6
-3.17514 0.261911 6

-2.57028 -0.0873035 6
-2.57028 -0.436518 6
-2.87271 -0.261911 6

1.36129 2.88102 6
1.05886 2.70641 6
1.05886 3.05562 6

-2.26785 1.48416 6
-2.26785 1.13495 6
-2.57028 1.30955 6

-1.05814 -2.3572 6
-0.755711 -2.5318 6
-1.05814 -2.70641 6

-1.663 -2.00798 6
-1.36057 -2.18259 6
-1.663 -2.3572 6

0.151574 -2.70641 6
0.454002 -2.5318 6
0.454002 -2.88102 6

2.87343 -0.436518 6
3.17586 -0.261911 6
3.17586 -0.611125 6

1.66372 2.70641 6
1.36129 2.5318 6
1.36129 2.88102 6

0.151574 2.5318 6
-0.150855 2.70641 6
0.151574 2.88102 6

-2.57028 0.611125 6
-2.57028 0.261911 6
-2.87271 0.436518 6

1.66372 2.00798 6
1.36129 2.18259 6
1.66372 2.3572 6

-0.453283 -3.05562 6
-0.150855 -2.88102 6
-0.150855 -3.23023 6

1.96614 -1.65877 6
2.26857 -1.48416 6
2.26857 -1.83337 6

2.571 0.0873035 6
2.571 0.436518 6
2.87343 0.261911 6

-2.57028 1.30955 6
-2.87271 1.13495 6
-2.87271 1.48416 6

0.454002 3.05562 6
0.151574 2.88102 6
0.151574 3.23023 6

-3.17514 -0.0873035 6
-2.87271 -0.261911 6
-3.17514 -0.436518 6

-1.663 -2.3572 6
-1.663 -2.70641 6
-1.96542 -2.5318 6

2.571 -1.30955 6
2.87343 -1.13495 6
2.87343 -1.48416 6

3.17586 0.0873035 6
2.87343 0.261911 6
3.17586 0.436518 6

1.05886 2.3572 6
0.75643 2.5318 6
1.05886 2.70641 6

0.75643 -2.70641 6
1.05886 -2.88102 6
0.75643 -3.05562 6

2.571 -0.611125 6
2.571 -0.261911 6
2.87343 -0.436518 6

-1.96542 1.65877 6
-2.26785 1.48416 6
-2.26785 1.83337 6

-2.87271 0.436518 6
-3.17514 0.261911 6
-3.17514 0.611125 6

0.75643 2.5318 6
0.454002 2.70641 6
0.75643 2.88102 6

-0.150855 2.70641 6
-0.453283 2.5318 6
-0.453283 2.88102 6

2.26857 1.30955 6
2.26857 1.65877 6
2.571 1.48416 6

-0.755711 -2.5318 6
-0.453283 -2.70641 6
-0.755711 -2.88102 6

1.96614 -2.3572 6
1.96614 -2.00798 6
2.26857 -2.18259 6

1.96614 1.83337 6
1.66372 2.00798 6
1.96614 2.18259 6

-3.17514 -0.436518 6
-2.87271 -0.611125 6
-3.17514 -0.785732 6

-2.57028 -0.436518 6
-2.57028 -0.785732 6
-2.87271 -0.611125 6

-1.96542 -1.83337 6
-1.663 -2.00798 6
-1.96542 -2.18259 6

-1.96542 -2.18259 6
-1.96542 -2.5318 6
-2.26785 -2.3572 6

2.571 -0.960339 6
2.571 -0.611125 6
2.87343 -0.785732 6

2.26857 2.00798 6
2.26857 2.3572 6
2.571 2.18259 6

-2.57028 -1.13495 6
-2.26785 -1.30955 6
-2.57028 -1.48416 6

2.571 0.436518 6
2.571 0.785732 6
2.87343 0.611125 6

1.05886 3.05562 6
0.75643 2.88102 6
0.75643 3.23023 6

0.454002 -2.88102 6
0.75643 -3.05562 6
0.454002 -3.23023 6

3.17586 0.436518 6
2.87343 0.611125 6
3.17586 0.785732 6

-0.453283 2.88102 6
-0.755711 3.05562 6
-0.453283 3.23023 6

-2.26785 2.18259 6
-2.26785 1.83337 6
-2.57028 2.00798 6

-2.57028 0.960339 6
-2.57028 0.611125 6
-2.87271 0.785732 6

-2.57028 -0.785732 6
-2.57028 -1.13495 6
-2.87271 -0.960339 6

-1.36057 -2.88102 6
-1.05814 -2.70641 6
-1.05814 -3.05562 6

2.26857 1.65877 6
1.96614 1.83337 6
2.26857 2.00798 6

1.66372 2.3572 6
1.36129 2.5318 6
1.66372 2.70641 6

-1.663 2.88102 6
-1.663 2.5318 6
-1.96542 2.70641 6

2.26857 -2.18259 6
2.26857 -1.83337 6
2.571 -2.00798 6

-2.87271 0.785732 6
-3.17514 0.611125 6
-3.17514 0.960339 6

-2.57028 -1.48416 6
-2.57028 -1.83337 6
-2.87271 -1.65877 6

-2.26785 -1.65877 6
-1.96542 -1.83337 6
-2.26785 -2.00798 6

-1.05814 -3.05562 6
-0.755711 -2.88102 6
-0.755711 -3.23023 6

1.05886 -2.5318 6
1.36129 -2.3572 6
1.36129 -2.70641 6

-1.36057 2.3572 6
-1.663 2.18259 6
-1.663 2.5318 6

0.75643 -2.70641 6
1.05886 -2.5318 6
1.05886 -2.88102 6

-1.05814 2.5318 6
-1.36057 2.3572 6
-1.36057 2.70641 6

-0.150855 -2.88102 6
0.151574 -2.70641 6
0.151574 -3.05562 6

2.87343 -0.785732 6
3.17586 -0.611125 6
3.17586 -0.960339 6

1.36129 -2.3572 6
1.66372 -2.18259 6
1.66372 -2.5318 6

1.05886 -2.88102 6
1.36129 -3.05562 6
1.05886 -3.23023 6

2.571 1.48416 6
2.26857 1.65877 6
2.571 1.83337 6

2.87343 1.30955 6
2.571 1.48416 6
2.87343 1.65877 6

2.571 0.785732 6
2.571 1.13495 6
2.87343 0.960339 6

-2.26785 1.48416 6
-2.57028 1.30955 6
-2.57028 1.65877 6

-1.36057 2.70641 6
-1.663 2.88102 6
-1.36057 3.05562 6

-2.57028 1.30955 6
-2.57028 0.960339 6
-2.87271 1.13495 6

3.17586 0.785732 6
2.87343 0.960339 6
3.17586 1.13495 6

0.151574 2.88102 6
-0.150855 2.70641 6
-0.150855 3.05562 6

-0.453283 -2.70641 6
-0.150855 -2.88102 6
-0.453283 -3.05562 6

2.26857 -1.48416 6
2.571 -1.30955 6
2.571 -1.65877 6

1.36129 -2.70641 6
1.66372 -2.88102 6
1.36129 -3.05562 6

2.571 -2.00798 6
2.571 -1.65877 6
2.87343 -1.83337 6

-1.663 2.18259 6
-1.96542 2.00798 6
-1.96542 2.3572 6

-2.57028 2.00798 6
-2.57028 1.65877 6
-2.87271 1.83337 6

-0.150855 3.05562 6
-0.453283 3.23023 6
-0.150855 3.40484 6

-0.755711 2.70641 6
-1.05814 2.5318 6
-1.05814 2.88102 6

2.87343 -1.13495 6
3.17586 -0.960339 6
3.17586 -1.30955 6

0.151574 -3.05562 6
0.454002 -3.23023 6
0.151574 -3.40484 6

1.66372 -2.18259 6
1.96614 -2.00798 6
1.96614 -2.3572 6

-0.453283 2.88102 6
-0.755711 2.70641 6
-0.755711 3.05562 6

-1.96542 2.70641 6
-1.96542 2.3572 6
-2.26785 2.5318 6

-0.755711 -3.23023 6
-0.453283 -3.05562 6
-0.453283 -3.40484 6

-1.663 -2.70641 6
-1.36057 -2.5318 6
-1.36057 -2.88102 6

0.454002 -2.88102 6
0.75643 -2.70641 6
0.75643 -3.05562 6

2.26857 -2.5318 6
2.26857 -2.18259 6
2.571 -2.3572 6

0.454002 2.70641 6
0.151574 2.88102 6
0.454002 3.05562 6

1.36129 -2.70641 6
1.66372 -2.5318 6
1.66372 -2.88102 6

2.571 -1.30955 6
2.571 -0.960339 6
2.87343 -1.13495 6

-1.96542 2.00798 6
-2.26785 1.83337 6
-2.26785 2.18259 6

-2.87271 1.13495 6
-3.17514 0.960339 6
-3.17514 1.30955 6

0.75643 3.23023 6
0.454002 3.05562 6
0.454002 3.40484 6

-1.05814 2.88102 6
-1.36057 3.05562 6
-1.05814 3.23023 6

2.26857 2.00798 6
1.96614 2.18259 6
2.26857 2.3572 6

-3.17514 -0.785732 6
-2.87271 -0.960339 6
-3.17514 -1.13495 6

1.96614 -2.00798 6
2.26857 -1.83337 6
2.26857 -2.18259 6

1.66372 2.3572 6
1.66372 2.70641 6
1.96614 2.5318 6

-2.87271 0.0873035 6
-2.87271 -0.261911 6
-3.17514 -0.0873035 6

-2.57028 -1.13495 6
-2.57028 -1.48416 6
-2.87271 -1.30955 6

-2.57028 -1.48416 6
-2.26785 -1.65877 6
-2.57028 -1.83337 6

-1.663 -2.70641 6
-1.663 -3.05562 6
-1.96542 -2.88102 6

2.26857 2.3572 6
2.26857 2.70641 6
2.571 2.5318 6

-0.755711 3.05562 6
-1.05814 3.23023 6
-0.755711 3.40484 6

-3.17514 -1.13495 6
-2.87271 -1.30955 6
-3.17514 -1.48416 6

2.571 1.13495 6
2.571 1.48416 6
2.87343 1.30955 6

-2.26785 2.5318 6
-2.26785 2.18259 6
-2.57028 2.3572 6

-1.36057 -2.5318 6
-1.05814 -2.70641 6
-1.36057 -2.88102 6

-1.663 -2.3572 6
-1.36057 -2.5318 6
-1.663 -2.70641 6

2.87343 -0.436518 6
2.87343 -0.0873035 6
3.17586 -0.261911 6

2.87343 -0.0873035 6
2.87343 0.261911 6
3.17586 0.0873035 6

1.96614 2.18259 6
1.96614 2.5318 6
2.26857 2.3572 6

1.96614 2.18259 6
1.66372 2.3572 6
1.96614 2.5318 6

2.87343 0.261911 6
2.87343 0.611125 6
3.17586 0.436518 6

-2.87271 0.436518 6
-2.87271 0.0873035 6
-3.17514 0.261911 6

-3.47757 0.0873035 6
-3.17514 -0.0873035 6
-3.47757 -0.261911 6

-2.87271 -0.261911 6
-2.87271 -0.611125 6
-3.17514 -0.436518 6

-1.05814 -2.70641 6
-0.755711 -2.88102 6
-1.05814 -3.05562 6

3.47829 -0.0873035 6
3.17586 0.0873035 6
3.47829 0.261911 6

1.36129 2.5318 6
1.05886 2.70641 6
1.36129 2.88102 6

3.47829 0.611125 6
3.17586 0.785732 6
3.47829 0.960339 6

2.571 -1.65877 6
2.571 -1.30955 6
2.87343 -1.48416 6

-3.17514 0.261911 6
-3.47757 0.0873035 6
-3.47757 0.436518 6

-2.57028 -1.83337 6
-2.57028 -2.18259 6
-2.87271 -2.00798 6

-1.96542 -2.18259 6
-1.663 -2.3572 6
-1.96542 -2.5318 6

-1.663 -3.05562 6
-1.36057 -2.88102 6
-1.36057 -3.23023 6

3.17586 -0.611125 6
3.47829 -0.436518 6
3.47829 -0.785732 6

1.36129 3.23023 6
1.05886 3.05562 6
1.05886 3.40484 6

0.151574 -3.05562 6
0.454002 -2.88102 6
0.454002 -3.23023 6

2.87343 0.611125 6
2.87343 0.960339 6
3.17586 0.785732 6

-2.87271 0.785732 6
-2.87271 0.436518 6
-3.17514 0.611125 6

-3.47757 -0.261911 6
-3.17514 -0.436518 6
-3.47757 -0.611125 6

2.571 1.83337 6
2.571 2.18259 6
2.87343 2.00798 6

-2.57028 1.65877 6
-2.57028 1.30955 6
-2.87271 1.48416 6

0.75643 -3.05562 6
1.05886 -3.23023 6
0.75643 -3.40484 6

-1.96542 -2.5318 6
-1.96542 -2.88102 6
-2.26785 -2.70641 6

-0.150855 -2.88102 6
0.151574 -3.05562 6
-0.150855 -3.23023 6

0.454002 3.40484 6
0.151574 3.23023 6
0.151574 3.57944 0

-2.87271 1.48416 6
-3.17514 1.30955 6
-3.17514 1.65877 6

0.151574 2.88102 6
-0.150855 3.05562 6
0.151574 3.23023 6

0.75643 2.88102 6
0.454002 3.05562 6
0.75643 3.23023 6

1.05886 2.70641 6
0.75643 2.88102 6
1.05886 3.05562 6

1.66372 2.70641 6
1.66372 3.05562 6
1.96614 2.88102 6

2.26857 -1.83337 6
2.571 -1.65877 6
2.571 -2.00798 6

2.87343 -0.785732 6
2.87343 -0.436518 6
3.17586 -0.611125 6

-3.17514 0.611125 6
-3.47757 0.436518 6
-3.47757 0.785732 6

-2.26785 1.83337 6
-2.57028 1.65877 6
-2.57028 2.00798 6

-0.453283 -3.40484 6
-0.150855 -3.23023 6
-0.150855 -3.57944 0

2.87343 -1.13495 6
2.87343 -0.785732 6
3.17586 -0.960339 6

-0.150855 3.05562 6
-0.453283 2.88102 6
-0.453283 3.23023 6

-0.755711 -2.88102 6
-0.453283 -3.05562 6
-0.755711 -3.23023 6

2.87343 -1.48416 6
3.17586 -1.30955 6
3.17586 -1.65877 6

1.66372 -2.88102 6
1.66372 -2.5318 6
1.96614 -2.70641 6

1.66372 2.70641 6
1.36129 2.88102 6
1.66372 3.05562 6

-2.87271 1.13495 6
-2.87271 0.785732 6
-3.17514 0.960339 6

-2.87271 -0.611125 6
-2.87271 -0.960339 6
-3.17514 -0.785732 6

-2.26785 -2.00798 6
-1.96542 -2.18259 6
-2.26785 -2.3572 6

-2.26785 -2.3572 6
-2.26785 -2.70641 6
-2.57028 -2.5318 6

1.96614 -2.70641 6
1.96614 -2.3572 6
2.26857 -2.5318 6

-0.453283 3.23023 6
-0.755711 3.40484 6
-0.453283 3.57944 0

-3.47757 -0.611125 6
-3.17514 -0.785732 6
-3.47757 -0.960339 6

3.17586 1.13495 6
2.87343 1.30955 6
3.17586 1.48416 6

-2.57028 2.3572 6
-2.57028 2.00798 6
-2.87271 2.18259 6

0.454002 -3.23023 6
0.75643 -3.40484 6
0.454002 -3.57944 0

-2.87271 -1.30955 6
-2.57028 -1.48416 6
-2.87271 -1.65877 6

2.571 -2.3572 6
2.571 -2.00798 6
2.87343 -2.18259 6

-1.36057 -3.23023 6
-1.05814 -3.05562 6
-1.05814 -3.40484 6

-1.663 2.88102 6
-1.96542 3.05562 6
-1.663 3.23023 6

3.47829 0.261911 6
3.17586 0.436518 6
3.47829 0.611125 6

1.66372 3.05562 6
1.36129 2.88102 6
1.36129 3.23023 6

1.05886 3.40484 6
0.75643 3.23023 6
0.75643 3.57944 0

2.571 1.48416 6
2.571 1.83337 6
2.87343 1.65877 6

-3.17514 0.960339 6
-3.47757 0.785732 6
-3.47757 1.13495 6

3.17586 -0.960339 6
3.47829 -0.785732 6
3.47829 -1.13495 6

-1.36057 2.70641 6
-1.663 2.5318 6
-1.663 2.88102 6

-1.663 2.5318 6
-1.96542 2.3572 6
-1.96542 2.70641 6

1.05886 -2.88102 6
1.36129 -2.70641 6
1.36129 -3.05562 6

3.17586 -0.261911 6
3.47829 -0.0873035 6
3.47829 -0.436518 6

2.571 1.83337 6
2.26857 2.00798 6
2.571 2.18259 6

-2.87271 -0.960339 6
-2.87271 -1.30955 6
-3.17514 -1.13495 6

1.36129 -3.05562 6
1.66372 -3.23023 6
1.36129 -3.40484 6

-1.05814 2.88102 6
-1.36057 2.70641 6
-1.36057 3.05562 6

-1.05814 -3.40484 6
-0.755711 -3.23023 6
-0.755711 -3.57944 0

3.17586 -0.261911 6
3.17586 0.0873035 6
3.47829 -0.0873035 6

1.66372 -2.5318 6
1.96614 -2.3572 6
1.96614 -2.70641 6

-1.96542 2.3572 6
-2.26785 2.18259 6
-2.26785 2.5318 6

-1.96542 3.05562 6
-1.96542 2.70641 6
-2.26785 2.88102 6

-2.87271 -1.65877 6
-2.87271 -2.00798 6
-3.17514 -1.83337 6

-2.57028 -1.83337 6
-2.26785 -2.00798 6
-2.57028 -2.18259 6

0.75643 -3.40484 6
1.05886 -3.57944 0
0.75643 -3.75405 0

0.75643 -3.05562 6
1.05886 -2.88102 6
1.05886 -3.23023 6

3.17586 1.48416 6
2.87343 1.65877 6
3.17586 1.83337 6

2.87343 0.960339 6
2.87343 1.30955 6
3.17586 1.13495 6

2.26857 -2.88102 6
2.26857 -2.5318 6
2.571 -2.70641 6

-2.57028 1.65877 6
-2.87271 1.48416 6
-2.87271 1.83337 6

-2.57028 2.70641 6
-2.57028 2.3572 6
-2.87271 2.5318 6

-0.755711 3.05562 6
-1.05814 2.88102 6
-1.05814 3.23023 6

1.96614 2.5318 6
1.66372 2.70641 6
1.96614 2.88102 6

0.151574 -3.40484 6
0.454002 -3.57944 0
0.151574 -3.75405 0

-0.150855 -3.23023 6
0.151574 -3.05562 6
0.151574 -3.40484 6

1.96614 -2.3572 6
2.26857 -2.18259 6
2.26857 -2.5318 6

-0.755711 3.40484 6
-1.05814 3.57944 0
-0.755711 3.75405 0

-2.87271 2.18259 6
-2.87271 1.83337 6
-3.17514 2.00798 6

-2.87271 1.48416 6
-2.87271 1.13495 6
-3.17514 1.30955 6

2.571 -1.65877 6
2.87343 -1.48416 6
2.87343 -1.83337 6

0.151574 3.23023 6
-0.150855 3.05562 6
-0.150855 3.40484 6

0.75643 3.57944 0
0.454002 3.40484 6
0.454002 3.75405 0

-0.453283 -3.05562 6
-0.150855 -3.23023 6
-0.453283 -3.40484 6

2.87343 -2.18259 6
2.87343 -1.83337 6
3.17586 -2.00798 6

0.454002 3.05562 6
0.151574 3.23023 6
0.454002 3.40484 6

-2.26785 2.88102 6
-2.26785 2.5318 6
-2.57028 2.70641 6

-3.17514 0.261911 6
-3.17514 -0.0873035 6
-3.47757 0.0873035 6

-1.663 -2.70641 6
-1.36057 -2.88102 6
-1.663 -3.05562 6

0.454002 -3.23023 6
0.75643 -3.05562 6
0.75643 -3.40484 6

1.36129 -3.05562 6
1.66372 -2.88102 6
1.66372 -3.23023 6

-0.150855 3.40484 6
-0.453283 3.57944 0
-0.150855 3.75405 0

3.47829 -0.0873035 6
3.78071 0.0873035 6
3.78071 -0.261911 6

2.87343 -1.48416 6
2.87343 -1.13495 6
3.17586 -1.30955 6

-3.17514 1.30955 6
-3.47757 1.13495 6
-3.47757 1.48416 6

-3.17514 -0.0873035 6
-3.17514 -0.436518 6
-3.47757 -0.261911 6

-1.96542 -2.5318 6
-1.663 -2.70641 6
-1.96542 -2.88102 6

-0.755711 -3.57944 0
-0.453283 -3.40484 6
-0.453283 -3.75405 0

3.17586 -1.30955 6
3.47829 -1.13495 6
3.47829 -1.48416 6

1.96614 2.5318 6
1.96614 2.88102 6
2.26857 2.70641 6

-1.96542 -3.23023 6
-1.663 -3.05562 6
-1.663 -3.40484 6

3.47829 0.960339 6
3.17586 1.13495 6
3.47829 1.30955 6

-3.47757 0.0873035 6
-3.77999 -0.0873035 6
-3.77999 0.261911 6

-3.47757 -0.960339 6
-3.17514 -1.13495 6
-3.47757 -1.30955 6

1.96614 3.23023 6
1.66372 3.05562 6
1.66372 3.40484 6

-2.26785 2.18259 6
-2.57028 2.00798 6
-2.57028 2.3572 6

-2.26785 -2.3572 6
-1.96542 -2.5318 6
-2.26785 -2.70641 6

-2.57028 -2.18259 6
-2.57028 -2.5318 6
-2.87271 -2.3572 6

-0.453283 3.23023 6
-0.755711 3.05562 6
-0.755711 3.40484 6

-3.47757 0.436518 6
-3.77999 0.261911 6
-3.77999 0.611125 6

-1.96542 -2.88102 6
-1.96542 -3.23023 6
-2.26785 -3.05562 6

2.26857 -2.18259 6
2.571 -2.00798 6
2.571 -2.3572 6

2.571 2.18259 6
2.571 2.5318 6
2.87343 2.3572 6

2.26857 2.70641 6
2.26857 3.05562 6
2.571 2.88102 6

-1.36057 -3.57944 0
-1.05814 -3.40484 6
-1.05814 -3.75405 0

1.66372 -3.23023 6
1.66372 -2.88102 6
1.96614 -3.05562 6

3.17586 0.0873035 6
3.17586 0.436518 6
3.47829 0.261911 6

-3.17514 0.611125 6
-3.17514 0.261911 6
-3.47757 0.436518 6

0.151574 3.23023 6
-0.150855 3.40484 6
0.151574 3.57944 0

-3.77999 -0.0873035 6
-3.47757 -0.261911 6
-3.77999 -0.436518 6

-2.87271 -1.30955 6
-2.87271 -1.65877 6
-3.17514 -1.48416 6

2.571 -2.70641 6
2.571 -2.3572 6
2.87343 -2.5318 6

-2.87271 -1.65877 6
-2.57028 -1.83337 6
-2.87271 -2.00798 6

2.26857 2.3572 6
1.96614 2.5318 6
2.26857 2.70641 6

-1.36057 -2.88102 6
-1.05814 -3.05562 6
-1.36057 -3.23023 6

1.96614 -3.05562 6
1.96614 -2.70641 6
2.26857 -2.88102 6

3.78071 0.0873035 6
3.47829 0.261911 6
3.78071 0.436518 6

1.36129 2.88102 6
1.05886 3.05562 6
1.36129 3.23023 6

2.87343 2.00798 6
2.87343 2.3572 6
3.17586 2.18259 6

2.87343 1.65877 6
2.571 1.83337 6
2.87343 2.00798 6

2.571 2.18259 6
2.26857 2.3572 6
2.571 2.5318 6

2.87343 1.30955 6
2.87343 1.65877 6
3.17586 1.48416 6

-3.17514 -0.436518 6
-3.17514 -0.785732 6
-3.47757 -0.611125 6

3.17586 -0.611125 6
3.17586 -0.261911 6
3.47829 -0.436518 6

-2.57028 2.00798 6
-2.87271 1.83337 6
-2.87271 2.18259 6

-3.17514 -0.785732 6
-3.17514 -1.13495 6
-3.47757 -0.960339 6

-2.57028 -2.18259 6
-2.26785 -2.3572 6
-2.57028 -2.5318 6

3.47829 -0.436518 6
3.78071 -0.261911 6
3.78071 -0.611125 6

3.47829 1.30955 6
3.17586 1.48416 6
3.47829 1.65877 6

1.36129 3.57944 0
1.05886 3.40484 6
1.05886 3.75405 0

-3.17514 1.65877 6
-3.47757 1.48416 6
-3.47757 1.83337 6

3.17586 0.436518 6
3.17586 0.785732 6
3.47829 0.611125 6

-3.17514 0.960339 6
-3.17514 0.611125 6
-3.47757 0.785732 6

-3.77999 -0.436518 6
-3.47757 -0.611125 6
-3.77999 -0.785732 6

-2.26785 -2.70641 6
-2.26785 -3.05562 6
-2.57028 -2.88102 6

-1.05814 -3.05562 6
-0.755711 -3.23023 6
-1.05814 -3.40484 6

3.78071 0.436518 6
3.47829 0.611125 6
3.78071 0.785732 6

1.05886 3.05562 6
0.75643 3.23023 6
1.05886 3.40484 6

-0.150855 -3.23023 6
0.151574 -3.40484 6
-0.150855 -3.57944 0

3.17586 -0.960339 6
3.17586 -0.611125 6
3.47829 -0.785732 6

-2.87271 1.83337 6
-2.87271 1.48416 6
-3.17514 1.65877 6

-3.47757 0.785732 6
-3.77999 0.611125 6
-3.77999 0.960339 6

-0.755711 -3.23023 6
-0.453283 -3.40484 6
-0.755711 -3.57944 0

3.17586 0.785732 6
3.17586 1.13495 6
3.47829 0.960339 6

0.454002 3.75405 0
0.151574 3.57944 0
0.151574 3.92866 0

-0.150855 3.40484 6
-0.453283 3.23023 6
-0.453283 3.57944 0

-0.453283 -3.75405 0
-0.150855 -3.57944 0
-0.150855 -3.92866 0

2.87343 -1.83337 6
2.87343 -1.48416 6
3.17586 -1.65877 6

1.96614 2.88102 6
1.96614 3.23023 6
2.26857 3.05562 6

-3.47757 -1.30955 6
-3.17514 -1.48416 6
-3.47757 -1.65877 6

1.96614 2.88102 6
1.66372 3.05562 6
1.96614 3.23023 6

-1.36057 3.05562 6
-1.663 3.23023 6
-1.36057 3.40484 6

-1.05814 3.23023 6
-1.36057 3.40484 6
-1.05814 3.57944 0

-2.87271 -2.00798 6
-2.87271 -2.3572 6
-3.17514 -2.18259 6

-1.663 2.88102 6
-1.96542 2.70641 6
-1.96542 3.05562 6

-2.87271 2.5318 6
-2.87271 2.18259 6
-3.17514 2.3572 6

0.454002 -3.57944 0
0.75643 -3.75405 0
0.454002 -3.92866 0

0.151574 -3.40484 6
0.454002 -3.23023 6
0.454002 -3.57944 0

-1.05814 -3.75405 0
-0.755711 -3.57944 0
-0.755711 -3.92866 0

0.75643 3.23023 6
0.454002 3.40484 6
0.75643 3.57944 0

2.571 -2.00798 6
2.87343 -1.83337 6
2.87343 -2.18259 6

3.17586 -1.65877 6
3.47829 -1.48416 6
3.47829 -1.83337 6

3.47829 -0.785732 6
3.78071 -0.611125 6
3.78071 -0.960339 6

-3.17514 1.30955 6
-3.17514 0.960339 6
-3.47757 1.13495 6

-0.453283 3.57944 0
-0.755711 3.75405 0
-0.453283 3.92866 0

1.36129 -3.40484 6
1.66372 -3.57944 0
1.36129 -3.75405 0

1.05886 -3.23023 6
1.36129 -3.40484 6
1.05886 -3.57944 0

-1.36057 3.05562 6
-1.663 2.88102 6
-1.663 3.23023 6

-1.96542 -2.88102 6
-1.663 -3.05562 6
-1.96542 -3.23023 6

2.87343 -2.5318 6
2.87343 -2.18259 6
3.17586 -2.3572 6

1.66372 -2.88102 6
1.96614 -2.70641 6
1.96614 -3.05562 6

-1.96542 2.70641 6
-2.26785 2.5318 6
-2.26785 2.88102 6

-3.47757 1.13495 6
-3.77999 0.960339 6
-3.77999 1.30955 6

-3.77999 -0.785732 6
-3.47757 -0.960339 6
-3.77999 -1.13495 6

-2.57028 -2.5318 6
-2.57028 -2.88102 6
-2.87271 -2.70641 6

2.571 2.5318 6
2.571 2.88102 6
2.87343 2.70641 6

3.78071 0.785732 6
3.47829 0.960339 6
3.78071 1.13495 6

-1.05814 3.23023 6
-1.36057 3.05562 6
-1.36057 3.40484 6

1.96614 -2.70641 6
2.26857 -2.5318 6
2.26857 -2.88102 6

3.17586 -1.30955 6
3.17586 -0.960339 6
3.47829 -1.13495 6

-2.26785 2.5318 6
-2.57028 2.3572 6
-2.57028 2.70641 6

-3.17514 -1.48416 6
-2.87271 -1.65877 6
-3.17514 -1.83337 6

2.87343 2.00798 6
2.571 2.18259 6
2.87343 2.3572 6

-1.96542 3.40484 6
-1.96542 3.05562 6
-2.26785 3.23023 6

-1.36057 3.40484 6
-1.663 3.57944 0
-1.36057 3.75405 0

3.47829 1.65877 6
3.17586 1.83337 6
3.47829 2.00798 6

1.66372 -3.23023 6
1.96614 -3.05562 6
1.96614 -3.40484 6

1.05886 -3.23023 6
1.36129 -3.05562 6
1.36129 -3.40484 6

1.96614 -3.40484 6
1.96614 -3.05562 6
2.26857 -3.23023 6

-1.05814 3.57944 0
-1.36057 3.75405 0
-1.05814 3.92866 0

-3.17514 -1.13495 6
-3.17514 -1.48416 6
-3.47757 -1.30955 6

2.87343 1.65877 6
2.87343 2.00798 6
3.17586 1.83337 6

1.05886 3.75405 0
0.75643 3.57944 0
0.75643 3.92866 0

-3.17514 -1.83337 6
-3.17514 -2.18259 6
-3.47757 -2.00798 6

-2.87271 -2.00798 6
-2.57028 -2.18259 6
-2.87271 -2.3572 6

0.75643 -3.40484 6
1.05886 -3.23023 6
1.05886 -3.57944 0

3.47829 -1.13495 6
3.78071 -0.960339 6
3.78071 -1.30955 6

-2.26785 3.23023 6
-2.26785 2.88102 6
-2.57028 3.05562 6

-2.57028 3.05562 6
-2.57028 2.70641 6
-2.87271 2.88102 6

3.17586 1.13495 6
3.17586 1.48416 6
3.47829 1.30955 6

-0.755711 3.40484 6
-1.05814 3.23023 6
-1.05814 3.57944 0

-2.87271 1.83337 6
-3.17514 1.65877 6
-3.17514 2.00798 6

-3.17514 2.3572 6
-3.17514 2.00798 6
-3.47757 2.18259 6

-1.663 3.23023 6
-1.96542 3.05562 6
-1.96542 3.40484 6

-0.150855 -3.57944 0
0.151574 -3.40484 6
0.151574 -3.75405 0

2.26857 -3.23023 6
2.26857 -2.88102 6
2.571 -3.05562 6

2.26857 -2.5318 6
2.571 -2.3572 6
2.571 -2.70641 6

3.47829 0.261911 6
3.47829 0.611125 6
3.78071 0.436518 6

2.26857 2.70641 6
1.96614 2.88102 6
2.26857 3.05562 6

-3.47757 0.0873035 6
-3.47757 -0.261911 6
-3.77999 -0.0873035 6

-0.453283 -3.75405 0
-0.150855 -3.92866 0
-0.755711 -3.92866 0

0.151574 3.57944 0
-0.150855 3.40484 6
-0.150855 3.75405 0

-1.663 -3.40484 6
-1.36057 -3.23023 6
-1.36057 -3.57944 0

1.05886 -3.57944 0
1.36129 -3.75405 0
1.05886 -3.92866 0

2.571 -2.3572 6
2.87343 -2.18259 6
2.87343 -2.5318 6

2.87343 -1.83337 6
3.17586 -1.65877 6
3.17586 -2.00798 6

1.96614 3.23023 6
1.96614 3.57944 0
2.26857 3.40484 6

-3.47757 -0.261911 6
-3.47757 -0.611125 6
-3.77999 -0.436518 6

0.151574 3.92866 0
-0.150855 3.75405 0
-0.453283 3.92866 0

-3.17514 1.65877 6
-3.17514 1.30955 6
-3.47757 1.48416 6

-1.663 -3.05562 6
-1.36057 -3.23023 6
-1.663 -3.40484 6

-2.26785 -2.70641 6
-1.96542 -2.88102 6
-2.26785 -3.05562 6

-0.453283 -3.40484 6
-0.150855 -3.57944 0
-0.453283 -3.75405 0

-4.08242 0.0873035 0
-3.77999 -0.0873035 6
-4.08242 -0.261911 0

-3.77999 0.261911 6
-4.08242 0.0873035 0
-4.08242 0.436518 0

0.454002 3.40484 6
0.151574 3.57944 0
0.454002 3.75405 0

3.17586 -2.3572 6
3.17586 -2.00798 6
3.47829 -2.18259 6

1.66372 3.40484 6
1.36129 3.23023 6
1.36129 3.57944 0

2.87343 2.3572 6
2.87343 2.70641 6
3.17586 2.5318 6

3.17586 -1.65877 6
3.17586 -1.30955 6
3.47829 -1.48416 6

3.47829 -0.0873035 6
3.47829 0.261911 6
3.78071 0.0873035 6

-3.47757 0.436518 6
-3.47757 0.0873035 6
-3.77999 0.261911 6

0.454002 3.75405 0
0.151574 3.92866 0
0.75643 3.92866 0

-1.36057 -3.23023 6
-1.05814 -3.40484 6
-1.36057 -3.57944 0

-1.96542 -3.23023 6
-1.96542 -3.57944 0
-2.26785 -3.40484 6

3.78071 -0.261911 6
4.08314 -0.0873035 0
4.08314 -0.436518 0

4.08314 -0.0873035 0
3.78071 0.0873035 6
4.08314 0.261911 0

1.66372 3.05562 6
1.36129 3.23023 6
1.66372 3.40484 6

-0.453283 3.92866 0
-0.755711 3.75405 0
-1.05814 3.92866 0

3.47829 -0.436518 6
3.47829 -0.0873035 6
3.78071 -0.261911 6

-3.47757 1.13495 6
-3.47757 0.785732 6
-3.77999 0.960339 6

-3.77999 -1.13495 6
-3.47757 -1.30955 6
-3.77999 -1.48416 6

-2.87271 -2.3572 6
-2.87271 -2.70641 6
-3.17514 -2.5318 6

-1.96542 -3.57944 0
-1.663 -3.40484 6
-1.663 -3.75405 0

3.47829 -1.48416 6
3.78071 -1.30955 6
3.78071 -1.65877 6

1.96614 3.57944 0
1.66372 3.40484 6
1.66372 3.75405 0

0.454002 -3.57944 0
0.75643 -3.40484 6
0.75643 -3.75405 0

3.78071 1.13495 6
3.47829 1.30955 6
3.78071 1.48416 6

-3.47757 0.785732 6
-3.47757 0.436518 6
-3.77999 0.611125 6

-4.08242 -0.261911 0
-3.77999 -0.436518 6
-4.08242 -0.611125 0

2.26857 3.05562 6
2.26857 3.40484 6
2.571 3.23023 6

-2.57028 2.3572 6
-2.87271 2.18259 6
-2.87271 2.5318 6

-3.17514 -1.48416 6
-3.17514 -1.83337 6
-3.47757 -1.65877 6

-2.26785 -3.05562 6
-2.26785 -3.40484 6
-2.57028 -3.23023 6

-0.453283 3.57944 0
-0.755711 3.40484 6
-0.755711 3.75405 0

-2.87271 2.88102 6
-2.87271 2.5318 6
-3.17514 2.70641 6

-1.663 -3.75405 0
-1.36057 -3.57944 0
-1.36057 -3.92866 0

-0.150855 -3.92866 0
0.151574 -3.75405 0
0.454002 -3.92866 0

4.08314 0.261911 0
3.78071 0.436518 6
4.08314 0.611125 0

1.36129 3.23023 6
1.05886 3.40484 6
1.36129 3.57944 0

3.47829 0.611125 6
3.47829 0.960339 6
3.78071 0.785732 6

2.571 -3.05562 6
2.571 -2.70641 6
2.87343 -2.88102 6

3.47829 -0.785732 6
3.47829 -0.436518 6
3.78071 -0.611125 6

3.17586 2.18259 6
3.17586 2.5318 6
3.47829 2.3572 6

-3.77999 0.611125 6
-4.08242 0.436518 0
-4.08242 0.785732 0

-2.57028 -2.5318 6
-2.26785 -2.70641 6
-2.57028 -2.88102 6

-3.17514 -1.83337 6
-2.87271 -2.00798 6
-3.17514 -2.18259 6

3.17586 1.83337 6
2.87343 2.00798 6
3.17586 2.18259 6

3.78071 -0.611125 6
4.08314 -0.436518 0
4.08314 -0.785732 0

1.66372 3.75405 0
1.36129 3.57944 0
1.36129 3.92866 0

-3.77999 0.960339 6
-4.08242 0.785732 0
-4.08242 1.13495 0

3.17586 1.48416 6
3.17586 1.83337 6
3.47829 1.65877 6

-3.47757 -0.611125 6
-3.47757 -0.960339 6
-3.77999 -0.785732 6

-4.08242 -0.611125 0
-3.77999 -0.785732 6
-4.08242 -0.960339 0

-2.57028 -2.88102 6
-2.57028 -3.23023 6
-2.87271 -3.05562 6

-1.05814 -3.40484 6
-0.755711 -3.57944 0
-1.05814 -3.75405 0

3.47829 -1.13495 6
3.47829 -0.785732 6
3.78071 -0.960339 6

2.571 2.5318 6
2.26857 2.70641 6
2.571 2.88102 6

-0.150855 -3.57944 0
0.151574 -3.75405 0
-0.150855 -3.92866 0

3.47829 0.960339 6
3.47829 1.30955 6
3.78071 1.13495 6

-3.47757 1.48416 6
-3.77999 1.30955 6
-3.77999 1.65877 6

-3.77999 -1.48416 6
-3.47757 -1.65877 6
-3.77999 -1.83337 6

-3.47757 -0.960339 6
-3.47757 -1.30955 6
-3.77999 -1.13495 6

4.08314 0.611125 0
3.78071 0.785732 6
4.08314 0.960339 0

2.87343 2.3572 6
2.571 2.5318 6
2.87343 2.70641 6

1.05886 3.40484 6
0.75643 3.57944 0
1.05886 3.75405 0

-0.755711 -3.57944 0
-0.453283 -3.75405 0
-0.755711 -3.92866 0

2.87343 -2.88102 6
2.87343 -2.5318 6
3.17586 -2.70641 6

3.47829 -1.48416 6
3.47829 -1.13495 6
3.78071 -1.30955 6

-3.17514 2.00798 6
-3.17514 1.65877 6
-3.47757 1.83337 6

0.75643 3.57944 0
0.454002 3.75405 0
0.75643 3.92866 0

-1.663 3.23023 6
-1.96542 3.40484 6
-1.663 3.57944 0

-3.17514 -2.18259 6
-3.17514 -2.5318 6
-3.47757 -2.3572 6

0.454002 -3.92866 0
0.75643 -3.75405 0
1.05886 -3.92866 0

0.151574 3.57944 0
-0.150855 3.75405 0
0.151574 3.92866 0

-1.96542 3.40484 6
-2.26785 3.57944 0
-1.96542 3.75405 0

1.96614 -3.75405 0
1.96614 -3.40484 6
2.26857 -3.57944 0

1.66372 -3.23023 6
1.96614 -3.40484 6
1.66372 -3.57944 0

3.17586 -2.00798 6
3.17586 -1.65877 6
3.47829 -1.83337 6

-2.26785 3.57944 0
-2.26785 3.23023 6
-2.57028 3.40484 6

-3.47757 1.83337 6
-3.77999 1.65877 6
-3.77999 2.00798 6

-0.150855 -3.92866 0
2.26857 -3.92866 0
-2.57028 -3.92866 0

-2.87271 -2.3572 6
-2.57028 -2.5318 6
-2.87271 -2.70641 6

-3.77999 1.30955 6
-4.08242 1.13495 0
-4.08242 1.48416 0

0.151574 3.92866 0
-0.453283 3.92866 0
0.75643 3.92866 0

-1.96542 3.05562 6
-2.26785 2.88102 6
-2.26785 3.23023 6

-2.87271 2.18259 6
-3.17514 2.00798 6
-3.17514 2.3572 6

-1.36057 3.40484 6
-1.663 3.23023 6
-1.663 3.57944 0

0.151574 -3.75405 0
0.454002 -3.57944 0
0.454002 -3.92866 0

1.36129 -3.40484 6
1.66372 -3.23023 6
1.66372 -3.57944 0

1.96614 -3.05562 6
2.26857 -2.88102 6
2.26857 -3.23023 6

3.47829 -1.83337 6
3.78071 -1.65877 6
3.78071 -2.00798 6

2.571 2.88102 6
2.571 3.23023 6
2.87343 3.05562 6

0.75643 3.92866 0
-0.453283 3.92866 0
-1.05814 3.92866 0

-3.17514 2.70641 6
-3.17514 2.3572 6
-3.47757 2.5318 6

3.78071 1.48416 6
3.47829 1.65877 6
3.78071 1.83337 6

-1.663 3.57944 0
-1.96542 3.75405 0
-1.663 3.92866 0

-2.26785 2.88102 6
-2.57028 2.70641 6
-2.57028 3.05562 6

1.05886 -3.57944 0
1.36129 -3.40484 6
1.36129 -3.75405 0

-0.150855 3.75405 0
-0.453283 3.57944 0
-0.453283 3.92866 0

0.75643 -3.75405 0
1.05886 -3.57944 0
1.05886 -3.92866 0

2.87343 -2.18259 6
3.17586 -2.00798 6
3.17586 -2.3572 6

2.26857 -2.88102 6
2.571 -2.70641 6
2.571 -3.05562 6

-0.755711 -3.92866 0
-0.150855 -3.92866 0
-1.36057 -3.92866 0

2.87343 2.70641 6
2.87343 3.05562 6
3.17586 2.88102 6

-3.47757 1.48416 6
-3.47757 1.13495 6
-3.77999 1.30955 6

2.87343 -3.23023 6
2.87343 -2.88102 6
3.17586 -3.05562 6

-1.05814 3.57944 0
-1.36057 3.40484 6
-1.36057 3.75405 0

-1.05814 -3.75405 0
-0.755711 -3.92866 0
-1.36057 -3.92866 0

3.17586 -2.70641 6
3.17586 -2.3572 6
3.47829 -2.5318 6

2.26857 -3.57944 0
2.26857 -3.23023 6
2.571 -3.40484 6

4.08314 0.960339 0
3.78071 1.13495 6
4.08314 1.30955 0

-2.57028 3.40484 6
-2.57028 3.05562 6
-2.87271 3.23023 6

-4.08242 -0.960339 0
-3.77999 -1.13495 6
-4.08242 -1.30955 0

-2.87271 -2.70641 6
-2.87271 -3.05562 6
-3.17514 -2.88102 6

-3.47757 -2.00798 6
-3.47757 -2.3572 6
-3.77999 -2.18259 6

1.05886 3.75405 0
0.75643 3.92866 0
1.36129 3.92866 0

-2.57028 2.70641 6
-2.87271 2.5318 6
-2.87271 2.88102 6

1.05886 -3.92866 0
1.36129 -3.75405 0
1.66372 -3.92866 0

3.78071 -0.960339 6
4.08314 -0.785732 0
4.08314 -1.13495 0

3.17586 2.18259 6
2.87343 2.3572 6
3.17586 2.5318 6

-3.47757 -1.65877 6
-3.17514 -1.83337 6
-3.47757 -2.00798 6

1.36129 3.57944 0
1.05886 3.75405 0
1.36129 3.92866 0

3.17586 1.83337 6
3.17586 2.18259 6
3.47829 2.00798 6

-3.47757 -1.30955 6
-3.47757 -1.65877 6
-3.77999 -1.48416 6

-0.150855 -3.92866 0
0.454002 -3.92866 0
1.05886 -3.92866 0

-3.17514 -2.18259 6
-2.87271 -2.3572 6
-3.17514 -2.5318 6

3.78071 1.83337 6
3.47829 2.00798 6
3.78071 2.18259 6

3.78071 -1.30955 6
4.08314 -1.13495 0
4.08314 -1.48416 0

1.36129 3.92866 0
0.75643 3.92866 0
1.96614 3.92866 0

-4.08242 0.0873035 0
-4.38485 -0.0873035 0
-4.38485 0.261911 0

3.47829 1.30955 6
3.47829 1.65877 6
3.78071 1.48416 6

-0.755711 3.75405 0
-1.05814 3.57944 0
-1.05814 3.92866 0

-3.77999 0.261911 6
-3.77999 -0.0873035 6
-4.08242 0.0873035 0

-2.87271 -3.05562 6
-2.87271 -3.40484 6
-3.17514 -3.23023 6

-1.05814 3.92866 0
-1.36057 3.75405 0
-1.663 3.92866 0

-1.96542 -3.23023 6
-1.663 -3.40484 6
-1.96542 -3.57944 0

2.571 -2.70641 6
2.87343 -2.5318 6
2.87343 -2.88102 6

2.571 -3.40484 6
2.571 -3.05562 6
2.87343 -3.23023 6

4.38557 0.0873035 0
4.08314 0.261911 0
4.38557 0.436518 0

-4.08242 -1.30955 0
-3.77999 -1.48416 6
-4.08242 -1.65877 0

-3.77999 -0.0873035 6
-3.77999 -0.436518 6
-4.08242 -0.261911 0

-3.17514 -2.5318 6
-3.17514 -2.88102 6
-3.47757 -2.70641 6

2.571 2.88102 6
2.26857 3.05562 6
2.571 3.23023 6

3.78071 0.0873035 6
3.78071 0.436518 6
4.08314 0.261911 0

1.96614 3.23023 6
1.66372 3.40484 6
1.96614 3.57944 0

4.38557 0.436518 0
4.08314 0.611125 0
4.38557 0.785732 0

3.78071 -0.261911 6
3.78071 0.0873035 6
4.08314 -0.0873035 0

2.26857 3.05562 6
1.96614 3.23023 6
2.26857 3.40484 6

-2.87271 3.23023 6
-2.87271 2.88102 6
-3.17514 3.05562 6

-2.26785 -3.05562 6
-1.96542 -3.23023 6
-2.26785 -3.40484 6

-1.663 -3.40484 6
-1.36057 -3.57944 0
-1.663 -3.75405 0

3.17586 -2.00798 6
3.47829 -1.83337 6
3.47829 -2.18259 6

2.87343 3.05562 6
2.87343 3.40484 6
3.17586 3.23023 6

3.47829 -2.5318 6
3.47829 -2.18259 6
3.78071 -2.3572 6

3.78071 0.436518 6
3.78071 0.785732 6
4.08314 0.611125 0

-3.77999 0.611125 6
-3.77999 0.261911 6
-4.08242 0.436518 0

-4.08242 0.0873035 0
-4.08242 -0.261911 0
-4.38485 -0.0873035 0

2.87343 2.70641 6
2.571 2.88102 6
2.87343 3.05562 6

-3.17514 2.00798 6
-3.47757 1.83337 6
-3.47757 2.18259 6

-3.77999 -0.436518 6
-3.77999 -0.785732 6
-4.08242 -0.611125 0

-2.26785 -3.40484 6
-2.26785 -3.75405 0
-2.57028 -3.57944 0

1.66372 3.40484 6
1.36129 3.57944 0
1.66372 3.75405 0

-3.47757 2.5318 6
-3.47757 2.18259 6
-3.77999 2.3572 6

-1.36057 -3.57944 0
-1.05814 -3.75405 0
-1.36057 -3.92866 0

1.66372 -3.57944 0
1.96614 -3.75405 0
1.66372 -3.92866 0

3.78071 -0.611125 6
3.78071 -0.261911 6
4.08314 -0.436518 0

2.26857 3.40484 6
2.26857 3.75405 0
2.571 3.57944 0

-4.08242 0.436518 0
-4.38485 0.261911 0
-4.38485 0.611125 0

-1.663 -3.75405 0
-1.36057 -3.92866 0
-1.96542 -3.92866 0

1.66372 3.75405 0
1.36129 3.92866 0
1.96614 3.92866 0

-3.47757 1.83337 6
-3.47757 1.48416 6
-3.77999 1.65877 6

-4.08242 0.785732 0
-4.38485 0.611125 0
-4.38485 0.960339 0

-2.57028 -2.88102 6
-2.26785 -3.05562 6
-2.57028 -3.23023 6

4.08314 -0.436518 0
4.38557 -0.261911 0
4.38557 -0.611125 0

3.17586 2.5318 6
3.17586 2.88102 6
3.47829 2.70641 6

1.05886 -3.92866 0
1.66372 -3.92866 0
2.26857 -3.92866 0

3.47829 -1.83337 6
3.47829 -1.48416 6
3.78071 -1.65877 6

3.78071 0.785732 6
3.78071 1.13495 6
4.08314 0.960339 0

-3.77999 0.960339 6
-3.77999 0.611125 6
-4.08242 0.785732 0

-3.77999 1.30955 6
-3.77999 0.960339 6
-4.08242 1.13495 0

-4.38485 -0.436518 0
-4.08242 -0.611125 0
-4.38485 -0.785732 0

-2.57028 -3.23023 6
-2.57028 -3.57944 0
-2.87271 -3.40484 6

3.47829 2.00798 6
3.17586 2.18259 6
3.47829 2.3572 6

4.38557 0.785732 0
4.08314 0.960339 0
4.38557 1.13495 0

-1.05814 3.92866 0
-1.663 3.92866 0
-2.26785 3.92866 0

3.78071 -1.65877 6
4.08314 -1.48416 0
4.08314 -1.83337 0

3.78071 -0.960339 6
3.78071 -0.611125 6
4.08314 -0.785732 0

2.571 3.23023 6
2.571 3.57944 0
2.87343 3.40484 6

-2.87271 2.5318 6
-3.17514 2.3572 6
-3.17514 2.70641 6

2.87343 -2.5318 6
3.17586 -2.3572 6
3.17586 -2.70641 6

4.08314 -1.13495 0
4.38557 -0.960339 0
4.38557 -1.30955 0

-3.77999 1.65877 6
-4.08242 1.48416 0
-4.08242 1.83337 0

-3.77999 -0.785732 6
-3.77999 -1.13495 6
-4.08242 -0.960339 0

-2.87271 -2.70641 6
-2.57028 -2.88102 6
-2.87271 -3.05562 6

-1.96542 -3.92866 0
-1.36057 -3.92866 0
-2.57028 -3.92866 0

3.17586 -3.05562 6
3.17586 -2.70641 6
3.47829 -2.88102 6

1.96614 3.92866 0
0.75643 3.92866 0
-2.26785 3.92866 0

-2.87271 3.57944 0
-2.87271 3.23023 6
-3.17514 3.40484 6

4.08314 1.30955 0
3.78071 1.48416 6
4.08314 1.65877 0

-4.08242 1.13495 0
-4.38485 0.960339 0
-4.38485 1.30955 0

-3.47757 -1.65877 6
-3.47757 -2.00798 6
-3.77999 -1.83337 6

-3.47757 -2.00798 6
-3.17514 -2.18259 6
-3.47757 -2.3572 6

-3.47757 -2.3572 6
-3.47757 -2.70641 6
-3.77999 -2.5318 6

3.78071 -1.65877 6
3.78071 -1.30955 6
4.08314 -1.48416 0

-1.36057 3.75405 0
-1.663 3.57944 0
-1.663 3.92866 0

-4.08242 -1.65877 0
-3.77999 -1.83337 6
-4.08242 -2.00798 0

3.47829 1.65877 6
3.47829 2.00798 6
3.78071 1.83337 6

-3.17514 3.05562 6
-3.17514 2.70641 6
-3.47757 2.88102 6

1.66372 -3.57944 0
1.96614 -3.40484 6
1.96614 -3.75405 0

2.26857 3.75405 0
1.96614 3.57944 0
1.96614 3.92866 0

-1.96542 3.40484 6
-2.26785 3.23023 6
-2.26785 3.57944 0

-2.57028 3.75405 0
-2.57028 3.40484 6
-2.87271 3.57944 0

-1.663 3.57944 0
-1.96542 3.40484 6
-1.96542 3.75405 0

-3.47757 2.18259 6
-3.47757 1.83337 6
-3.77999 2.00798 6

-2.26785 -3.75405 0
-1.96542 -3.57944 0
-1.96542 -3.92866 0

1.96614 -3.40484 6
2.26857 -3.23023 6
2.26857 -3.57944 0

-2.57028 3.05562 6
-2.87271 2.88102 6
-2.87271 3.23023 6

3.47829 2.3572 6
3.47829 2.70641 6
3.78071 2.5318 6

3.78071 -1.30955 6
3.78071 -0.960339 6
4.08314 -1.13495 0

3.17586 2.5318 6
2.87343 2.70641 6
3.17586 2.88102 6

-2.26785 3.23023 6
-2.57028 3.05562 6
-2.57028 3.40484 6

1.66372 -3.92866 0
1.96614 -3.75405 0
2.26857 -3.92866 0

-1.663 3.92866 0
-1.96542 3.75405 0
-2.26785 3.92866 0

1.36129 -3.75405 0
1.66372 -3.57944 0
1.66372 -3.92866 0

2.571 -3.75405 0
2.571 -3.40484 6
2.87343 -3.57944 0

2.26857 -3.23023 6
2.571 -3.05562 6
2.571 -3.40484 6

4.08314 1.65877 0
3.78071 1.83337 6
4.08314 2.00798 0

0.75643 3.92866 0
-1.05814 3.92866 0
-2.26785 3.92866 0

-3.77999 -1.13495 6
-3.77999 -1.48416 6
-4.08242 -1.30955 0

2.87343 -3.57944 0
2.87343 -3.23023 6
3.17586 -3.40484 6

3.47829 -2.18259 6
3.47829 -1.83337 6
3.78071 -2.00798 6

-3.77999 2.00798 6
-4.08242 1.83337 0
-4.08242 2.18259 0

-4.38485 -0.785732 0
-4.08242 -0.960339 0
-4.38485 -1.13495 0

-3.17514 -2.5318 6
-2.87271 -2.70641 6
-3.17514 -2.88102 6

-0.150855 -3.92866 0
1.05886 -3.92866 0
2.26857 -3.92866 0

3.78071 -2.00798 6
4.08314 -1.83337 0
4.08314 -2.18259 0

4.08314 -0.0873035 0
4.08314 0.261911 0
4.38557 0.0873035 0

-3.47757 2.88102 6
-3.47757 2.5318 6
-3.77999 2.70641 6

3.78071 1.13495 6
3.78071 1.48416 6
4.08314 1.30955 0

-3.17514 2.3572 6
-3.47757 2.18259 6
-3.47757 2.5318 6

-3.17514 -2.88102 6
-3.17514 -3.23023 6
-3.47757 -3.05562 6

3.17586 -2.3572 6
3.47829 -2.18259 6
3.47829 -2.5318 6

2.87343 -2.88102 6
3.17586 -2.70641 6
3.17586 -3.05562 6

3.17586 -3.40484 6
3.17586 -3.05562 6
3.47829 -3.23023 6

-4.38485 -1.13495 0
-4.08242 -1.30955 0
-4.38485 -1.48416 0

2.571 -3.05562 6
2.87343 -2.88102 6
2.87343 -3.23023 6

4.38557 1.13495 0
4.08314 1.30955 0
4.38557 1.48416 0

-2.87271 2.88102 6
-3.17514 2.70641 6
-3.17514 3.05562 6

-3.77999 1.65877 6
-3.77999 1.30955 6
-4.08242 1.48416 0

4.08314 -0.0873035 0
4.38557 0.0873035 0
4.38557 -0.261911 0

3.17586 2.88102 6
3.17586 3.23023 6
3.47829 3.05562 6

-4.38485 -0.0873035 0
-4.08242 -0.261911 0
-4.38485 -0.436518 0

-3.77999 -1.83337 6
-3.47757 -2.00798 6
-3.77999 -2.18259 6

3.47829 2.00798 6
3.47829 2.3572 6
3.78071 2.18259 6

-4.08242 1.48416 0
-4.38485 1.30955 0
-4.38485 1.65877 0

-3.77999 -2.18259 6
-3.77999 -2.5318 6
-4.08242 -2.3572 0

-2.26785 -3.40484 6
-1.96542 -3.57944 0
-2.26785 -3.75405 0

-2.57028 -3.57944 0
-2.26785 -3.75405 0
-2.57028 -3.92866 0

4.08314 2.00798 0
3.78071 2.18259 6
4.08314 2.3572 0

2.26857 3.40484 6
1.96614 3.57944 0
2.26857 3.75405 0

4.08314 -1.48416 0
4.38557 -1.30955 0
4.38557 -1.65877 0

4.08314 -0.785732 0
4.38557 -0.611125 0
4.38557 -0.960339 0

-4.08242 0.436518 0
-4.08242 0.0873035 0
-4.38485 0.261911 0

-1.96542 -3.57944 0
-1.663 -3.75405 0
-1.96542 -3.92866 0

-3.17514 -2.88102 6
-2.87271 -3.05562 6
-3.17514 -3.23023 6

2.571 3.57944 0
2.26857 3.75405 0
2.571 3.92866 0

1.96614 3.57944 0
1.66372 3.75405 0
1.96614 3.92866 0

4.08314 -0.436518 0
4.08314 -0.0873035 0
4.38557 -0.261911 0

2.87343 3.40484 6
2.87343 3.75405 0
3.17586 3.57944 0

-4.08242 -0.261911 0
-4.08242 -0.611125 0
-4.38485 -0.436518 0

-3.77999 -1.48416 6
-3.77999 -1.83337 6
-4.08242 -1.65877 0

-1.36057 -3.92866 0
-0.150855 -3.92866 0
-2.57028 -3.92866 0

-3.47757 -2.3572 6
-3.17514 -2.5318 6
-3.47757 -2.70641 6

-4.38485 -1.48416 0
-4.08242 -1.65877 0
-4.38485 -1.83337 0

4.38557 1.48416 0
4.08314 1.65877 0
4.38557 1.83337 0

-3.17514 3.40484 6
-3.17514 3.05562 6
-3.47757 3.23023 6

-2.57028 -3.23023 6
-2.26785 -3.40484 6
-2.57028 -3.57944 0

2.571 3.23023 6
2.26857 3.40484 6
2.571 3.57944 0

4.08314 -0.785732 0
4.08314 -0.436518 0
4.38557 -0.611125 0

3.47829 -2.88102 6
3.47829 -2.5318 6
3.78071 -2.70641 6

3.47829 2.3572 6
3.17586 2.5318 6
3.47829 2.70641 6

3.78071 1.48416 6
3.78071 1.83337 6
4.08314 1.65877 0

-4.08242 0.785732 0
-4.08242 0.436518 0
-4.38485 0.611125 0

4.08314 0.261911 0
4.08314 0.611125 0
4.38557 0.436518 0

-4.08242 -0.611125 0
-4.08242 -0.960339 0
-4.38485 -0.785732 0

1.96614 -3.75405 0
2.26857 -3.57944 0
2.26857 -3.92866 0

2.87343 3.05562 6
2.571 3.23023 6
2.87343 3.40484 6

-3.17514 2.70641 6
-3.47757 2.5318 6
-3.47757 2.88102 6

-2.87271 -3.40484 6
-2.87271 -3.75405 0
-3.17514 -3.57944 0

3.47829 2.70641 6
3.47829 3.05562 6
3.78071 2.88102 6

-3.47757 2.18259 6
-3.77999 2.00798 6
-3.77999 2.3572 6

3.78071 -2.00798 6
3.78071 -1.65877 6
4.08314 -1.83337 0

-2.87271 -3.05562 6
-2.57028 -3.23023 6
-2.87271 -3.40484 6

2.571 3.92866 0
1.96614 3.92866 0
3.17586 3.92866 0

-3.77999 2.70641 6
-3.77999 2.3572 6
-4.08242 2.5318 0

3.47829 -2.18259 6
3.78071 -2.00798 6
3.78071 -2.3572 6

4.08314 0.611125 0
4.08314 0.960339 0
4.38557 0.785732 0

3.17586 2.88102 6
2.87343 3.05562 6
3.17586 3.23023 6

-3.77999 2.00798 6
-3.77999 1.65877 6
-4.08242 1.83337 0

3.78071 -2.70641 6
3.78071 -2.3572 6
4.08314 -2.5318 0

-4.08242 1.83337 0
-4.38485 1.65877 0
-4.38485 2.00798 0

-4.08242 1.13495 0
-4.08242 0.785732 0
-4.38485 0.960339 0

4.08314 -1.83337 0
4.38557 -1.65877 0
4.38557 -2.00798 0

4.08314 -1.13495 0
4.08314 -0.785732 0
4.38557 -0.960339 0

-1.96542 3.75405 0
-2.26785 3.57944 0
-2.26785 3.92866 0

-2.26785 3.57944 0
-2.57028 3.40484 6
-2.57028 3.75405 0

-2.57028 3.75405 0
-2.87271 3.57944 0
-2.87271 3.92866 0

3.17586 -2.70641 6
3.47829 -2.5318 6
3.47829 -2.88102 6

-4.08242 -0.960339 0
-4.08242 -1.30955 0
-4.38485 -1.13495 0

-3.47757 -2.70641 6
-3.47757 -3.05562 6
-3.77999 -2.88102 6

-3.17514 -3.23023 6
-3.17514 -3.57944 0
-3.47757 -3.40484 6

3.47829 -3.23023 6
3.47829 -2.88102 6
3.78071 -3.05562 6

3.17586 3.23023 6
3.17586 3.57944 0
3.47829 3.40484 6

-4.08242 1.48416 0
-4.08242 1.13495 0
-4.38485 1.30955 0

4.08314 0.960339 0
4.08314 1.30955 0
4.38557 1.13495 0

-2.26785 3.92866 0
-2.26785 3.57944 0
-2.57028 3.75405 0

-2.26785 -3.75405 0
-1.96542 -3.92866 0
-2.57028 -3.92866 0

2.26857 -3.92866 0
2.26857 -3.57944 0
2.571 -3.75405 0

3.17586 -3.75405 0
3.17586 -3.40484 6
3.47829 -3.57944 0

-3.77999 -1.83337 6
-3.77999 -2.18259 6
-4.08242 -2.00798 0

-3.77999 -2.18259 6
-3.47757 -2.3572 6
-3.77999 -2.5318 6

2.571 -3.75405 0
2.87343 -3.57944 0
2.87343 -3.92866 0

2.26857 -3.57944 0
2.571 -3.40484 6
2.571 -3.75405 0

-3.47757 3.23023 6
-3.47757 2.88102 6
-3.77999 3.05562 6

-4.08242 -1.30955 0
-4.08242 -1.65877 0
-4.38485 -1.48416 0

3.78071 2.18259 6
3.47829 2.3572 6
3.78071 2.5318 6

3.47829 2.70641 6
3.17586 2.88102 6
3.47829 3.05562 6

4.08314 -1.48416 0
4.08314 -1.13495 0
4.38557 -1.30955 0

3.78071 1.83337 6
3.78071 2.18259 6
4.08314 2.00798 0

-2.26785 3.92866 0
-2.87271 3.92866 0
-3.47757 3.92866 0

-4.38485 -1.83337 0
-4.08242 -2.00798 0
-4.38485 -2.18259 0

2.26857 -3.92866 0
2.87343 -3.92866 0
3.47829 -3.92866 0

3.78071 2.5318 6
3.78071 2.88102 6
4.08314 2.70641 0

-3.17514 3.75405 0
-3.17514 3.40484 6
-3.47757 3.57944 0

-2.57028 3.40484 6
-2.87271 3.23023 6
-2.87271 3.57944 0

2.571 -3.40484 6
2.87343 -3.23023 6
2.87343 -3.57944 0

4.38557 1.83337 0
4.08314 2.00798 0
4.38557 2.18259 0

-3.47757 -2.70641 6
-3.17514 -2.88102 6
-3.47757 -3.05562 6

-3.77999 2.3572 6
-3.77999 2.00798 6
-4.08242 2.18259 0

3.78071 2.5318 6
3.47829 2.70641 6
3.78071 2.88102 6

-3.77999 -2.5318 6
-3.77999 -2.88102 6
-4.08242 -2.70641 0

2.26857 3.75405 0
1.96614 3.92866 0
2.571 3.92866 0

4.08314 -2.18259 0
4.38557 -2.00798 0
4.38557 -2.3572 0

3.78071 -2.3572 6
3.78071 -2.00798 6
4.08314 -2.18259 0

4.08314 1.30955 0
4.08314 1.65877 0
4.38557 1.48416 0

-4.08242 2.18259 0
-4.38485 2.00798 0
-4.38485 2.3572 0

-3.47757 2.5318 6
-3.77999 2.3572 6
-3.77999 2.70641 6

-3.17514 3.05562 6
-3.47757 2.88102 6
-3.47757 3.23023 6

3.47829 -2.5318 6
3.78071 -2.3572 6
3.78071 -2.70641 6

3.17586 -3.05562 6
3.47829 -2.88102 6
3.47829 -3.23023 6

-2.87271 3.23023 6
-3.17514 3.05562 6
-3.17514 3.40484 6

2.87343 -3.23023 6
3.17586 -3.05562 6
3.17586 -3.40484 6

2.571 3.57944 0
2.571 3.92866 0
2.87343 3.75405 0

4.08314 -1.83337 0
4.08314 -1.48416 0
4.38557 -1.65877 0

-4.08242 1.83337 0
-4.08242 1.48416 0
-4.38485 1.65877 0

4.38557 1.48416 0
4.38557 2.18259 0
4.38557 2.5318 0

-3.47757 -3.05562 6
-3.47757 -3.40484 6
-3.77999 -3.23023 6

-2.57028 -3.57944 0
-2.57028 -3.92866 0
-2.87271 -3.75405 0

3.47829 3.05562 6
3.47829 3.40484 6
3.78071 3.23023 6

-4.08242 -2.00798 0
-3.77999 -2.18259 6
-4.08242 -2.3572 0

3.78071 -3.05562 6
3.78071 -2.70641 6
4.08314 -2.88102 0

3.78071 2.18259 6
3.78071 2.5318 6
4.08314 2.3572 0

-3.77999 3.05562 6
-3.77999 2.70641 6
-4.08242 2.88102 0

3.17586 3.57944 0
2.87343 3.75405 0
3.17586 3.92866 0

-2.87271 -3.40484 6
-2.57028 -3.57944 0
-2.87271 -3.75405 0

2.87343 3.40484 6
2.571 3.57944 0
2.87343 3.75405 0

-3.47757 3.57944 0
-3.47757 3.23023 6
-3.77999 3.40484 6

-3.77999 -2.88102 6
-3.77999 -3.23023 6
-4.08242 -3.05562 0

3.78071 2.88102 6
3.78071 3.23023 6
4.08314 3.05562 0

3.47829 -3.57944 0
3.47829 -3.23023 6
3.78071 -3.40484 6

3.47829 3.05562 6
3.17586 3.23023 6
3.47829 3.40484 6

-4.08242 -1.65877 0
-4.08242 -2.00798 0
-4.38485 -1.83337 0

-3.77999 -2.5318 6
-3.47757 -2.70641 6
-3.77999 -2.88102 6

-3.17514 -3.57944 0
-2.87271 -3.75405 0
-3.17514 -3.92866 0

2.26857 -3.92866 0
2.571 -3.75405 0
2.87343 -3.92866 0

4.38557 2.18259 0
4.08314 2.3572 0
4.38557 2.5318 0

4.08314 1.65877 0
4.08314 2.00798 0
4.38557 1.83337 0

-4.08242 -2.00798 0
-4.08242 -2.3572 0
-4.38485 -2.18259 0

-3.17514 -3.23023 6
-2.87271 -3.40484 6
-3.17514 -3.57944 0

4.38557 1.48416 0
4.38557 1.83337 0
4.38557 2.18259 0

3.17586 3.23023 6
2.87343 3.40484 6
3.17586 3.57944 0

-2.26785 3.92866 0
-2.57028 3.75405 0
-2.87271 3.92866 0

-3.77999 2.3572 6
-4.08242 2.18259 0
-4.08242 2.5318 0

-2.87271 3.57944 0
-3.17514 3.40484 6
-3.17514 3.75405 0

3.78071 -2.3572 6
4.08314 -2.18259 0
4.08314 -2.5318 0

-4.08242 2.88102 0
-4.08242 2.5318 0
-4.38485 2.70641 0

-4.08242 2.18259 0
-4.08242 1.83337 0
-4.38485 2.00798 0

4.08314 -2.88102 0
4.08314 -2.5318 0
4.38557 -2.70641 0

4.08314 -2.18259 0
4.08314 -1.83337 0
4.38557 -2.00798 0

-3.47757 2.88102 6
-3.77999 2.70641 6
-3.77999 3.05562 6

3.47829 -2.88102 6
3.78071 -2.70641 6
3.78071 -3.05562 6

-3.47757 -3.05562 6
-3.17514 -3.23023 6
-3.47757 -3.40484 6

-3.47757 -3.40484 6
-3.47757 -3.75405 0
-3.77999 -3.57944 0

3.78071 -3.75405 0
3.78071 -3.40484 6
4.08314 -3.57944 0

-2.87271 3.92866 0
-2.87271 3.57944 0
-3.17514 3.75405 0

-3.77999 -2.88102 6
-3.47757 -3.05562 6
-3.77999 -3.23023 6

2.87343 -3.92866 0
2.87343 -3.57944 0
3.17586 -3.75405 0

2.87343 -3.57944 0
3.17586 -3.40484 6
3.17586 -3.75405 0

3.47829 3.40484 6
3.47829 3.75405 0
3.78071 3.57944 0

-3.77999 3.40484 6
-3.77999 3.05562 6
-4.08242 3.23023 0

-4.08242 -2.3572 0
-4.08242 -2.70641 0
-4.38485 -2.5318 0

-4.08242 -2.3572 0
-3.77999 -2.5318 6
-4.08242 -2.70641 0

2.26857 -3.92866 0
3.47829 -3.92866 0
4.08314 -3.92866 0

4.08314 2.3572 0
3.78071 2.5318 6
4.08314 2.70641 0

3.78071 2.88102 6
3.47829 3.05562 6
3.78071 3.23023 6

-4.08242 -2.70641 0
-4.08242 -3.05562 0
-4.38485 -2.88102 0

4.08314 2.00798 0
4.08314 2.3572 0
4.38557 2.18259 0

3.78071 -3.40484 6
3.78071 -3.05562 6
4.08314 -3.23023 0

3.17586 -3.75405 0
3.47829 -3.57944 0
3.47829 -3.92866 0

4.08314 2.70641 0
4.08314 3.05562 0
4.38557 2.88102 0

-2.87271 -3.75405 0
-2.57028 -3.92866 0
-3.17514 -3.92866 0

4.38557 1.48416 0
4.38557 2.5318 0
4.38557 2.88102 0

2.87343 3.75405 0
2.571 3.92866 0
3.17586 3.92866 0

-3.17514 3.75405 0
-3.47757 3.57944 0
-3.47757 3.92866 0

-4.08242 2.5318 0
-4.08242 2.18259 0
-4.38485 2.3572 0

-3.77999 -3.23023 6
-3.77999 -3.57944 0
-4.08242 -3.40484 0

4.08314 -2.5318 0
4.08314 -2.18259 0
4.38557 -2.3572 0

-3.17514 3.40484 6
-3.47757 3.23023 6
-3.47757 3.57944 0

3.17586 -3.40484 6
3.47829 -3.23023 6
3.47829 -3.57944 0

4.38557 -2.3572 0
4.38557 -2.00798 0
4.38557 -2.70641 0

4.38557 1.48416 0
4.38557 2.88102 0
4.38557 3.23023 0

-3.77999 2.70641 6
-4.08242 2.5318 0
-4.08242 2.88102 0

3.47829 -3.23023 6
3.78071 -3.05562 6
3.78071 -3.40484 6

3.78071 -2.70641 6
4.08314 -2.5318 0
4.08314 -2.88102 0

3.17586 3.57944 0
3.17586 3.92866 0
3.47829 3.75405 0

-3.17514 -3.57944 0
-3.17514 -3.92866 0
-3.47757 -3.75405 0

3.78071 3.23023 6
3.78071 3.57944 0
4.08314 3.40484 0

-3.47757 3.23023 6
-3.77999 3.05562 6
-3.77999 3.40484 6

-3.77999 3.75405 0
-3.77999 3.40484 6
-4.08242 3.57944 0

-4.38485 -2.18259 0
-4.08242 -2.3572 0
-4.38485 -2.5318 0

-3.77999 -3.57944 0
-3.47757 -3.75405 0
-3.77999 -3.92866 0

4.08314 2.3572 0
4.08314 2.70641 0
4.38557 2.5318 0

3.78071 3.92866 0
3.17586 3.92866 0
4.38557 3.92866 0

-4.08242 3.23023 0
-4.08242 2.88102 0
-4.38485 3.05562 0

-2.87271 3.92866 0
-3.17514 3.75405 0
-3.47757 3.92866 0

4.08314 -3.23023 0
4.08314 -2.88102 0
4.38557 -3.05562 0

-4.08242 -2.70641 0
-3.77999 -2.88102 6
-4.08242 -3.05562 0

4.08314 3.05562 0
4.08314 3.40484 0
4.38557 3.23023 0

4.08314 2.70641 0
3.78071 2.88102 6
4.08314 3.05562 0

-3.77999 -3.23023 6
-3.47757 -3.40484 6
-3.77999 -3.57944 0

-3.47757 -3.40484 6
-3.17514 -3.57944 0
-3.47757 -3.75405 0

3.78071 3.23023 6
3.47829 3.40484 6
3.78071 3.57944 0

3.47829 3.40484 6
3.17586 3.57944 0
3.47829 3.75405 0

-4.08242 2.5318 0
-4.38485 2.3572 0
-4.38485 2.70641 0

-3.47757 3.57944 0
-3.77999 3.40484 6
-3.77999 3.75405 0

3.78071 -3.05562 6
4.08314 -2.88102 0
4.08314 -3.23023 0

4.08314 -2.5318 0
4.38557 -2.3572 0
4.38557 -2.70641 0

-3.77999 3.05562 6
-4.08242 2.88102 0
-4.08242 3.23023 0

-4.08242 -3.05562 0
-4.08242 -3.40484 0
-4.38485 -3.23023 0

-3.17514 -3.92866 0
-2.57028 -3.92866 0
-3.77999 -3.92866 0

4.38557 -2.70641 0
4.38557 -2.00798 0
4.38557 -3.05562 0

3.78071 3.57944 0
3.47829 3.75405 0
3.78071 3.92866 0

-4.08242 -3.05562 0
-3.77999 -3.23023 6
-4.08242 -3.40484 0

2.87343 -3.92866 0
3.17586 -3.75405 0
3.47829 -3.92866 0

-4.38485 -2.5318 0
-4.08242 -2.70641 0
-4.38485 -2.88102 0

3.78071 -3.75405 0
4.08314 -3.57944 0
4.08314 -3.92866 0

-3.47757 3.92866 0
-3.47757 3.57944 0
-3.77999 3.75405 0

3.47829 -3.92866 0
3.47829 -3.57944 0
3.78071 -3.75405 0

4.08314 -3.23023 0
4.38557 -3.05562 0
4.38557 -3.40484 0

4.38557 2.5318 0
4.08314 2.70641 0
4.38557 2.88102 0

4.08314 3.40484 0
4.08314 3.75405 0
4.38557 3.57944 0

3.47829 3.75405 0
3.17586 3.92866 0
3.78071 3.92866 0

-4.08242 -3.40484 0
-4.08242 -3.75405 0
-4.38485 -3.57944 0

3.47829 -3.57944 0
3.78071 -3.40484 6
3.78071 -3.75405 0

4.08314 3.05562 0
3.78071 3.23023 6
4.08314 3.40484 0

-3.77999 3.75405 0
-4.08242 3.57944 0
-4.08242 3.92866 0

-4.08242 3.57944 0
-4.08242 3.23023 0
-4.38485 3.40484 0

4.38557 -3.40484 0
4.38557 -2.00798 0
4.38557 -3.75405 0

4.08314 -3.57944 0
4.08314 -3.23023 0
4.38557 -3.40484 0

-4.08242 2.88102 0
-4.38485 2.70641 0
-4.38485 3.05562 0

4.08314 -2.88102 0
4.38557 -2.70641 0
4.38557 -3.05562 0

-3.77999 3.40484 6
-4.08242 3.23023 0
-4.08242 3.57944 0

-4.38485 -2.88102 0
-4.08242 -3.05562 0
-4.38485 -3.23023 0

3.78071 -3.40484 6
4.08314 -3.23023 0
4.08314 -3.57944 0

4.38557 2.88102 0
4.08314 3.05562 0
4.38557 3.23023 0

-3.47757 -3.75405 0
-3.17514 -3.92866 0
-3.77999 -3.92866 0

-4.08242 -3.75405 0
-3.77999 -3.92866 0
-4.38485 -3.92866 0

4.38557 1.48416 0
4.38557 3.23023 0
4.38557 3.57944 0

-3.77999 -3.57944 0
-3.77999 -3.92866 0
-4.08242 -3.75405 0

4.08314 3.40484 0
3.78071 3.57944 0
4.08314 3.75405 0

3.78071 3.57944 0
3.78071 3.92866 0
4.08314 3.75405 0

-4.08242 -3.40484 0
-3.77999 -3.57944 0
-4.08242 -3.75405 0

4.08314 -3.92866 0
4.08314 -3.57944 0
4.38557 -3.75405 0

4.38557 3.23023 0
4.08314 3.40484 0
4.38557 3.57944 0

4.08314 3.75405 0
3.78071 3.92866 0
4.38557 3.92866 0

-4.08242 3.92866 0
-4.08242 3.57944 0
-4.38485 3.75405 0

-4.08242 3.23023 0
-4.38485 3.05562 0
-4.38485 3.40484 0

-4.38485 -3.23023 0
-4.08242 -3.40484 0
-4.38485 -3.57944 0

4.38557 -3.05562 0
4.38557 -2.00798 0
4.38557 -3.40484 0

-4.38485 -3.57944 0
-4.08242 -3.75405 0
-4.38485 -3.92866 0

4.38557 1.48416 0
4.38557 3.57944 0
4.38557 3.92866 0

4.38557 3.57944 0
4.08314 3.75405 0
4.38557 3.92866 0

-3.47757 3.92866 0
-3.77999 3.75405 0
-4.08242 3.92866 0

3.47829 -3.92866 0
3.78071 -3.75405 0
4.08314 -3.92866 0

-4.08242 3.57944 0
-4.38485 3.40484 0
-4.38485 3.75405 0

4.08314 -3.57944 0
4.38557 -3.40484 0
4.38557 -3.75405 0

-3.77999 -3.92866 0
-2.57028 -3.92866 0
-4.38485 -3.92866 0

3.17586 3.92866 0
1.96614 3.92866 0
4.38557 3.92866 0

# 3.93157 -3.93157 3.49214 -3.49214
