# x y adNum
-0.140168 -0.0855521 6
-0.14659 -0.434987 6
-0.446328 -0.260477 6

0.162776 0.0914187 6
-0.140168 -0.0855521 6
-0.136145 0.263216 6

-0.140168 -0.0855521 6
0.162776 0.0914187 6
0.158304 -0.263398 6

-0.439314 0.781397 6
-0.437876 0.434492 6
-0.741622 0.60741 6

-0.136145 0.263216 6
-0.140168 -0.0855521 6
-0.441848 0.0861398 6

-0.136145 0.263216 6
-0.437876 0.434492 6
-0.132175 0.610111 6

-0.140168 -0.0855521 6
0.158304 -0.263398 6
-0.14659 -0.434987 6

0.151989 -0.611116 6
0.158304 -0.263398 6
0.461186 -0.436127 6

0.158304 -0.263398 6
0.162776 0.0914187 6
0.454491 -0.0872159 6

0.162776 0.0914187 6
0.17125 0.439319 6
0.471147 0.263828 6

0.162776 0.0914187 6
-0.136145 0.263216 6
0.17125 0.439319 6

-0.441848 0.0861398 6
-0.749346 -0.0890946 6
-0.742368 0.259399 6

-0.441848 0.0861398 6
-0.140168 -0.0855521 6
-0.446328 -0.260477 6

-0.444735 -0.611187 6
-0.14659 -0.434987 6
-0.141404 -0.788582 6

0.454491 -0.0872159 6
0.765992 0.0882497 6
0.762246 -0.255966 6

0.454491 -0.0872159 6
0.162776 0.0914187 6
0.471147 0.263828 6

0.473776 0.614852 6
0.17125 0.439319 6
0.169803 0.787464 6

-0.136145 0.263216 6
-0.441848 0.0861398 6
-0.437876 0.434492 6

-0.741622 0.60741 6
-0.742368 0.259399 6
-1.04511 0.434784 6

0.17125 0.439319 6
-0.136145 0.263216 6
-0.132175 0.610111 6

-0.441848 0.0861398 6
-0.446328 -0.260477 6
-0.749346 -0.0890946 6

-0.14659 -0.434987 6
0.158304 -0.263398 6
0.151989 -0.611116 6

0.158304 -0.263398 6
0.454491 -0.0872159 6
0.461186 -0.436127 6

0.471147 0.263828 6
0.473776 0.614852 6
0.773912 0.439152 6

0.17125 0.439319 6
-0.132175 0.610111 6
0.169803 0.787464 6

-0.446328 -0.260477 6
-0.444735 -0.611187 6
-0.748674 -0.434981 6

-0.446328 -0.260477 6
-0.14659 -0.434987 6
-0.444735 -0.611187 6

0.151989 -0.611116 6
0.465574 -0.779378 6
0.169493 -0.958689 6

0.465574 -0.779378 6
0.461186 -0.436127 6
0.768828 -0.60362 6

0.454491 -0.0872159 6
0.471147 0.263828 6
0.765992 0.0882497 6

0.471147 0.263828 6
0.17125 0.439319 6
0.473776 0.614852 6

-1.04784 0.0872169 6
-0.749346 -0.0890946 6
-1.05779 -0.261964 6

-0.437876 0.434492 6
-0.441848 0.0861398 6
-0.742368 0.259399 6

-0.14659 -0.434987 6
0.151989 -0.611116 6
-0.141404 -0.788582 6

-0.444735 -0.611187 6
-0.437412 -0.963597 6
-0.740657 -0.787246 6

1.06914 -0.0819182 6
0.765992 0.0882497 6
1.07234 0.264994 6

0.461186 -0.436127 6
0.454491 -0.0872159 6
0.762246 -0.255966 6

0.473776 0.614852 6
0.465885 0.965639 6
0.772291 0.790381 6

-0.132175 0.610111 6
-0.439314 0.781397 6
-0.140235 0.95677 6

-0.742368 0.259399 6
-1.04784 0.0872169 6
-1.04511 0.434784 6

-0.749346 -0.0890946 6
-0.446328 -0.260477 6
-0.748674 -0.434981 6

-0.437412 -0.963597 6
-0.141404 -0.788582 6
-0.129539 -1.13651 6

0.762246 -0.255966 6
1.06914 -0.0819182 6
1.06909 -0.427813 6

0.765992 0.0882497 6
0.471147 0.263828 6
0.773912 0.439152 6

0.465885 0.965639 6
0.169803 0.787464 6
0.151958 1.13509 6

-0.132175 0.610111 6
-0.437876 0.434492 6
-0.439314 0.781397 6

-1.05779 -0.261964 6
-0.748674 -0.434981 6
-1.04376 -0.613191 6

0.151989 -0.611116 6
0.461186 -0.436127 6
0.465574 -0.779378 6

-0.140235 0.95677 6
-0.445126 1.13141 6
-0.150615 1.30962 6

-0.437876 0.434492 6
-0.742368 0.259399 6
-0.741622 0.60741 6

-0.141404 -0.788582 6
0.169493 -0.958689 6
-0.129539 -1.13651 6

0.169803 0.787464 6
-0.132175 0.610111 6
-0.140235 0.95677 6

-0.141404 -0.788582 6
0.151989 -0.611116 6
0.169493 -0.958689 6

0.475015 -1.12912 6
0.465574 -0.779378 6
0.772493 -0.951277 6

0.461186 -0.436127 6
0.762246 -0.255966 6
0.768828 -0.60362 6

0.773912 0.439152 6
0.772291 0.790381 6
1.07497 0.615208 6

-1.04784 0.0872169 6
-1.35318 -0.0858232 6
-1.35082 0.2636 6

-0.742368 0.259399 6
-0.749346 -0.0890946 6
-1.04784 0.0872169 6

-0.444735 -0.611187 6
-0.141404 -0.788582 6
-0.437412 -0.963597 6

-0.740657 -0.787246 6
-0.437412 -0.963597 6
-0.735523 -1.13871 6

0.473776 0.614852 6
0.169803 0.787464 6
0.465885 0.965639 6

0.169803 0.787464 6
-0.140235 0.95677 6
0.151958 1.13509 6

0.768828 -0.60362 6
0.762246 -0.255966 6
1.06909 -0.427813 6

0.762246 -0.255966 6
0.765992 0.0882497 6
1.06914 -0.0819182 6

0.169493 -0.958689 6
0.475015 -1.12912 6
0.175542 -1.30776 6

-0.748674 -0.434981 6
-0.444735 -0.611187 6
-0.740657 -0.787246 6

-1.04511 0.434784 6
-1.35082 0.2636 6
-1.34897 0.609475 6

-0.749346 -0.0890946 6
-0.748674 -0.434981 6
-1.05779 -0.261964 6

1.06909 -0.427813 6
1.37284 -0.254155 6
1.374 -0.601835 6

0.765992 0.0882497 6
0.773912 0.439152 6
1.07234 0.264994 6

0.773912 0.439152 6
0.473776 0.614852 6
0.772291 0.790381 6

0.772291 0.790381 6
0.465885 0.965639 6
0.769445 1.13747 6

-0.743398 0.956594 6
-0.741622 0.60741 6
-1.0447 0.78261 6

-1.35318 -0.0858232 6
-1.05779 -0.261964 6
-1.35051 -0.441668 6

-0.748674 -0.434981 6
-0.740657 -0.787246 6
-1.04376 -0.613191 6

-0.429963 -1.31235 6
-0.129539 -1.13651 6
-0.125355 -1.48522 6

0.772291 0.790381 6
0.769445 1.13747 6
1.07484 0.963638 6

-0.439314 0.781397 6
-0.741622 0.60741 6
-0.743398 0.956594 6

0.772493 -0.951277 6
0.768828 -0.60362 6
1.07362 -0.776706 6

0.768828 -0.60362 6
1.06909 -0.427813 6
1.07362 -0.776706 6

-0.745955 1.30857 6
-0.743398 0.956594 6
-1.04503 1.13278 6

-0.740657 -0.787246 6
-0.735523 -1.13871 6
-1.03868 -0.964079 6

0.151958 1.13509 6
-0.140235 0.95677 6
-0.150615 1.30962 6

-0.439314 0.781397 6
-0.743398 0.956594 6
-0.445126 1.13141 6

-0.140235 0.95677 6
-0.439314 0.781397 6
-0.445126 1.13141 6

-0.437412 -0.963597 6
-0.129539 -1.13651 6
-0.429963 -1.31235 6

-1.35051 -0.441668 6
-1.04376 -0.613191 6
-1.34229 -0.790934 6

0.169493 -0.958689 6
0.465574 -0.779378 6
0.475015 -1.12912 6

0.465574 -0.779378 6
0.768828 -0.60362 6
0.772493 -0.951277 6

1.07234 0.264994 6
0.773912 0.439152 6
1.07497 0.615208 6

1.375 0.0928901 6
1.07234 0.264994 6
1.37648 0.440777 6

0.462414 1.30851 6
0.151958 1.13509 6
0.161051 1.48046 6

-0.741622 0.60741 6
-1.04511 0.434784 6
-1.0447 0.78261 6

-1.04503 1.13278 6
-1.0447 0.78261 6
-1.34679 0.957064 6

0.475015 -1.12912 6
0.777983 -1.3023 6
0.47889 -1.47978 6

-0.445126 1.13141 6
-0.745955 1.30857 6
-0.446537 1.48569 6

-0.129539 -1.13651 6
0.169493 -0.958689 6
0.175542 -1.30776 6

1.06914 -0.0819182 6
1.07234 0.264994 6
1.375 0.0928901 6

0.777983 -1.3023 6
0.772493 -0.951277 6
1.07678 -1.12628 6

1.37648 0.440777 6
1.07497 0.615208 6
1.37833 0.789603 6

0.769445 1.13747 6
0.766942 1.48388 6
1.07304 1.31088 6

-0.735523 -1.13871 6
-0.437412 -0.963597 6
-0.429963 -1.31235 6

-0.150615 1.30962 6
-0.446537 1.48569 6
-0.139785 1.65734 6

-1.04784 0.0872169 6
-1.05779 -0.261964 6
-1.35318 -0.0858232 6

1.06909 -0.427813 6
1.06914 -0.0819182 6
1.37284 -0.254155 6

0.769445 1.13747 6
0.465885 0.965639 6
0.462414 1.30851 6

-1.04511 0.434784 6
-1.04784 0.0872169 6
-1.35082 0.2636 6

-1.34897 0.609475 6
-1.6559 0.437913 6
-1.65288 0.78141 6

1.07362 -0.776706 6
1.374 -0.601835 6
1.37677 -0.951991 6

1.06914 -0.0819182 6
1.375 0.0928901 6
1.37284 -0.254155 6

-0.735523 -1.13871 6
-0.429963 -1.31235 6
-0.731131 -1.48781 6

-0.129539 -1.13651 6
0.175542 -1.30776 6
-0.125355 -1.48522 6

1.07362 -0.776706 6
1.06909 -0.427813 6
1.374 -0.601835 6

0.465885 0.965639 6
0.151958 1.13509 6
0.462414 1.30851 6

-0.731131 -1.48781 6
-0.429963 -1.31235 6
-0.427362 -1.66107 6

1.374 -0.601835 6
1.67669 -0.427639 6
1.67653 -0.777571 6

-1.35082 0.2636 6
-1.65282 0.0880769 6
-1.6559 0.437913 6

-1.04376 -0.613191 6
-0.740657 -0.787246 6
-1.03868 -0.964079 6

1.07497 0.615208 6
0.772291 0.790381 6
1.07484 0.963638 6

-1.05779 -0.261964 6
-1.04376 -0.613191 6
-1.35051 -0.441668 6

1.37284 -0.254155 6
1.67815 -0.0815735 6
1.67669 -0.427639 6

0.463829 1.65718 6
0.161051 1.48046 6
0.159685 1.83041 6

0.175542 -1.30776 6
0.47889 -1.47978 6
0.178045 -1.65738 6

1.07234 0.264994 6
1.07497 0.615208 6
1.37648 0.440777 6

-1.0447 0.78261 6
-1.04511 0.434784 6
-1.34897 0.609475 6

-1.65035 -0.265315 6
-1.35051 -0.441668 6
-1.64819 -0.617361 6

0.161051 1.48046 6
-0.150615 1.30962 6
-0.139785 1.65734 6

0.151958 1.13509 6
-0.150615 1.30962 6
0.161051 1.48046 6

-0.446537 1.48569 6
-0.747711 1.65926 6
-0.443877 1.83331 6

-1.04376 -0.613191 6
-1.03868 -0.964079 6
-1.34229 -0.790934 6

1.07678 -1.12628 6
1.07362 -0.776706 6
1.37677 -0.951991 6

-0.745955 1.30857 6
-1.0485 1.48458 6
-0.747711 1.65926 6

-0.445126 1.13141 6
-0.743398 0.956594 6
-0.745955 1.30857 6

-1.0447 0.78261 6
-1.34897 0.609475 6
-1.34679 0.957064 6

0.175542 -1.30776 6
0.475015 -1.12912 6
0.47889 -1.47978 6

0.475015 -1.12912 6
0.772493 -0.951277 6
0.777983 -1.3023 6

1.07484 0.963638 6
1.07304 1.31088 6
1.37803 1.13739 6

-0.743398 0.956594 6
-1.0447 0.78261 6
-1.04503 1.13278 6

1.07497 0.615208 6
1.07484 0.963638 6
1.37833 0.789603 6

-0.150615 1.30962 6
-0.445126 1.13141 6
-0.446537 1.48569 6

-0.427362 -1.66107 6
-0.125355 -1.48522 6
-0.123891 -1.83401 6

1.08028 -1.47745 6
1.07678 -1.12628 6
1.37938 -1.30279 6

-1.0485 1.48458 6
-1.04503 1.13278 6
-1.34566 1.30832 6

-1.03868 -0.964079 6
-1.03525 -1.31426 6
-1.33882 -1.14019 6

1.67815 -0.0815735 6
1.98071 0.0896239 6
1.9842 -0.256458 6

0.772493 -0.951277 6
1.07362 -0.776706 6
1.07678 -1.12628 6

1.67899 0.26695 6
1.37648 0.440777 6
1.68053 0.615664 6

-1.64819 -0.617361 6
-1.34229 -0.790934 6
-1.64337 -0.96569 6

-1.65282 0.0880769 6
-1.35318 -0.0858232 6
-1.65035 -0.265315 6

0.47889 -1.47978 6
0.780944 -1.65352 6
0.480336 -1.83007 6

-1.35082 0.2636 6
-1.35318 -0.0858232 6
-1.65282 0.0880769 6

1.67815 -0.0815735 6
1.375 0.0928901 6
1.67899 0.26695 6

-0.735523 -1.13871 6
-0.731131 -1.48781 6
-1.03525 -1.31426 6

1.68053 0.615664 6
1.37833 0.789603 6
1.68215 0.964169 6

0.769445 1.13747 6
0.462414 1.30851 6
0.766942 1.48388 6

-1.34566 1.30832 6
-1.34679 0.957064 6
-1.64649 1.13024 6

-1.03294 -1.66321 6
-0.731131 -1.48781 6
-0.729881 -1.83659 6

-0.125355 -1.48522 6
0.175542 -1.30776 6
0.178045 -1.65738 6

0.766942 1.48388 6
0.462414 1.30851 6
0.463829 1.65718 6

-0.139785 1.65734 6
-0.443877 1.83331 6
-0.145993 2.0072 6

-1.65282 0.0880769 6
-1.95125 -0.0916915 6
-1.9543 0.260573 6

-1.35318 -0.0858232 6
-1.35051 -0.441668 6
-1.65035 -0.265315 6

-1.03868 -0.964079 6
-0.735523 -1.13871 6
-1.03525 -1.31426 6

1.374 -0.601835 6
1.37284 -0.254155 6
1.67669 -0.427639 6

0.47889 -1.47978 6
0.777983 -1.3023 6
0.780944 -1.65352 6

1.06969 1.65717 6
0.766942 1.48388 6
0.763002 1.83218 6

1.37284 -0.254155 6
1.375 0.0928901 6
1.67815 -0.0815735 6

1.07304 1.31088 6
1.06969 1.65717 6
1.37665 1.48376 6

1.07484 0.963638 6
0.769445 1.13747 6
1.07304 1.31088 6

0.178045 -1.65738 6
0.47889 -1.47978 6
0.480336 -1.83007 6

-1.95125 -0.0916915 6
-1.65035 -0.265315 6
-1.9507 -0.442365 6

1.375 0.0928901 6
1.37648 0.440777 6
1.67899 0.26695 6

-1.34897 0.609475 6
-1.35082 0.2636 6
-1.6559 0.437913 6

-1.03525 -1.31426 6
-0.731131 -1.48781 6
-1.03294 -1.66321 6

-0.429963 -1.31235 6
-0.125355 -1.48522 6
-0.427362 -1.66107 6

0.178045 -1.65738 6
0.480336 -1.83007 6
0.178714 -2.0068 6

1.98071 0.0896239 6
1.67899 0.26695 6
1.98162 0.44085 6

0.462414 1.30851 6
0.161051 1.48046 6
0.463829 1.65718 6

-0.729881 -1.83659 6
-0.427362 -1.66107 6
-0.426844 -2.00975 6

1.37938 -1.30279 6
1.37677 -0.951991 6
1.67854 -1.13012 6

-1.6559 0.437913 6
-1.9543 0.260573 6
-1.96509 0.611035 6

-1.34229 -0.790934 6
-1.03868 -0.964079 6
-1.33882 -1.14019 6

1.37833 0.789603 6
1.07484 0.963638 6
1.37803 1.13739 6

-1.35051 -0.441668 6
-1.34229 -0.790934 6
-1.64819 -0.617361 6

1.67669 -0.427639 6
1.9842 -0.256458 6
1.97716 -0.602661 6

0.763002 1.83218 6
0.463829 1.65718 6
0.454151 2.00795 6

-1.34229 -0.790934 6
-1.33882 -1.14019 6
-1.64337 -0.96569 6

1.37648 0.440777 6
1.37833 0.789603 6
1.68053 0.615664 6

-0.745955 1.30857 6
-1.04503 1.13278 6
-1.0485 1.48458 6

-0.426844 -2.00975 6
-0.123891 -1.83401 6
-0.123741 -2.18258 6

0.454151 2.00795 6
0.159685 1.83041 6
0.151506 2.18246 6

-0.446537 1.48569 6
-0.745955 1.30857 6
-0.747711 1.65926 6

-1.05115 1.83357 6
-1.0485 1.48458 6
-1.35361 1.6608 6

-1.34679 0.957064 6
-1.34897 0.609475 6
-1.65288 0.78141 6

0.780944 -1.65352 6
0.777983 -1.3023 6
1.08028 -1.47745 6

1.37803 1.13739 6
1.37665 1.48376 6
1.68269 1.31015 6

0.777983 -1.3023 6
1.07678 -1.12628 6
1.08028 -1.47745 6

1.37677 -0.951991 6
1.374 -0.601835 6
1.67653 -0.777571 6

-0.139785 1.65734 6
-0.446537 1.48569 6
-0.443877 1.83331 6

0.161051 1.48046 6
-0.139785 1.65734 6
0.159685 1.83041 6

-1.35361 1.6608 6
-1.34566 1.30832 6
-1.6477 1.48071 6

-0.125355 -1.48522 6
0.178045 -1.65738 6
-0.123891 -1.83401 6

1.07678 -1.12628 6
1.37677 -0.951991 6
1.37938 -1.30279 6

1.37833 0.789603 6
1.37803 1.13739 6
1.68215 0.964169 6

-1.04503 1.13278 6
-1.34679 0.957064 6
-1.34566 1.30832 6

-1.65288 0.78141 6
-1.96509 0.611035 6
-1.95226 0.956375 6

-1.94901 -0.791544 6
-1.64337 -0.96569 6
-1.94512 -1.13858 6

-0.443877 1.83331 6
-0.749759 2.00747 6
-0.453058 2.18259 6

-1.9507 -0.442365 6
-1.64819 -0.617361 6
-1.94901 -0.791544 6

0.780944 -1.65352 6
1.08302 -1.82796 6
0.782191 -2.00411 6

1.38355 -1.652 6
1.37938 -1.30279 6
1.68547 -1.4778 6

1.67653 -0.777571 6
1.97716 -0.602661 6
1.976 -0.958125 6

0.159685 1.83041 6
-0.139785 1.65734 6
-0.145993 2.0072 6

-1.33882 -1.14019 6
-1.33641 -1.48927 6
-1.64046 -1.31418 6

-2.25246 0.0797926 6
-1.95125 -0.0916915 6
-2.25289 -0.270033 6

1.98162 0.44085 6
1.68053 0.615664 6
1.98389 0.791451 6

-1.65282 0.0880769 6
-1.65035 -0.265315 6
-1.95125 -0.0916915 6

-0.123891 -1.83401 6
0.178045 -1.65738 6
0.178714 -2.0068 6

-1.03525 -1.31426 6
-1.03294 -1.66321 6
-1.33641 -1.48927 6

-0.731131 -1.48781 6
-0.427362 -1.66107 6
-0.729881 -1.83659 6

0.75924 2.17663 6
0.454151 2.00795 6
0.45425 2.35693 6

-1.6559 0.437913 6
-1.65282 0.0880769 6
-1.9543 0.260573 6

1.98389 0.791451 6
1.68215 0.964169 6
1.98889 1.13732 6

1.07304 1.31088 6
0.766942 1.48388 6
1.06969 1.65717 6

-1.03294 -1.66321 6
-1.03292 -2.01186 6
-1.33533 -1.83805 6

1.37677 -0.951991 6
1.67653 -0.777571 6
1.67854 -1.13012 6

1.67815 -0.0815735 6
1.67899 0.26695 6
1.98071 0.0896239 6

1.06969 1.65717 6
1.06746 2.00206 6
1.37472 1.8289 6

0.766942 1.48388 6
0.463829 1.65718 6
0.763002 1.83218 6

-1.65288 0.78141 6
-1.6559 0.437913 6
-1.96509 0.611035 6

-1.34679 0.957064 6
-1.65288 0.78141 6
-1.64649 1.13024 6

-1.6477 1.48071 6
-1.64649 1.13024 6
-1.94873 1.3029 6

-1.03292 -2.01186 6
-0.729881 -1.83659 6
-0.73046 -2.18499 6

-1.65035 -0.265315 6
-1.64819 -0.617361 6
-1.9507 -0.442365 6

1.67669 -0.427639 6
1.67815 -0.0815735 6
1.9842 -0.256458 6

2.28811 -0.0878069 6
1.98071 0.0896239 6
2.27968 0.260072 6

-0.427362 -1.66107 6
-0.123891 -1.83401 6
-0.426844 -2.00975 6

-1.33882 -1.14019 6
-1.03525 -1.31426 6
-1.33641 -1.48927 6

1.68547 -1.4778 6
1.67854 -1.13012 6
1.98743 -1.30433 6

-0.747711 1.65926 6
-1.0485 1.48458 6
-1.05115 1.83357 6

-1.03294 -1.66321 6
-0.729881 -1.83659 6
-1.03292 -2.01186 6

0.480336 -1.83007 6
0.782191 -2.00411 6
0.48082 -2.18019 6

0.780944 -1.65352 6
1.08028 -1.47745 6
1.08302 -1.82796 6

1.9842 -0.256458 6
1.98071 0.0896239 6
2.28811 -0.0878069 6

1.37803 1.13739 6
1.07304 1.31088 6
1.37665 1.48376 6

1.3846 -2.00242 6
1.38355 -1.652 6
1.68566 -1.82626 6

-1.9543 0.260573 6
-2.25246 0.0797926 6
-2.25845 0.432116 6

1.67899 0.26695 6
1.68053 0.615664 6
1.98162 0.44085 6

-0.145993 2.0072 6
-0.453058 2.18259 6
-0.147316 2.35692 6

0.178714 -2.0068 6
0.48082 -2.18019 6
0.178852 -2.35607 6

1.37665 1.48376 6
1.37472 1.8289 6
1.68151 1.65612 6

-2.25289 -0.270033 6
-1.9507 -0.442365 6
-2.25387 -0.617851 6

2.27968 0.260072 6
1.98162 0.44085 6
2.28239 0.617373 6

0.463829 1.65718 6
0.159685 1.83041 6
0.454151 2.00795 6

-0.73046 -2.18499 6
-0.426844 -2.00975 6
-0.427142 -2.35777 6

1.67653 -0.777571 6
1.67669 -0.427639 6
1.97716 -0.602661 6

-1.96509 0.611035 6
-2.25845 0.432116 6
-2.2636 0.786698 6

-1.64337 -0.96569 6
-1.33882 -1.14019 6
-1.64046 -1.31418 6

1.06969 1.65717 6
0.763002 1.83218 6
1.06746 2.00206 6

-1.64819 -0.617361 6
-1.64337 -0.96569 6
-1.94901 -0.791544 6

-1.95226 0.956375 6
-2.2636 0.786698 6
-2.25566 1.12959 6

-0.747711 1.65926 6
-1.05115 1.83357 6
-0.749759 2.00747 6

0.480336 -1.83007 6
0.780944 -1.65352 6
0.782191 -2.00411 6

1.08302 -1.82796 6
1.08028 -1.47745 6
1.38355 -1.652 6

1.97716 -0.602661 6
2.28643 -0.436485 6
2.26933 -0.78545 6

1.68215 0.964169 6
1.37803 1.13739 6
1.68269 1.31015 6

-1.0485 1.48458 6
-1.34566 1.30832 6
-1.35361 1.6608 6

1.68053 0.615664 6
1.68215 0.964169 6
1.98389 0.791451 6

-0.749759 2.00747 6
-1.04864 2.18402 6
-0.746847 2.36139 6

-1.64649 1.13024 6
-1.65288 0.78141 6
-1.95226 0.956375 6

0.159685 1.83041 6
-0.145993 2.0072 6
0.151506 2.18246 6

-0.443877 1.83331 6
-0.747711 1.65926 6
-0.749759 2.00747 6

0.782191 -2.00411 6
1.08329 -2.1785 6
0.782341 -2.35469 6

-0.123891 -1.83401 6
0.178714 -2.0068 6
-0.123741 -2.18258 6

1.08028 -1.47745 6
1.37938 -1.30279 6
1.38355 -1.652 6

-1.34566 1.30832 6
-1.64649 1.13024 6
-1.6477 1.48071 6

0.45425 2.35693 6
0.151506 2.18246 6
0.159167 2.53282 6

-0.427142 -2.35777 6
-0.123741 -2.18258 6
-0.123937 -2.53117 6

-1.64337 -0.96569 6
-1.64046 -1.31418 6
-1.94512 -1.13858 6

-2.25246 0.0797926 6
-2.55418 -0.0975863 6
-2.55352 0.255013 6

1.06746 2.00206 6
0.763002 1.83218 6
0.75924 2.17663 6

-0.145993 2.0072 6
-0.443877 1.83331 6
-0.453058 2.18259 6

1.37938 -1.30279 6
1.67854 -1.13012 6
1.68547 -1.4778 6

1.67854 -1.13012 6
1.67653 -0.777571 6
1.976 -0.958125 6

1.68269 1.31015 6
1.68151 1.65612 6
1.98701 1.48226 6

-1.35255 2.00713 6
-1.35361 1.6608 6
-1.66238 1.83339 6

-1.05115 1.83357 6
-1.35361 1.6608 6
-1.35255 2.00713 6

-0.729881 -1.83659 6
-0.426844 -2.00975 6
-0.73046 -2.18499 6

0.178714 -2.0068 6
0.480336 -1.83007 6
0.48082 -2.18019 6

-2.25387 -0.617851 6
-1.94901 -0.791544 6
-2.25219 -0.963743 6

1.68566 -1.82626 6
1.68547 -1.4778 6
1.98984 -1.65186 6

1.976 -0.958125 6
2.26933 -0.78545 6
2.28927 -1.12967 6

-2.25219 -0.963743 6
-1.94512 -1.13858 6
-2.24699 -1.31049 6

-1.64046 -1.31418 6
-1.63841 -1.6631 6
-1.94207 -1.48684 6

1.68269 1.31015 6
1.37665 1.48376 6
1.68151 1.65612 6

-1.9543 0.260573 6
-1.95125 -0.0916915 6
-2.25246 0.0797926 6

-1.33641 -1.48927 6
-1.33533 -1.83805 6
-1.63841 -1.6631 6

2.5717 0.436648 6
2.28239 0.617373 6
2.59302 0.786917 6

2.28239 0.617373 6
1.98389 0.791451 6
2.29309 0.963847 6

0.151506 2.18246 6
-0.145993 2.0072 6
-0.147316 2.35692 6

-1.66238 1.83339 6
-1.6477 1.48071 6
-1.95182 1.65352 6

-1.95125 -0.0916915 6
-1.9507 -0.442365 6
-2.25289 -0.270033 6

-1.33641 -1.48927 6
-1.03294 -1.66321 6
-1.33533 -1.83805 6

-1.33677 -2.18704 6
-1.03292 -2.01186 6
-1.0351 -2.36024 6

1.37665 1.48376 6
1.06969 1.65717 6
1.37472 1.8289 6

1.068 2.34575 6
0.75924 2.17663 6
0.766722 2.52122 6

1.97716 -0.602661 6
1.9842 -0.256458 6
2.28643 -0.436485 6

1.9842 -0.256458 6
2.28811 -0.0878069 6
2.28643 -0.436485 6

1.68215 0.964169 6
1.68269 1.31015 6
1.98889 1.13732 6

-1.95182 1.65352 6
-1.94873 1.3029 6
-2.24995 1.47849 6

-1.96509 0.611035 6
-1.9543 0.260573 6
-2.25845 0.432116 6

1.98071 0.0896239 6
1.98162 0.44085 6
2.27968 0.260072 6

1.37472 1.8289 6
1.37429 2.17356 6
1.68038 2.00171 6

-2.55418 -0.0975863 6
-2.25289 -0.270033 6
-2.55844 -0.445331 6

-1.33533 -1.83805 6
-1.33677 -2.18704 6
-1.63833 -2.0122 6

-0.123741 -2.18258 6
0.178714 -2.0068 6
0.178852 -2.35607 6

1.67854 -1.13012 6
1.976 -0.958125 6
1.98743 -1.30433 6

0.763002 1.83218 6
0.454151 2.00795 6
0.75924 2.17663 6

-0.73131 -2.53225 6
-0.427142 -2.35777 6
-0.427483 -2.70532 6

2.58893 0.0879756 6
2.27968 0.260072 6
2.5717 0.436648 6

-2.25845 0.432116 6
-2.55352 0.255013 6
-2.55985 0.609905 6

-1.64046 -1.31418 6
-1.33641 -1.48927 6
-1.63841 -1.6631 6

0.766722 2.52122 6
0.45425 2.35693 6
0.469798 2.7031 6

-1.9507 -0.442365 6
-1.94901 -0.791544 6
-2.25387 -0.617851 6

2.26933 -0.78545 6
2.58352 -0.611916 6
2.58693 -0.951491 6

-1.64649 1.13024 6
-1.95226 0.956375 6
-1.94873 1.3029 6

0.178852 -2.35607 6
0.480777 -2.53027 6
0.17854 -2.70533 6

2.29309 0.963847 6
1.98889 1.13732 6
2.29514 1.30917 6

-0.453058 2.18259 6
-0.746847 2.36139 6
-0.441395 2.5348 6

-1.63841 -1.6631 6
-1.63833 -2.0122 6
-1.94072 -1.83601 6

-2.55844 -0.445331 6
-2.25387 -0.617851 6
-2.55981 -0.789649 6

0.48082 -2.18019 6
0.782341 -2.35469 6
0.480777 -2.53027 6

1.98162 0.44085 6
1.98389 0.791451 6
2.28239 0.617373 6

0.48082 -2.18019 6
0.782191 -2.00411 6
0.782341 -2.35469 6

-0.147316 2.35692 6
-0.441395 2.5348 6
-0.136398 2.70856 6

0.782191 -2.00411 6
1.08302 -1.82796 6
1.08329 -2.1785 6

0.151506 2.18246 6
-0.147316 2.35692 6
0.159167 2.53282 6

-0.426844 -2.00975 6
-0.123741 -2.18258 6
-0.427142 -2.35777 6

2.28811 -0.0878069 6
2.27968 0.260072 6
2.58893 0.0879756 6

-1.95226 0.956375 6
-1.96509 0.611035 6
-2.2636 0.786698 6

1.98984 -1.65186 6
1.98743 -1.30433 6
2.29277 -1.47672 6

0.454151 2.00795 6
0.151506 2.18246 6
0.45425 2.35693 6

-1.34303 2.36185 6
-1.35255 2.00713 6
-1.64366 2.1877 6

1.976 -0.958125 6
1.97716 -0.602661 6
2.26933 -0.78545 6

-1.05115 1.83357 6
-1.35255 2.00713 6
-1.04864 2.18402 6

-2.2636 0.786698 6
-2.55985 0.609905 6
-2.57002 0.960195 6

1.08329 -2.1785 6
1.08302 -1.82796 6
1.3846 -2.00242 6

-0.749759 2.00747 6
-1.05115 1.83357 6
-1.04864 2.18402 6

-1.33533 -1.83805 6
-1.03292 -2.01186 6
-1.33677 -2.18704 6

1.68151 1.65612 6
1.37472 1.8289 6
1.68038 2.00171 6

1.08302 -1.82796 6
1.38355 -1.652 6
1.3846 -2.00242 6

-1.04864 2.18402 6
-1.34303 2.36185 6
-1.04203 2.53814 6

-1.94873 1.3029 6
-1.95226 0.956375 6
-2.25566 1.12959 6

-1.94512 -1.13858 6
-1.64046 -1.31418 6
-1.94207 -1.48684 6

1.98889 1.13732 6
1.68269 1.31015 6
1.98701 1.48226 6

-1.94901 -0.791544 6
-1.94512 -1.13858 6
-2.25219 -0.963743 6

-0.123741 -2.18258 6
0.178852 -2.35607 6
-0.123937 -2.53117 6

-1.35361 1.6608 6
-1.6477 1.48071 6
-1.66238 1.83339 6

1.98743 -1.30433 6
1.976 -0.958125 6
2.28927 -1.12967 6

-0.453058 2.18259 6
-0.749759 2.00747 6
-0.746847 2.36139 6

1.08329 -2.1785 6
1.38362 -2.35334 6
1.08312 -2.52966 6

1.68151 1.65612 6
1.68038 2.00171 6
1.98541 1.83009 6

0.178852 -2.35607 6
0.48082 -2.18019 6
0.480777 -2.53027 6

1.6853 -2.17738 6
1.68566 -1.82626 6
1.98605 -2.00012 6

1.38355 -1.652 6
1.68547 -1.4778 6
1.68566 -1.82626 6

0.480777 -2.53027 6
0.782021 -2.70539 6
0.480129 -2.88024 6

-1.6477 1.48071 6
-1.94873 1.3029 6
-1.95182 1.65352 6

1.98389 0.791451 6
1.98889 1.13732 6
2.29309 0.963847 6

1.37472 1.8289 6
1.06746 2.00206 6
1.37429 2.17356 6

-2.25246 0.0797926 6
-2.25289 -0.270033 6
-2.55418 -0.0975863 6

-1.0351 -2.36024 6
-0.73046 -2.18499 6
-0.73131 -2.53225 6

2.28811 -0.0878069 6
2.58893 0.0879756 6
2.59039 -0.262339 6

2.59302 0.786917 6
2.29309 0.963847 6
2.59989 1.13534 6

-0.147316 2.35692 6
-0.453058 2.18259 6
-0.441395 2.5348 6

-0.427483 -2.70532 6
-0.123937 -2.53117 6
-0.124346 -2.87972 6

1.68547 -1.4778 6
1.98743 -1.30433 6
1.98984 -1.65186 6

-2.25566 1.12959 6
-2.57002 0.960195 6
-2.5543 1.30601 6

-2.55981 -0.789649 6
-2.25219 -0.963743 6
-2.55437 -1.13481 6

0.469798 2.7031 6
0.159167 2.53282 6
0.170808 2.88112 6

-1.64366 2.1877 6
-1.66238 1.83339 6
-1.94862 2.0156 6

-2.55985 0.609905 6
-2.85464 0.432327 6
-2.86781 0.783109 6

-1.94207 -1.48684 6
-1.94072 -1.83601 6
-2.24336 -1.65946 6

-1.94862 2.0156 6
-1.95182 1.65352 6
-2.24467 1.83471 6

-2.25845 0.432116 6
-2.25246 0.0797926 6
-2.55352 0.255013 6

1.08329 -2.1785 6
1.3846 -2.00242 6
1.38362 -2.35334 6

1.37429 2.17356 6
1.06746 2.00206 6
1.068 2.34575 6

-0.441395 2.5348 6
-0.738129 2.71282 6
-0.433987 2.88585 6

-2.2636 0.786698 6
-2.25845 0.432116 6
-2.55985 0.609905 6

-1.94072 -1.83601 6
-1.9419 -2.18509 6
-2.2438 -2.00845 6

1.98605 -2.00012 6
1.98984 -1.65186 6
2.29229 -1.82594 6

-1.34136 -2.53527 6
-1.0351 -2.36024 6
-1.03653 -2.70652 6

-1.03292 -2.01186 6
-0.73046 -2.18499 6
-1.0351 -2.36024 6

2.8836 0.268964 6
2.5717 0.436648 6
2.88619 0.612567 6

1.06746 2.00206 6
0.75924 2.17663 6
1.068 2.34575 6

-0.73046 -2.18499 6
-0.427142 -2.35777 6
-0.73131 -2.53225 6

2.28927 -1.12967 6
2.58693 -0.951491 6
2.59493 -1.29968 6

2.28643 -0.436485 6
2.59039 -0.262339 6
2.58352 -0.611916 6

-1.63841 -1.6631 6
-1.33533 -1.83805 6
-1.63833 -2.0122 6

0.159167 2.53282 6
-0.147316 2.35692 6
-0.136398 2.70856 6

-1.03653 -2.70652 6
-0.73131 -2.53225 6
-0.731931 -2.879 6

0.75924 2.17663 6
0.45425 2.35693 6
0.766722 2.52122 6

-2.25289 -0.270033 6
-2.25387 -0.617851 6
-2.55844 -0.445331 6

-1.94512 -1.13858 6
-1.94207 -1.48684 6
-2.24699 -1.31049 6

2.28643 -0.436485 6
2.28811 -0.0878069 6
2.59039 -0.262339 6

1.98743 -1.30433 6
2.28927 -1.12967 6
2.29277 -1.47672 6

1.37429 2.17356 6
1.37264 2.51942 6
1.67891 2.34839 6

2.27968 0.260072 6
2.28239 0.617373 6
2.5717 0.436648 6

1.68038 2.00171 6
1.67891 2.34839 6
1.98304 2.17877 6

-2.85998 -0.272031 6
-2.55844 -0.445331 6
-2.86762 -0.615755 6

1.98701 1.48226 6
1.98541 1.83009 6
2.28907 1.65392 6

-2.55352 0.255013 6
-2.85154 0.0801835 6
-2.85464 0.432327 6

-2.55437 -1.13481 6
-2.24699 -1.31049 6
-2.54713 -1.48349 6

1.98889 1.13732 6
1.98701 1.48226 6
2.29514 1.30917 6

1.07182 2.69428 6
0.766722 2.52122 6
0.774375 2.87218 6

-1.94207 -1.48684 6
-1.63841 -1.6631 6
-1.94072 -1.83601 6

2.26933 -0.78545 6
2.28643 -0.436485 6
2.58352 -0.611916 6

2.28239 0.617373 6
2.29309 0.963847 6
2.59302 0.786917 6

0.774375 2.87218 6
0.469798 2.7031 6
0.475685 3.05252 6

-2.85154 0.0801835 6
-2.55418 -0.0975863 6
-2.85998 -0.272031 6

2.59039 -0.262339 6
2.89033 -0.0845101 6
2.89014 -0.43578 6

1.37429 2.17356 6
1.068 2.34575 6
1.37264 2.51942 6

-1.33677 -2.18704 6
-1.34136 -2.53527 6
-1.64144 -2.36151 6

2.59989 1.13534 6
2.29514 1.30917 6
2.59988 1.48136 6

-2.25387 -0.617851 6
-2.25219 -0.963743 6
-2.55981 -0.789649 6

2.58352 -0.611916 6
2.89014 -0.43578 6
2.89291 -0.780886 6

-1.94873 1.3029 6
-2.25566 1.12959 6
-2.24995 1.47849 6

-2.24699 -1.31049 6
-1.94207 -1.48684 6
-2.24336 -1.65946 6

1.98701 1.48226 6
1.68151 1.65612 6
1.98541 1.83009 6

-2.24467 1.83471 6
-2.24995 1.47849 6
-2.54499 1.65832 6

2.88619 0.612567 6
2.59302 0.786917 6
2.89952 0.963395 6

-2.86762 -0.615755 6
-2.55981 -0.789649 6
-2.86384 -0.960183 6

-0.123937 -2.53117 6
0.178852 -2.35607 6
0.17854 -2.70533 6

-1.34303 2.36185 6
-1.6403 2.54175 6
-1.33965 2.71533 6

-1.04864 2.18402 6
-1.35255 2.00713 6
-1.34303 2.36185 6

-0.746847 2.36139 6
-1.04203 2.53814 6
-0.738129 2.71282 6

-0.731931 -2.879 6
-0.427483 -2.70532 6
-0.427969 -3.05311 6

0.782341 -2.35469 6
1.08312 -2.52966 6
0.782021 -2.70539 6

1.98541 1.83009 6
1.98304 2.17877 6
2.28611 2.005 6

0.17854 -2.70533 6
0.480129 -2.88024 6
0.177799 -3.05475 6

1.38362 -2.35334 6
1.3846 -2.00242 6
1.6853 -2.17738 6

-0.136398 2.70856 6
-0.433987 2.88585 6
-0.128785 3.05787 6

-1.35255 2.00713 6
-1.66238 1.83339 6
-1.64366 2.1877 6

-0.427142 -2.35777 6
-0.123937 -2.53117 6
-0.427483 -2.70532 6

1.38362 -2.35334 6
1.6853 -2.17738 6
1.68288 -2.52886 6

-1.63833 -2.0122 6
-1.64144 -2.36151 6
-1.9419 -2.18509 6

-2.25566 1.12959 6
-2.2636 0.786698 6
-2.57002 0.960195 6

2.29229 -1.82594 6
2.29277 -1.47672 6
2.59326 -1.6509 6

0.45425 2.35693 6
0.159167 2.53282 6
0.469798 2.7031 6

-0.746847 2.36139 6
-1.04864 2.18402 6
-1.04203 2.53814 6

-1.66238 1.83339 6
-1.95182 1.65352 6
-1.94862 2.0156 6

1.98445 -2.35337 6
1.98605 -2.00012 6
2.28289 -2.17505 6

0.782341 -2.35469 6
1.08329 -2.1785 6
1.08312 -2.52966 6

1.3846 -2.00242 6
1.68566 -1.82626 6
1.6853 -2.17738 6

-2.57002 0.960195 6
-2.86781 0.783109 6
-2.86574 1.13266 6

2.28927 -1.12967 6
2.26933 -0.78545 6
2.58693 -0.951491 6

-1.33677 -2.18704 6
-1.0351 -2.36024 6
-1.34136 -2.53527 6

-1.04203 2.53814 6
-1.33965 2.71533 6
-1.03723 2.88936 6

1.08312 -2.52966 6
1.38302 -2.70546 6
1.08226 -2.88107 6

-0.136398 2.70856 6
-0.441395 2.5348 6
-0.433987 2.88585 6

-2.25219 -0.963743 6
-2.24699 -1.31049 6
-2.55437 -1.13481 6

2.29514 1.30917 6
1.98701 1.48226 6
2.28907 1.65392 6

-1.6403 2.54175 6
-1.64366 2.1877 6
-1.9398 2.36835 6

-2.85154 0.0801835 6
-3.15453 -0.0865429 6
-3.15461 0.260676 6

-0.441395 2.5348 6
-0.746847 2.36139 6
-0.738129 2.71282 6

-2.55418 -0.0975863 6
-2.55844 -0.445331 6
-2.85998 -0.272031 6

0.480777 -2.53027 6
0.782341 -2.35469 6
0.782021 -2.70539 6

1.68566 -1.82626 6
1.98984 -1.65186 6
1.98605 -2.00012 6

2.58693 -0.951491 6
2.89291 -0.780886 6
2.8957 -1.12615 6

2.59039 -0.262339 6
2.58893 0.0879756 6
2.89033 -0.0845101 6

2.28907 1.65392 6
2.28611 2.005 6
2.58674 1.82669 6

-2.55352 0.255013 6
-2.55418 -0.0975863 6
-2.85154 0.0801835 6

2.29309 0.963847 6
2.29514 1.30917 6
2.59989 1.13534 6

-1.95182 1.65352 6
-2.24995 1.47849 6
-2.24467 1.83471 6

0.17854 -2.70533 6
0.480777 -2.53027 6
0.480129 -2.88024 6

-1.63833 -2.0122 6
-1.33677 -2.18704 6
-1.64144 -2.36151 6

-1.34333 -2.87965 6
-1.03653 -2.70652 6
-1.03751 -3.05204 6

-1.0351 -2.36024 6
-0.73131 -2.53225 6
-1.03653 -2.70652 6

-2.24995 1.47849 6
-2.25566 1.12959 6
-2.5543 1.30601 6

1.68038 2.00171 6
1.37429 2.17356 6
1.67891 2.34839 6

1.37264 2.51942 6
1.068 2.34575 6
1.07182 2.69428 6

-2.5543 1.30601 6
-2.86574 1.13266 6
-2.84837 1.48419 6

-2.86384 -0.960183 6
-2.55437 -1.13481 6
-2.8529 -1.30894 6

-2.24336 -1.65946 6
-2.2438 -2.00845 6
-2.54571 -1.83219 6

1.98984 -1.65186 6
2.29277 -1.47672 6
2.29229 -1.82594 6

-0.123937 -2.53117 6
0.17854 -2.70533 6
-0.124346 -2.87972 6

-3.15453 -0.0865429 6
-2.85998 -0.272031 6
-3.17424 -0.436453 6

1.67302 2.69608 6
1.37264 2.51942 6
1.37346 2.87059 6

0.159167 2.53282 6
-0.136398 2.70856 6
0.170808 2.88112 6

2.89033 -0.0845101 6
3.18559 0.0918317 6
3.1917 -0.260574 6

2.89952 0.963395 6
2.59989 1.13534 6
2.90519 1.31252 6

-0.738129 2.71282 6
-1.03723 2.88936 6
-0.734075 3.06287 6

-2.55985 0.609905 6
-2.55352 0.255013 6
-2.85464 0.432327 6

2.89033 -0.0845101 6
2.58893 0.0879756 6
2.8836 0.268964 6

1.07554 3.0466 6
0.774375 2.87218 6
0.777467 3.22458 6

2.58893 0.0879756 6
2.5717 0.436648 6
2.8836 0.268964 6

-1.94072 -1.83601 6
-1.63833 -2.0122 6
-1.9419 -2.18509 6

-2.57002 0.960195 6
-2.55985 0.609905 6
-2.86781 0.783109 6

-0.427969 -3.05311 6
-0.124346 -2.87972 6
-0.125108 -3.22831 6

0.475685 3.05252 6
0.170808 2.88112 6
0.175116 3.23043 6

-1.9398 2.36835 6
-1.94862 2.0156 6
-2.24236 2.19132 6

2.58352 -0.611916 6
2.59039 -0.262339 6
2.89014 -0.43578 6

1.068 2.34575 6
0.766722 2.52122 6
1.07182 2.69428 6

0.480129 -2.88024 6
0.780931 -3.05619 6
0.478983 -3.23067 6

2.29277 -1.47672 6
2.28927 -1.12967 6
2.59493 -1.29968 6

0.766722 2.52122 6
0.469798 2.7031 6
0.774375 2.87218 6

-2.24236 2.19132 6
-2.24467 1.83471 6
-2.54128 2.011 6

-0.73131 -2.53225 6
-0.427483 -2.70532 6
-0.731931 -2.879 6

0.782021 -2.70539 6
1.08226 -2.88107 6
0.780931 -3.05619 6

2.59493 -1.29968 6
2.8957 -1.12615 6
2.89488 -1.47554 6

3.18825 0.443365 6
2.88619 0.612567 6
3.19472 0.792089 6

-2.24336 -1.65946 6
-1.94072 -1.83601 6
-2.2438 -2.00845 6

-1.9419 -2.18509 6
-1.94738 -2.53394 6
-2.24683 -2.35718 6

1.38362 -2.35334 6
1.68288 -2.52886 6
1.38302 -2.70546 6

2.58693 -0.951491 6
2.58352 -0.611916 6
2.89291 -0.780886 6

-0.433987 2.88585 6
-0.734075 3.06287 6
-0.429773 3.23503 6

-2.55844 -0.445331 6
-2.55981 -0.789649 6
-2.86762 -0.615755 6

1.67891 2.34839 6
1.67302 2.69608 6
1.97919 2.5299 6

1.98541 1.83009 6
1.68038 2.00171 6
1.98304 2.17877 6

-3.17424 -0.436453 6
-2.86762 -0.615755 6
-3.17426 -0.785984 6

-2.24699 -1.31049 6
-2.24336 -1.65946 6
-2.54713 -1.48349 6

2.28289 -2.17505 6
2.29229 -1.82594 6
2.59016 -2.00562 6

2.5717 0.436648 6
2.59302 0.786917 6
2.88619 0.612567 6

-2.2438 -2.00845 6
-2.24683 -2.35718 6
-2.54708 -2.18292 6

-1.03751 -3.05204 6
-0.731931 -2.879 6
-0.732415 -3.22574 6

1.98304 2.17877 6
1.97919 2.5299 6
2.28142 2.35685 6

-2.85464 0.432327 6
-3.15461 0.260676 6
-3.16175 0.606901 6

2.59302 0.786917 6
2.59989 1.13534 6
2.89952 0.963395 6

1.37346 2.87059 6
1.07182 2.69428 6
1.07554 3.0466 6

-1.94275 2.71972 6
-1.9398 2.36835 6
-2.24049 2.54286 6

2.29514 1.30917 6
2.28907 1.65392 6
2.59988 1.48136 6

-1.65023 -2.70954 6
-1.34136 -2.53527 6
-1.34333 -2.87965 6

2.89014 -0.43578 6
3.1917 -0.260574 6
3.19601 -0.608204 6

-2.86781 0.783109 6
-3.16175 0.606901 6
-3.17465 0.960206 6

-2.8529 -1.30894 6
-2.54713 -1.48349 6
-2.84948 -1.65537 6

-2.55981 -0.789649 6
-2.55437 -1.13481 6
-2.86384 -0.960183 6

-1.64366 2.1877 6
-1.94862 2.0156 6
-1.9398 2.36835 6

2.28907 1.65392 6
1.98541 1.83009 6
2.28611 2.005 6

-1.34303 2.36185 6
-1.64366 2.1877 6
-1.6403 2.54175 6

2.28611 2.005 6
2.28142 2.35685 6
2.58312 2.18458 6

-1.04203 2.53814 6
-1.34303 2.36185 6
-1.33965 2.71533 6

-2.24995 1.47849 6
-2.5543 1.30601 6
-2.54499 1.65832 6

1.68288 -2.52886 6
1.6853 -2.17738 6
1.98445 -2.35337 6

-0.427483 -2.70532 6
-0.124346 -2.87972 6
-0.427969 -3.05311 6

2.89291 -0.780886 6
3.19601 -0.608204 6
3.19927 -0.956358 6

-2.5543 1.30601 6
-2.57002 0.960195 6
-2.86574 1.13266 6

1.08312 -2.52966 6
1.38362 -2.35334 6
1.38302 -2.70546 6

2.29277 -1.47672 6
2.59493 -1.29968 6
2.59326 -1.6509 6

2.90519 1.31252 6
2.59988 1.48136 6
2.90068 1.66104 6

2.89033 -0.0845101 6
2.8836 0.268964 6
3.18559 0.0918317 6

-1.33965 2.71533 6
-1.64115 2.89222 6
-1.33883 3.06525 6

-0.124346 -2.87972 6
0.17854 -2.70533 6
0.177799 -3.05475 6

0.782021 -2.70539 6
1.08312 -2.52966 6
1.08226 -2.88107 6

-0.128785 3.05787 6
-0.429773 3.23503 6
-0.126156 3.40699 6

0.170808 2.88112 6
-0.136398 2.70856 6
-0.128785 3.05787 6

-1.64115 2.89222 6
-1.6403 2.54175 6
-1.94275 2.71972 6

-2.54128 2.011 6
-2.54499 1.65832 6
-2.84318 1.83536 6

3.19472 0.792089 6
2.89952 0.963395 6
3.20577 1.14162 6

-0.738129 2.71282 6
-1.04203 2.53814 6
-1.03723 2.88936 6

0.777467 3.22458 6
0.475685 3.05252 6
0.47785 3.40292 6

1.6853 -2.17738 6
1.98605 -2.00012 6
1.98445 -2.35337 6

1.38302 -2.70546 6
1.68288 -2.52886 6
1.68206 -2.88252 6

0.177799 -3.05475 6
0.478983 -3.23067 6
0.176913 -3.40442 6

1.68206 -2.88252 6
1.68288 -2.52886 6
1.98005 -2.70613 6

2.59016 -2.00562 6
2.59326 -1.6509 6
2.88765 -1.82996 6

-0.433987 2.88585 6
-0.738129 2.71282 6
-0.734075 3.06287 6

-3.17426 -0.785984 6
-2.86384 -0.960183 6
-3.16022 -1.14024 6

-2.54713 -1.48349 6
-2.24336 -1.65946 6
-2.54571 -1.83219 6

1.98605 -2.00012 6
2.29229 -1.82594 6
2.28289 -2.17505 6

0.780931 -3.05619 6
1.08051 -3.23279 6
0.778793 -3.40742 6

0.469798 2.7031 6
0.170808 2.88112 6
0.475685 3.05252 6

-2.24049 2.54286 6
-2.24236 2.19132 6
-2.54166 2.36256 6

2.59493 -1.29968 6
2.58693 -0.951491 6
2.8957 -1.12615 6

-1.94862 2.0156 6
-2.24467 1.83471 6
-2.24236 2.19132 6

-2.86574 1.13266 6
-3.17465 0.960206 6
-3.1555 1.31307 6

-1.64144 -2.36151 6
-1.34136 -2.53527 6
-1.65023 -2.70954 6

-0.732415 -3.22574 6
-0.427969 -3.05311 6
-0.428674 -3.40092 6

-3.15461 0.260676 6
-3.46082 0.0948527 6
-3.46559 0.433238 6

-2.55437 -1.13481 6
-2.54713 -1.48349 6
-2.8529 -1.30894 6

2.8957 -1.12615 6
3.19927 -0.956358 6
3.19951 -1.30443 6

-1.03723 2.88936 6
-1.33883 3.06525 6
-1.03579 3.23867 6

-1.64144 -2.36151 6
-1.65023 -2.70954 6
-1.94738 -2.53394 6

0.480129 -2.88024 6
0.782021 -2.70539 6
0.780931 -3.05619 6

-2.85154 0.0801835 6
-2.85998 -0.272031 6
-3.15453 -0.0865429 6

1.08226 -2.88107 6
1.38178 -3.05765 6
1.08051 -3.23279 6

-0.128785 3.05787 6
-0.433987 2.88585 6
-0.429773 3.23503 6

-3.46082 0.0948527 6
-3.15453 -0.0865429 6
-3.46209 -0.251741 6

-2.54571 -1.83219 6
-2.54708 -2.18292 6
-2.84583 -2.00701 6

-2.85464 0.432327 6
-2.85154 0.0801835 6
-3.15461 0.260676 6

3.48965 -0.0867538 6
3.18559 0.0918317 6
3.4846 0.264079 6

2.59988 1.48136 6
2.28907 1.65392 6
2.58674 1.82669 6

-2.86762 -0.615755 6
-2.86384 -0.960183 6
-3.17426 -0.785984 6

-1.65124 -3.05046 6
-1.34333 -2.87965 6
-1.34342 -3.22393 6

1.67302 2.69608 6
1.67184 3.05162 6
1.96664 2.88069 6

1.67891 2.34839 6
1.37264 2.51942 6
1.67302 2.69608 6

-1.94738 -2.53394 6
-1.96488 -2.88098 6
-2.25904 -2.70483 6

-1.34136 -2.53527 6
-1.03653 -2.70652 6
-1.34333 -2.87965 6

2.58674 1.82669 6
2.58312 2.18458 6
2.87441 2.00796 6

1.37264 2.51942 6
1.07182 2.69428 6
1.37346 2.87059 6

2.59326 -1.6509 6
2.59493 -1.29968 6
2.89488 -1.47554 6

3.18559 0.0918317 6
2.8836 0.268964 6
3.18825 0.443365 6

2.59989 1.13534 6
2.59988 1.48136 6
2.90519 1.31252 6

-2.86781 0.783109 6
-2.85464 0.432327 6
-3.16175 0.606901 6

-1.9419 -2.18509 6
-1.64144 -2.36151 6
-1.94738 -2.53394 6

-1.03653 -2.70652 6
-0.731931 -2.879 6
-1.03751 -3.05204 6

2.89014 -0.43578 6
2.89033 -0.0845101 6
3.1917 -0.260574 6

3.20577 1.14162 6
2.90519 1.31252 6
3.20609 1.49247 6

1.07767 3.40023 6
0.777467 3.22458 6
0.778793 3.57686 0

-2.85998 -0.272031 6
-2.86762 -0.615755 6
-3.17424 -0.436453 6

3.49183 0.61989 6
3.19472 0.792089 6
3.50408 0.967681 6

-2.54499 1.65832 6
-2.5543 1.30601 6
-2.84837 1.48419 6

1.98304 2.17877 6
1.67891 2.34839 6
1.97919 2.5299 6

1.67184 3.05162 6
1.37346 2.87059 6
1.37478 3.22475 6

-1.03694 -3.39761 6
-0.732415 -3.22574 6
-0.732449 -3.57279 0

2.8836 0.268964 6
2.88619 0.612567 6
3.18825 0.443365 6

-2.84837 1.48419 6
-3.1555 1.31307 6
-3.14658 1.66265 6

-3.46209 -0.251741 6
-3.17424 -0.436453 6
-3.47049 -0.609323 6

-2.2438 -2.00845 6
-1.9419 -2.18509 6
-2.24683 -2.35718 6

0.177799 -3.05475 6
0.480129 -2.88024 6
0.478983 -3.23067 6

-0.124346 -2.87972 6
0.177799 -3.05475 6
-0.125108 -3.22831 6

2.89488 -1.47554 6
3.19951 -1.30443 6
3.19031 -1.6531 6

0.774375 2.87218 6
0.475685 3.05252 6
0.777467 3.22458 6

1.07182 2.69428 6
0.774375 2.87218 6
1.07554 3.0466 6

0.170808 2.88112 6
-0.128785 3.05787 6
0.175116 3.23043 6

2.29229 -1.82594 6
2.59326 -1.6509 6
2.59016 -2.00562 6

-2.24467 1.83471 6
-2.54499 1.65832 6
-2.54128 2.011 6

-2.86574 1.13266 6
-2.86781 0.783109 6
-3.17465 0.960206 6

2.28158 -2.53353 6
2.28289 -2.17505 6
2.57181 -2.35731 6

3.4846 0.264079 6
3.18825 0.443365 6
3.49183 0.61989 6

2.89291 -0.780886 6
2.89014 -0.43578 6
3.19601 -0.608204 6

-0.734075 3.06287 6
-1.03579 3.23867 6
-0.732449 3.4115 6

-3.47049 -0.609323 6
-3.17426 -0.785984 6
-3.46227 -0.966561 6

-2.24683 -2.35718 6
-2.25904 -2.70483 6
-2.55542 -2.53172 6

3.19601 -0.608204 6
3.49792 -0.435127 6
3.49948 -0.784257 6

0.47785 3.40292 6
0.175116 3.23043 6
0.176913 3.57986 0

-2.54571 -1.83219 6
-2.2438 -2.00845 6
-2.54708 -2.18292 6

-0.428674 -3.40092 6
-0.125108 -3.22831 6
-0.126156 -3.57729 0

2.28142 2.35685 6
2.27779 2.70511 6
2.58517 2.5295 6

-3.16022 -1.14024 6
-2.8529 -1.30894 6
-3.15825 -1.48082 6

-3.15825 -1.48082 6
-2.84948 -1.65537 6
-3.14612 -1.83184 6

1.38302 -2.70546 6
1.68206 -2.88252 6
1.38178 -3.05765 6

2.28611 2.005 6
1.98304 2.17877 6
2.28142 2.35685 6

-0.429773 3.23503 6
-0.732449 3.4115 6
-0.428674 3.58337 0

-2.54713 -1.48349 6
-2.54571 -1.83219 6
-2.84948 -1.65537 6

2.88619 0.612567 6
2.89952 0.963395 6
3.19472 0.792089 6

-2.54166 2.36256 6
-2.54128 2.011 6
-2.84261 2.1853 6

0.478983 -3.23067 6
0.778793 -3.40742 6
0.47785 -3.58137 0

-0.731931 -2.879 6
-0.427969 -3.05311 6
-0.732415 -3.22574 6

2.57181 -2.35731 6
2.59016 -2.00562 6
2.88194 -2.18976 6

1.98349 -3.05842 6
1.98005 -2.70613 6
2.28139 -2.87982 6

-3.16175 0.606901 6
-3.46559 0.433238 6
-3.46628 0.780127 6

3.1917 -0.260574 6
3.48965 -0.0867538 6
3.49792 -0.435127 6

1.37478 3.22475 6
1.07554 3.0466 6
1.07767 3.40023 6

-1.33965 2.71533 6
-1.6403 2.54175 6
-1.64115 2.89222 6

-3.17465 0.960206 6
-3.46628 0.780127 6
-3.46265 1.14016 6

1.38178 -3.05765 6
1.68252 -3.23343 6
1.3804 -3.40854 6

1.98005 -2.70613 6
1.98445 -2.35337 6
2.28158 -2.53353 6

2.8957 -1.12615 6
2.89291 -0.780886 6
3.19927 -0.956358 6

1.97919 2.5299 6
1.96664 2.88069 6
2.27779 2.70511 6

-1.64115 2.89222 6
-1.94684 3.06606 6
-1.64289 3.23983 6

-1.6403 2.54175 6
-1.9398 2.36835 6
-1.94275 2.71972 6

3.19927 -0.956358 6
3.49948 -0.784257 6
3.50174 -1.13678 6

2.59988 1.48136 6
2.58674 1.82669 6
2.90068 1.66104 6

-1.03723 2.88936 6
-1.33965 2.71533 6
-1.33883 3.06525 6

-2.84837 1.48419 6
-2.86574 1.13266 6
-3.1555 1.31307 6

-1.65023 -2.70954 6
-1.34333 -2.87965 6
-1.65124 -3.05046 6

1.68288 -2.52886 6
1.98445 -2.35337 6
1.98005 -2.70613 6

-2.25113 2.89287 6
-2.24049 2.54286 6
-2.54595 2.71068 6

-1.65023 -2.70954 6
-1.65124 -3.05046 6
-1.96488 -2.88098 6

1.08226 -2.88107 6
1.38302 -2.70546 6
1.38178 -3.05765 6

-0.429773 3.23503 6
-0.734075 3.06287 6
-0.732449 3.4115 6

-0.734075 3.06287 6
-1.03723 2.88936 6
-1.03579 3.23867 6

-2.86384 -0.960183 6
-2.8529 -1.30894 6
-3.16022 -1.14024 6

3.20609 1.49247 6
2.90068 1.66104 6
3.19382 1.84258 6

2.58674 1.82669 6
2.28611 2.005 6
2.58312 2.18458 6

-2.54499 1.65832 6
-2.84837 1.48419 6
-2.84318 1.83536 6

-1.34342 -3.22393 6
-1.03751 -3.05204 6
-1.03694 -3.39761 6

2.58312 2.18458 6
2.58517 2.5295 6
2.89409 2.35391 6

-1.9398 2.36835 6
-2.24236 2.19132 6
-2.24049 2.54286 6

0.780931 -3.05619 6
1.08226 -2.88107 6
1.08051 -3.23279 6

-1.33883 3.06525 6
-1.64289 3.23983 6
-1.33976 3.41335 6

-0.427969 -3.05311 6
-0.125108 -3.22831 6
-0.428674 -3.40092 6

2.89952 0.963395 6
2.90519 1.31252 6
3.20577 1.14162 6

-3.15461 0.260676 6
-3.15453 -0.0865429 6
-3.46082 0.0948527 6

1.98445 -2.35337 6
2.28289 -2.17505 6
2.28158 -2.53353 6

0.175116 3.23043 6
-0.128785 3.05787 6
-0.126156 3.40699 6

-0.125108 -3.22831 6
0.177799 -3.05475 6
0.176913 -3.40442 6

3.50408 0.967681 6
3.20577 1.14162 6
3.50767 1.31854 6

-2.84261 2.1853 6
-2.84318 1.83536 6
-3.14483 2.01166 6

2.88194 -2.18976 6
2.88765 -1.82996 6
3.17625 -2.00831 6

1.68252 -3.23343 6
1.68206 -2.88252 6
1.98349 -3.05842 6

2.59017 -2.70642 6
2.57181 -2.35731 6
2.8878 -2.53078 6

-2.54595 2.71068 6
-2.54166 2.36256 6
-2.84634 2.53398 6

-1.03751 -3.05204 6
-0.732415 -3.22574 6
-1.03694 -3.39761 6

2.59326 -1.6509 6
2.89488 -1.47554 6
2.88765 -1.82996 6

0.778793 3.57686 0
0.47785 3.40292 6
0.478983 3.75361 0

2.28289 -2.17505 6
2.59016 -2.00562 6
2.57181 -2.35731 6

0.475685 3.05252 6
0.175116 3.23043 6
0.47785 3.40292 6

-0.126156 3.40699 6
-0.428674 3.58337 0
-0.125108 3.75598 0

-3.46559 0.433238 6
-3.77946 0.262207 6
-3.76885 0.606414 6

2.89488 -1.47554 6
2.8957 -1.12615 6
3.19951 -1.30443 6

-3.1555 1.31307 6
-3.46265 1.14016 6
-3.45225 1.49107 6

-3.15453 -0.0865429 6
-3.17424 -0.436453 6
-3.46209 -0.251741 6

-2.54708 -2.18292 6
-2.55542 -2.53172 6
-2.85315 -2.35863 6

-1.95052 -3.22723 6
-1.65124 -3.05046 6
-1.64543 -3.39803 6

-0.126156 3.40699 6
-0.429773 3.23503 6
-0.428674 3.58337 0

-2.24236 2.19132 6
-2.54128 2.011 6
-2.54166 2.36256 6

-3.46082 0.0948527 6
-3.76311 -0.0812675 6
-3.77946 0.262207 6

-3.46227 -0.966561 6
-3.16022 -1.14024 6
-3.47649 -1.31012 6

-2.84948 -1.65537 6
-2.54571 -1.83219 6
-2.84583 -2.00701 6

1.67302 2.69608 6
1.37346 2.87059 6
1.67184 3.05162 6

-3.17424 -0.436453 6
-3.17426 -0.785984 6
-3.47049 -0.609323 6

-1.34333 -2.87965 6
-1.03751 -3.05204 6
-1.34342 -3.22393 6

-1.94738 -2.53394 6
-1.65023 -2.70954 6
-1.96488 -2.88098 6

3.19951 -1.30443 6
3.50174 -1.13678 6
3.50001 -1.48706 6

1.97919 2.5299 6
1.67302 2.69608 6
1.96664 2.88069 6

1.96664 2.88069 6
1.67184 3.05162 6
1.98194 3.22598 6

-2.8529 -1.30894 6
-2.84948 -1.65537 6
-3.15825 -1.48082 6

-3.17426 -0.785984 6
-3.16022 -1.14024 6
-3.46227 -0.966561 6

0.478983 -3.23067 6
0.780931 -3.05619 6
0.778793 -3.40742 6

0.778793 -3.40742 6
1.07767 -3.58405 0
0.777467 -3.7597 0

1.96664 2.88069 6
1.98194 3.22598 6
2.28003 3.04712 6

-1.03579 3.23867 6
-1.33976 3.41335 6
-1.03694 3.58667 0

3.78878 0.0857688 6
3.4846 0.264079 6
3.78103 0.436819 6

3.1917 -0.260574 6
3.18559 0.0918317 6
3.48965 -0.0867538 6

-3.16175 0.606901 6
-3.15461 0.260676 6
-3.46559 0.433238 6

-3.76311 -0.0812675 6
-3.46209 -0.251741 6
-3.76377 -0.431145 6

-1.96488 -2.88098 6
-1.65124 -3.05046 6
-1.95052 -3.22723 6

3.49792 -0.435127 6
3.79781 -0.260057 6
3.80129 -0.610748 6

3.78103 0.436819 6
3.49183 0.61989 6
3.80165 0.788135 6

3.18559 0.0918317 6
3.18825 0.443365 6
3.4846 0.264079 6

1.07554 3.0466 6
0.777467 3.22458 6
1.07767 3.40023 6

0.176913 -3.40442 6
0.47785 -3.58137 0
0.175116 -3.75385 0

1.37346 2.87059 6
1.07554 3.0466 6
1.37478 3.22475 6

-2.24683 -2.35718 6
-1.94738 -2.53394 6
-2.25904 -2.70483 6

2.58312 2.18458 6
2.28142 2.35685 6
2.58517 2.5295 6

2.90068 1.66104 6
2.58674 1.82669 6
2.87441 2.00796 6

-1.94684 3.06606 6
-1.94275 2.71972 6
-2.25113 2.89287 6

-0.732449 -3.57279 0
-0.428674 -3.40092 6
-0.429773 -3.74925 0

-2.54708 -2.18292 6
-2.24683 -2.35718 6
-2.55542 -2.53172 6

3.19601 -0.608204 6
3.1917 -0.260574 6
3.49792 -0.435127 6

2.59016 -2.00562 6
2.88765 -1.82996 6
2.88194 -2.18976 6

2.87441 2.00796 6
2.89409 2.35391 6
3.19195 2.18115 6

2.28142 2.35685 6
1.97919 2.5299 6
2.27779 2.70511 6

-3.1555 1.31307 6
-3.17465 0.960206 6
-3.46265 1.14016 6

-1.64543 -3.39803 6
-1.34342 -3.22393 6
-1.33976 -3.57093 0

2.90519 1.31252 6
2.90068 1.66104 6
3.20609 1.49247 6

-2.25904 -2.70483 6
-2.26098 -3.05714 6
-2.56359 -2.88236 6

3.18825 0.443365 6
3.19472 0.792089 6
3.49183 0.61989 6

-3.17465 0.960206 6
-3.16175 0.606901 6
-3.46628 0.780127 6

0.176913 -3.40442 6
0.478983 -3.23067 6
0.47785 -3.58137 0

2.27779 2.70511 6
2.28003 3.04712 6
2.58511 2.87591 6

-3.76355 -0.78821 6
-3.46227 -0.966561 6
-3.7694 -1.13923 6

3.49948 -0.784257 6
3.80129 -0.610748 6
3.798 -0.962907 6

-2.84318 1.83536 6
-2.84837 1.48419 6
-3.14658 1.66265 6

3.19927 -0.956358 6
3.19601 -0.608204 6
3.49948 -0.784257 6

1.67983 3.39991 6
1.37478 3.22475 6
1.3804 3.57575 0

-0.732415 -3.22574 6
-0.428674 -3.40092 6
-0.732449 -3.57279 0

-0.125108 -3.22831 6
0.176913 -3.40442 6
-0.126156 -3.57729 0

3.50767 1.31854 6
3.20609 1.49247 6
3.50296 1.66987 6

0.175116 3.23043 6
-0.126156 3.40699 6
0.176913 3.57986 0

-2.54128 2.011 6
-2.84318 1.83536 6
-2.84261 2.1853 6

-3.14658 1.66265 6
-3.45225 1.49107 6
-3.44806 1.83958 6

-1.64115 2.89222 6
-1.94275 2.71972 6
-1.94684 3.06606 6

3.48965 -0.0867538 6
3.78878 0.0857688 6
3.79781 -0.260057 6

0.478983 3.75361 0
0.176913 3.57986 0
0.177799 3.92953 0

2.88765 -1.82996 6
2.89488 -1.47554 6
3.19031 -1.6531 6

-2.84634 2.53398 6
-2.84261 2.1853 6
-3.1472 2.35974 6

-3.47649 -1.31012 6
-3.15825 -1.48082 6
-3.45038 -1.66027 6

-2.84583 -2.00701 6
-2.85315 -2.35863 6
-3.14824 -2.18331 6

-0.429773 -3.74925 0
-0.126156 -3.57729 0
-0.128785 -3.92641 0

-3.46265 1.14016 6
-3.75993 0.961043 6
-3.75735 1.31685 6

-0.732449 3.4115 6
-1.03694 3.58667 0
-0.732415 3.75854 0

-2.84583 -2.00701 6
-2.54708 -2.18292 6
-2.85315 -2.35863 6

1.38178 -3.05765 6
1.68206 -2.88252 6
1.68252 -3.23343 6

1.08051 -3.23279 6
1.3804 -3.40854 6
1.07767 -3.58405 0

0.777467 3.22458 6
0.47785 3.40292 6
0.778793 3.57686 0

-3.46082 0.0948527 6
-3.46209 -0.251741 6
-3.76311 -0.0812675 6

3.19031 -1.6531 6
3.50001 -1.48706 6
3.4789 -1.83374 6

-0.428674 3.58337 0
-0.732415 3.75854 0
-0.427969 3.93117 0

-2.84948 -1.65537 6
-2.84583 -2.00701 6
-3.14612 -1.83184 6

2.58517 2.5295 6
2.58511 2.87591 6
2.88716 2.69901 6

-1.33883 3.06525 6
-1.64115 2.89222 6
-1.64289 3.23983 6

2.8878 -2.53078 6
2.88194 -2.18976 6
3.19331 -2.35543 6

3.19472 0.792089 6
3.20577 1.14162 6
3.50408 0.967681 6

-1.94275 2.71972 6
-2.24049 2.54286 6
-2.25113 2.89287 6

0.47785 -3.58137 0
0.777467 -3.7597 0
0.475685 -3.93177 0

2.28139 -2.87982 6
2.28158 -2.53353 6
2.59017 -2.70642 6

3.80165 0.788135 6
3.50408 0.967681 6
3.80676 1.1408 6

1.68206 -2.88252 6
1.98005 -2.70613 6
1.98349 -3.05842 6

-3.46628 0.780127 6
-3.76885 0.606414 6
-3.75993 0.961043 6

1.3804 3.57575 0
1.07767 3.40023 6
1.08051 3.7515 0

-3.14612 -1.83184 6
-3.14824 -2.18331 6
-3.4478 -2.00872 6

-1.33976 -3.57093 0
-1.03694 -3.39761 6
-1.03579 -3.74561 0

1.08051 -3.23279 6
1.38178 -3.05765 6
1.3804 -3.40854 6

1.08051 3.7515 0
0.778793 3.57686 0
0.780931 3.9281 0

-1.64289 3.23983 6
-1.95023 3.40997 6
-1.64543 3.58625 0

-1.95023 3.40997 6
-1.94684 3.06606 6
-2.25736 3.23297 6

3.50174 -1.13678 6
3.798 -0.962907 6
3.80152 -1.32003 6

2.28175 -3.23775 6
2.28139 -2.87982 6
2.57179 -3.05555 6

-1.03579 3.23867 6
-1.33883 3.06525 6
-1.33976 3.41335 6

-1.03579 -3.74561 0
-0.732449 -3.57279 0
-0.734075 -3.92141 0

1.98005 -2.70613 6
2.28158 -2.53353 6
2.28139 -2.87982 6

-3.46209 -0.251741 6
-3.47049 -0.609323 6
-3.76377 -0.431145 6

1.07767 -3.58405 0
1.37478 -3.75953 0
1.07554 -3.93768 0

3.19951 -1.30443 6
3.19927 -0.956358 6
3.50174 -1.13678 6

-0.732449 3.4115 6
-1.03579 3.23867 6
-1.03694 3.58667 0

2.90068 1.66104 6
2.87441 2.00796 6
3.19382 1.84258 6

-2.55542 -2.53172 6
-2.56359 -2.88236 6
-2.86125 -2.70752 6

-2.25736 3.23297 6
-2.25113 2.89287 6
-2.56948 3.05597 6

-1.96488 -2.88098 6
-1.95052 -3.22723 6
-2.26098 -3.05714 6

0.778793 -3.40742 6
1.08051 -3.23279 6
1.07767 -3.58405 0

-3.16022 -1.14024 6
-3.15825 -1.48082 6
-3.47649 -1.31012 6

3.50296 1.66987 6
3.19382 1.84258 6
3.50082 2.01451 6

-2.24049 2.54286 6
-2.54166 2.36256 6
-2.54595 2.71068 6

1.98225 -3.41059 6
1.98349 -3.05842 6
2.28175 -3.23775 6

2.87441 2.00796 6
2.58312 2.18458 6
2.89409 2.35391 6

-2.56948 3.05597 6
-2.54595 2.71068 6
-2.85926 2.88088 6

-2.84318 1.83536 6
-3.14658 1.66265 6
-3.14483 2.01166 6

2.89409 2.35391 6
2.88716 2.69901 6
3.1974 2.53074 6

-1.33976 3.41335 6
-1.64543 3.58625 0
-1.34342 3.76036 0

-0.429773 -3.74925 0
-0.128785 -3.92641 0
-0.734075 -3.92141 0

2.28158 -2.53353 6
2.57181 -2.35731 6
2.59017 -2.70642 6

1.68252 -3.23343 6
1.98349 -3.05842 6
1.98225 -3.41059 6

-0.126156 -3.57729 0
0.176913 -3.40442 6
0.175116 -3.75385 0

3.80676 1.1408 6
3.50767 1.31854 6
3.80669 1.49383 6

3.20577 1.14162 6
3.20609 1.49247 6
3.50767 1.31854 6

-3.7694 -1.13923 6
-3.47649 -1.31012 6
-3.76328 -1.49909 6

2.88765 -1.82996 6
3.19031 -1.6531 6
3.17625 -2.00831 6

-3.14658 1.66265 6
-3.1555 1.31307 6
-3.45225 1.49107 6

1.68252 -3.23343 6
1.98225 -3.41059 6
1.67983 -3.58437 0

0.176913 3.57986 0
-0.126156 3.40699 6
-0.125108 3.75598 0

-2.54166 2.36256 6
-2.84261 2.1853 6
-2.84634 2.53398 6

-3.1472 2.35974 6
-3.14483 2.01166 6
-3.44945 2.18729 6

3.19331 -2.35543 6
3.17625 -2.00831 6
3.4919 -2.17664 6

-3.76377 -0.431145 6
-3.47049 -0.609323 6
-3.76355 -0.78821 6

-1.95052 -3.22723 6
-1.95023 -3.57431 0
-2.25338 -3.40317 6

2.57179 -3.05555 6
2.59017 -2.70642 6
2.88728 -2.88098 6

-2.25904 -2.70483 6
-1.96488 -2.88098 6
-2.26098 -3.05714 6

-0.428674 -3.40092 6
-0.126156 -3.57729 0
-0.429773 -3.74925 0

1.68252 3.75085 0
1.3804 3.57575 0
1.38178 3.92663 0

0.177799 3.92953 0
-0.125108 3.75598 0
-0.427969 3.93117 0

-1.65124 -3.05046 6
-1.34342 -3.22393 6
-1.64543 -3.39803 6

0.47785 3.40292 6
0.176913 3.57986 0
0.478983 3.75361 0

-3.45225 1.49107 6
-3.75735 1.31685 6
-3.75258 1.66677 6

3.48965 -0.0867538 6
3.4846 0.264079 6
3.78878 0.0857688 6

1.98194 3.22598 6
1.67184 3.05162 6
1.67983 3.39991 6

-3.76311 -0.0812675 6
-4.06533 -0.260057 0
-4.07436 0.0857688 0

-2.85315 -2.35863 6
-2.86125 -2.70752 6
-3.16139 -2.53438 6

1.98225 3.5737 0
1.67983 3.39991 6
1.68252 3.75085 0

-3.46559 0.433238 6
-3.46082 0.0948527 6
-3.77946 0.262207 6

3.19195 2.18115 6
3.1974 2.53074 6
3.4987 2.35944 6

-1.34342 -3.22393 6
-1.03694 -3.39761 6
-1.33976 -3.57093 0

1.67184 3.05162 6
1.37478 3.22475 6
1.67983 3.39991 6

-3.76885 0.606414 6
-4.0821 0.436819 0
-4.06149 0.788135 0

-4.06185 -0.610748 0
-3.76355 -0.78821 6
-4.06514 -0.962907 0

-1.64289 -3.74446 0
-1.33976 -3.57093 0
-1.33883 -3.91904 0

3.19031 -1.6531 6
3.19951 -1.30443 6
3.50001 -1.48706 6

3.78878 0.0857688 6
4.08368 0.262207 0
4.10003 -0.0812675 0

2.27779 2.70511 6
1.96664 2.88069 6
2.28003 3.04712 6

0.478983 3.75361 0
0.177799 3.92953 0
0.780931 3.9281 0

-1.03694 -3.39761 6
-0.732449 -3.57279 0
-1.03579 -3.74561 0

3.4846 0.264079 6
3.49183 0.61989 6
3.78103 0.436819 6

-1.95023 -3.57431 0
-1.64543 -3.39803 6
-1.64289 -3.74446 0

3.49792 -0.435127 6
3.48965 -0.0867538 6
3.79781 -0.260057 6

-3.47049 -0.609323 6
-3.46227 -0.966561 6
-3.76355 -0.78821 6

-0.428674 3.58337 0
-0.732449 3.4115 6
-0.732415 3.75854 0

0.47785 -3.58137 0
0.778793 -3.40742 6
0.777467 -3.7597 0

3.50001 -1.48706 6
3.80152 -1.32003 6
3.79587 -1.67172 6

2.28003 3.04712 6
2.28605 3.39777 6
2.58351 3.22533 6

-3.46628 0.780127 6
-3.46559 0.433238 6
-3.76885 0.606414 6

-3.15825 -1.48082 6
-3.14612 -1.83184 6
-3.45038 -1.66027 6

-1.03694 3.58667 0
-1.34342 3.76036 0
-1.03751 3.93224 0

4.08368 0.262207 0
3.78103 0.436819 6
4.09428 0.606414 0

-2.85926 2.88088 6
-2.84634 2.53398 6
-3.15566 2.70714 6

-3.46227 -0.966561 6
-3.47649 -1.31012 6
-3.7694 -1.13923 6

-3.14612 -1.83184 6
-2.84583 -2.00701 6
-3.14824 -2.18331 6

-1.03579 -3.74561 0
-0.734075 -3.92141 0
-1.33883 -3.91904 0

1.37478 3.22475 6
1.07767 3.40023 6
1.3804 3.57575 0

-2.55542 -2.53172 6
-2.25904 -2.70483 6
-2.56359 -2.88236 6

-0.128785 -3.92641 0
0.175116 -3.75385 0
0.475685 -3.93177 0

2.57181 -2.35731 6
2.88194 -2.18976 6
2.8878 -2.53078 6

3.79781 -0.260057 6
4.10003 -0.0812675 0
4.09937 -0.431145 0

3.50174 -1.13678 6
3.49948 -0.784257 6
3.798 -0.962907 6

-3.46265 1.14016 6
-3.46628 0.780127 6
-3.75993 0.961043 6

3.78878 0.0857688 6
3.78103 0.436819 6
4.08368 0.262207 0

3.49948 -0.784257 6
3.49792 -0.435127 6
3.80129 -0.610748 6

1.07767 3.40023 6
0.778793 3.57686 0
1.08051 3.7515 0

-3.14824 -2.18331 6
-3.16139 -2.53438 6
-3.45464 -2.35674 6

3.19382 1.84258 6
2.87441 2.00796 6
3.19195 2.18115 6

-0.427969 3.93117 0
-0.732415 3.75854 0
-1.03751 3.93224 0

2.58517 2.5295 6
2.27779 2.70511 6
2.58511 2.87591 6

2.88716 2.69901 6
2.88448 3.05519 6
3.17673 2.88082 6

3.80669 1.49383 6
3.50296 1.66987 6
3.8072 1.84148 6

3.20609 1.49247 6
3.19382 1.84258 6
3.50296 1.66987 6

-3.75993 0.961043 6
-4.06149 0.788135 0
-4.05638 1.1408 0

-3.76328 -1.49909 6
-3.45038 -1.66027 6
-3.75405 -1.84087 6

0.176913 3.57986 0
-0.125108 3.75598 0
0.177799 3.92953 0

3.49183 0.61989 6
3.50408 0.967681 6
3.80165 0.788135 6

-2.86125 -2.70752 6
-2.8727 -3.05549 6
-3.1711 -2.87839 6

-0.126156 -3.57729 0
0.175116 -3.75385 0
-0.128785 -3.92641 0

3.17625 -2.00831 6
3.19031 -1.6531 6
3.4789 -1.83374 6

1.08051 3.7515 0
0.780931 3.9281 0
1.38178 3.92663 0

-3.14483 2.01166 6
-3.14658 1.66265 6
-3.44806 1.83958 6

-3.44806 1.83958 6
-3.75258 1.66677 6
-3.75202 2.01433 6

-3.15566 2.70714 6
-3.1472 2.35974 6
-3.45487 2.53402 6

4.09428 0.606414 0
3.80165 0.788135 6
4.10321 0.961043 0

-1.64289 3.23983 6
-1.94684 3.06606 6
-1.95023 3.40997 6

-2.84261 2.1853 6
-3.14483 2.01166 6
-3.1472 2.35974 6

-0.732449 -3.57279 0
-0.429773 -3.74925 0
-0.734075 -3.92141 0

0.475685 -3.93177 0
0.777467 -3.7597 0
1.07554 -3.93768 0

2.88728 -2.88098 6
2.8878 -2.53078 6
3.1906 -2.70386 6

3.50001 -1.48706 6
3.50174 -1.13678 6
3.80152 -1.32003 6

0.778793 3.57686 0
0.478983 3.75361 0
0.780931 3.9281 0

-1.95023 3.40997 6
-2.25338 3.58111 0
-1.95052 3.75705 0

-3.76311 -0.0812675 6
-3.76377 -0.431145 6
-4.06533 -0.260057 0

-1.33883 -3.91904 0
-0.734075 -3.92141 0
-2.56948 -3.92831 0

-3.45225 1.49107 6
-3.46265 1.14016 6
-3.75735 1.31685 6

-1.64543 3.58625 0
-1.95052 3.75705 0
-1.65124 3.93382 0

-3.77946 0.262207 6
-4.07436 0.0857688 0
-4.0821 0.436819 0

-2.85315 -2.35863 6
-2.55542 -2.53172 6
-2.86125 -2.70752 6

-1.33976 3.41335 6
-1.64289 3.23983 6
-1.64543 3.58625 0

-1.94684 3.06606 6
-2.25113 2.89287 6
-2.25736 3.23297 6

1.3804 -3.40854 6
1.67983 -3.58437 0
1.37478 -3.75953 0

3.4789 -1.83374 6
3.79587 -1.67172 6
3.79654 -2.00794 6

0.780931 3.9281 0
0.177799 3.92953 0
2.57179 3.92873 0

-2.25338 3.58111 0
-2.25736 3.23297 6
-2.5551 3.40742 6

1.67983 -3.58437 0
1.98194 -3.75831 0
1.67184 -3.93266 0

2.89409 2.35391 6
2.58517 2.5295 6
2.88716 2.69901 6

-0.125108 3.75598 0
-0.428674 3.58337 0
-0.427969 3.93117 0

1.3804 -3.40854 6
1.68252 -3.23343 6
1.67983 -3.58437 0

-1.95052 -3.22723 6
-1.64543 -3.39803 6
-1.95023 -3.57431 0

1.98194 -3.75831 0
1.98225 -3.41059 6
2.28605 -3.58651 0

2.28139 -2.87982 6
2.59017 -2.70642 6
2.57179 -3.05555 6

0.175116 -3.75385 0
0.47785 -3.58137 0
0.475685 -3.93177 0

1.98349 -3.05842 6
2.28139 -2.87982 6
2.28175 -3.23775 6

1.98194 3.22598 6
1.98225 3.5737 0
2.28605 3.39777 6

2.88194 -2.18976 6
3.17625 -2.00831 6
3.19331 -2.35543 6

-0.732415 3.75854 0
-1.03694 3.58667 0
-1.03751 3.93224 0

-0.427969 3.93117 0
-1.65124 3.93382 0
3.19009 3.93025 0

3.50408 0.967681 6
3.50767 1.31854 6
3.80676 1.1408 6

-4.06514 -0.962907 0
-3.7694 -1.13923 6
-4.06162 -1.32003 0

0.475685 -3.93177 0
1.07554 -3.93768 0
-2.56948 -3.92831 0

-3.4478 -2.00872 6
-3.45464 -2.35674 6
-3.75654 -2.1814 6

3.1906 -2.70386 6
3.19331 -2.35543 6
3.49455 -2.52653 6

-3.75735 1.31685 6
-4.05638 1.1408 0
-4.05645 1.49383 0

-3.45038 -1.66027 6
-3.14612 -1.83184 6
-3.4478 -2.00872 6

2.58807 -3.40677 6
2.57179 -3.05555 6
2.88138 -3.22313 6

-2.25113 2.89287 6
-2.54595 2.71068 6
-2.56948 3.05597 6

-1.94684 -3.91822 0
-1.33883 -3.91904 0
-2.56948 -3.92831 0

-1.03694 3.58667 0
-1.33976 3.41335 6
-1.34342 3.76036 0

-2.56199 -3.22849 6
-2.5551 -3.57686 0
-2.86177 -3.39921 6

1.07767 -3.58405 0
1.3804 -3.40854 6
1.37478 -3.75953 0

1.98194 3.22598 6
1.67983 3.39991 6
1.98225 3.5737 0

1.07554 -3.93768 0
1.37478 -3.75953 0
1.67184 -3.93266 0

4.10321 0.961043 0
3.80676 1.1408 6
4.10578 1.31685 0

1.98349 3.92586 0
1.38178 3.92663 0
2.57179 3.92873 0

-3.47649 -1.31012 6
-3.45038 -1.66027 6
-3.76328 -1.49909 6

3.798 -0.962907 6
4.09959 -0.78821 0
4.09374 -1.13923 0

3.19382 1.84258 6
3.19195 2.18115 6
3.50082 2.01451 6

-2.26098 -3.05714 6
-2.25338 -3.40317 6
-2.56199 -3.22849 6

-1.95023 3.40997 6
-2.25736 3.23297 6
-2.25338 3.58111 0

0.777467 -3.7597 0
1.07767 -3.58405 0
1.07554 -3.93768 0

-3.14824 -2.18331 6
-2.85315 -2.35863 6
-3.16139 -2.53438 6

3.80152 -1.32003 6
4.09374 -1.13923 0
4.09985 -1.49909 0

3.19195 2.18115 6
2.89409 2.35391 6
3.1974 2.53074 6

-2.54595 2.71068 6
-2.84634 2.53398 6
-2.85926 2.88088 6

-2.26098 -3.05714 6
-1.95052 -3.22723 6
-2.25338 -3.40317 6

-1.03751 3.93224 0
-1.34342 3.76036 0
-1.65124 3.93382 0

-4.06533 -0.260057 0
-3.76377 -0.431145 6
-4.06185 -0.610748 0

-2.56359 -2.88236 6
-2.56199 -3.22849 6
-2.8727 -3.05549 6

-2.86097 3.23879 6
-2.85926 2.88088 6
-3.15877 3.05955 6

-3.76355 -0.78821 6
-3.7694 -1.13923 6
-4.06514 -0.962907 0

2.28175 3.74653 0
1.98225 3.5737 0
1.98349 3.92586 0

-3.77946 0.262207 6
-3.76311 -0.0812675 6
-4.07436 0.0857688 0

3.79781 -0.260057 6
3.78878 0.0857688 6
4.10003 -0.0812675 0

3.8072 1.84148 6
3.50082 2.01451 6
3.80503 2.18799 6

-1.64289 -3.74446 0
-1.33883 -3.91904 0
-1.94684 -3.91822 0

2.59017 -2.70642 6
2.8878 -2.53078 6
2.88728 -2.88098 6

-3.76885 0.606414 6
-3.77946 0.262207 6
-4.0821 0.436819 0

-2.56359 -2.88236 6
-2.26098 -3.05714 6
-2.56199 -3.22849 6

1.67983 -3.58437 0
1.98225 -3.41059 6
1.98194 -3.75831 0

3.50767 1.31854 6
3.50296 1.66987 6
3.80669 1.49383 6

3.1974 2.53074 6
3.17673 2.88082 6
3.49194 2.70979 6

-3.14483 2.01166 6
-3.44806 1.83958 6
-3.44945 2.18729 6

-1.64543 -3.39803 6
-1.33976 -3.57093 0
-1.64289 -3.74446 0

2.58511 2.87591 6
2.58351 3.22533 6
2.88448 3.05519 6

-4.07436 0.0857688 0
-4.37349 -0.0867538 0
-4.37853 0.264079 0

-3.76355 -3.92816 0
-2.56948 -3.92831 0
-4.37315 -3.9329 0

2.88138 -3.22313 6
2.88728 -2.88098 6
3.19009 -3.05403 6

4.10578 1.31685 0
3.80669 1.49383 6
4.11056 1.66677 0

-0.427969 3.93117 0
-1.03751 3.93224 0
-1.65124 3.93382 0

3.80129 -0.610748 6
4.09937 -0.431145 0
4.09959 -0.78821 0

2.28003 3.04712 6
1.98194 3.22598 6
2.28605 3.39777 6

-3.75993 0.961043 6
-3.76885 0.606414 6
-4.06149 0.788135 0

-3.16139 -2.53438 6
-3.1711 -2.87839 6
-3.47711 -2.70635 6

4.39685 0.780127 0
4.10321 0.961043 0
4.40048 1.14016 0

-3.45487 2.53402 6
-3.44945 2.18729 6
-3.75675 2.36145 6

-3.76377 -0.431145 6
-3.76355 -0.78821 6
-4.06185 -0.610748 0

2.58351 3.22533 6
2.58807 3.57751 0
2.88598 3.4029 6

-3.44806 1.83958 6
-3.45225 1.49107 6
-3.75258 1.66677 6

-4.37349 -0.0867538 0
-4.06533 -0.260057 0
-4.36521 -0.435127 0

-4.36521 -0.435127 0
-4.06185 -0.610748 0
-4.36366 -0.784257 0

3.78103 0.436819 6
3.80165 0.788135 6
4.09428 0.606414 0

1.67983 3.39991 6
1.3804 3.57575 0
1.68252 3.75085 0

3.798 -0.962907 6
3.80129 -0.610748 6
4.09959 -0.78821 0

3.17625 -2.00831 6
3.4789 -1.83374 6
3.4919 -2.17664 6

-4.06162 -1.32003 0
-3.76328 -1.49909 6
-4.06726 -1.67172 0

-1.33976 -3.57093 0
-1.03579 -3.74561 0
-1.33883 -3.91904 0

4.09937 -0.431145 0
4.40105 -0.251741 0
4.39265 -0.609323 0

3.80129 -0.610748 6
3.79781 -0.260057 6
4.09937 -0.431145 0

2.58511 2.87591 6
2.28003 3.04712 6
2.58351 3.22533 6

1.68252 3.75085 0
1.38178 3.92663 0
1.98349 3.92586 0

-3.75258 1.66677 6
-4.05645 1.49383 0
-4.05593 1.84148 0

-4.06726 -1.67172 0
-3.75405 -1.84087 6
-4.06659 -2.00794 0

3.4789 -1.83374 6
3.50001 -1.48706 6
3.79587 -1.67172 6

4.40231 0.0948527 0
4.08368 0.262207 0
4.39754 0.433238 0

-1.95023 -3.57431 0
-1.94684 -3.91822 0
-2.25736 -3.75131 0

-1.95023 -3.57431 0
-1.64289 -3.74446 0
-1.94684 -3.91822 0

3.49455 -2.52653 6
3.4919 -2.17664 6
3.79761 -2.35099 6

-2.84634 2.53398 6
-3.1472 2.35974 6
-3.15566 2.70714 6

2.28605 3.39777 6
1.98225 3.5737 0
2.28175 3.74653 0

-3.75735 1.31685 6
-3.75993 0.961043 6
-4.05638 1.1408 0

3.79587 -1.67172 6
4.09985 -1.49909 0
4.10908 -1.84087 0

1.3804 3.57575 0
1.08051 3.7515 0
1.38178 3.92663 0

-3.16139 -2.53438 6
-2.86125 -2.70752 6
-3.1711 -2.87839 6

4.39754 0.433238 0
4.09428 0.606414 0
4.39685 0.780127 0

-3.75258 1.66677 6
-3.75735 1.31685 6
-4.05645 1.49383 0

-4.07436 0.0857688 0
-4.06533 -0.260057 0
-4.37349 -0.0867538 0

-3.45038 -1.66027 6
-3.4478 -2.00872 6
-3.75405 -1.84087 6

2.57179 3.92873 0
0.177799 3.92953 0
3.19009 3.93025 0

-3.4478 -2.00872 6
-3.14824 -2.18331 6
-3.45464 -2.35674 6

-0.128785 -3.92641 0
0.475685 -3.93177 0
-2.56948 -3.92831 0

2.8878 -2.53078 6
3.19331 -2.35543 6
3.1906 -2.70386 6

3.4987 2.35944 6
3.49194 2.70979 6
3.79906 2.53525 6

2.88716 2.69901 6
2.58511 2.87591 6
2.88448 3.05519 6

-2.86125 -2.70752 6
-2.56359 -2.88236 6
-2.8727 -3.05549 6

4.10003 -0.0812675 0
4.08368 0.262207 0
4.40231 0.0948527 0

-4.06149 0.788135 0
-4.3713 0.61989 0
-4.35906 0.967681 0

-3.15877 3.05955 6
-3.15566 2.70714 6
-3.45852 2.88376 6

-1.95052 3.75705 0
-2.25338 3.58111 0
-2.26098 3.92715 0

4.10003 -0.0812675 0
4.40231 0.0948527 0
4.40105 -0.251741 0

3.80165 0.788135 6
3.80676 1.1408 6
4.10321 0.961043 0

3.50082 2.01451 6
3.19195 2.18115 6
3.4987 2.35944 6

-1.34342 3.76036 0
-1.64543 3.58625 0
-1.65124 3.93382 0

2.28605 -3.58651 0
2.28175 -3.23775 6
2.58807 -3.40677 6

3.50296 1.66987 6
3.50082 2.01451 6
3.8072 1.84148 6

-2.5551 3.40742 6
-2.56948 3.05597 6
-2.86097 3.23879 6

-2.56199 3.75579 0
-2.5551 3.40742 6
-2.86177 3.58508 0

-3.45464 -2.35674 6
-3.47711 -2.70635 6
-3.76589 -2.52642 6

-1.64543 3.58625 0
-1.95023 3.40997 6
-1.95052 3.75705 0

1.67184 -3.93266 0
1.98194 -3.75831 0
2.28003 -3.93717 0

3.19009 -3.05403 6
3.1906 -2.70386 6
3.49025 -2.87794 6

3.80152 -1.32003 6
3.798 -0.962907 6
4.09374 -1.13923 0

4.11056 1.66677 0
3.8072 1.84148 6
4.11112 2.01433 0

-3.44945 2.18729 6
-3.44806 1.83958 6
-3.75202 2.01433 6

1.98225 -3.41059 6
2.28175 -3.23775 6
2.28605 -3.58651 0

3.1974 2.53074 6
2.88716 2.69901 6
3.17673 2.88082 6

-3.7694 -1.13923 6
-3.76328 -1.49909 6
-4.06162 -1.32003 0

1.07554 -3.93768 0
1.67184 -3.93266 0
2.28003 -3.93717 0

-2.25736 3.23297 6
-2.56948 3.05597 6
-2.5551 3.40742 6

-3.75202 2.01433 6
-4.05593 1.84148 0
-4.05811 2.18799 0

-1.65124 3.93382 0
-1.95052 3.75705 0
-2.26098 3.92715 0

-4.36366 -0.784257 0
-4.06514 -0.962907 0
-4.36139 -1.13678 0

2.28003 -3.93717 0
2.28605 -3.58651 0
2.58351 -3.75896 0

1.37478 -3.75953 0
1.67983 -3.58437 0
1.67184 -3.93266 0

3.79587 -1.67172 6
3.80152 -1.32003 6
4.09985 -1.49909 0

2.28175 -3.23775 6
2.57179 -3.05555 6
2.58807 -3.40677 6

2.28605 3.39777 6
2.28175 3.74653 0
2.58807 3.57751 0

-3.45852 2.88376 6
-3.45487 2.53402 6
-3.75986 2.70816 6

-2.8727 -3.05549 6
-2.86177 -3.39921 6
-3.17505 -3.22996 6

-3.1472 2.35974 6
-3.44945 2.18729 6
-3.45487 2.53402 6

2.88598 -3.58138 0
2.88138 -3.22313 6
3.17634 -3.40473 6

2.88448 3.05519 6
2.88598 3.4029 6
3.19208 3.22895 6

3.79654 -2.00794 6
4.10908 -1.84087 0
4.1066 -2.1814 0

3.4919 -2.17664 6
3.4789 -1.83374 6
3.79654 -2.00794 6

3.80676 1.1408 6
3.80669 1.49383 6
4.10578 1.31685 0

3.17634 -3.40473 6
3.19009 -3.05403 6
3.48415 -3.23438 6

-4.05645 1.49383 0
-4.35547 1.31854 0
-4.36017 1.66987 0

3.19331 -2.35543 6
3.4919 -2.17664 6
3.49455 -2.52653 6

-2.56948 3.05597 6
-2.85926 2.88088 6
-2.86097 3.23879 6

-4.36139 -1.13678 0
-4.06162 -1.32003 0
-4.36312 -1.48706 0

-4.05638 1.1408 0
-4.35906 0.967681 0
-4.35547 1.31854 0

-3.75405 -1.84087 6
-3.4478 -2.00872 6
-3.75654 -2.1814 6

2.57179 -3.05555 6
2.88728 -2.88098 6
2.88138 -3.22313 6

3.49025 -2.87794 6
3.49455 -2.52653 6
3.79244 -2.70099 6

-2.86177 -3.39921 6
-2.86097 -3.74549 0
-3.16428 -3.57431 0

-3.1711 -2.87839 6
-3.17505 -3.22996 6
-3.47487 -3.05277 6

4.09374 -1.13923 0
4.40087 -0.966561 0
4.38665 -1.31012 0

4.40048 1.14016 0
4.10578 1.31685 0
4.41089 1.49107 0

-2.85926 2.88088 6
-3.15566 2.70714 6
-3.15877 3.05955 6

-4.0821 0.436819 0
-4.37853 0.264079 0
-4.3713 0.61989 0

-4.06659 -2.00794 0
-3.75654 -2.1814 6
-4.06552 -2.35099 0

-2.25338 -3.40317 6
-2.25736 -3.75131 0
-2.5551 -3.57686 0

-2.56199 -3.22849 6
-2.25338 -3.40317 6
-2.5551 -3.57686 0

-2.25338 -3.40317 6
-1.95023 -3.57431 0
-2.25736 -3.75131 0

-4.0821 0.436819 0
-4.07436 0.0857688 0
-4.37853 0.264079 0

-4.37349 -0.0867538 0
-4.36521 -0.435127 0
-4.36366 -0.784257 0

4.09985 -1.49909 0
4.38665 -1.31012 0
4.41275 -1.66027 0

3.17673 2.88082 6
3.19208 3.22895 6
3.48999 3.05139 6

-4.06185 -0.610748 0
-4.06514 -0.962907 0
-4.36366 -0.784257 0

-4.06533 -0.260057 0
-4.06185 -0.610748 0
-4.36521 -0.435127 0

3.50082 2.01451 6
3.4987 2.35944 6
3.80503 2.18799 6

2.58351 3.22533 6
2.28605 3.39777 6
2.58807 3.57751 0

-4.37853 0.264079 0
-4.37349 -0.0867538 0
-4.38424 -1.83374 0

-0.734075 -3.92141 0
-0.128785 -3.92641 0
-2.56948 -3.92831 0

2.58807 3.57751 0
2.28175 3.74653 0
2.57179 3.92873 0

-3.76328 -1.49909 6
-3.75405 -1.84087 6
-4.06726 -1.67172 0

4.39754 0.433238 0
4.39685 0.780127 0
4.41089 1.49107 0

-3.16428 3.40998 6
-3.15877 3.05955 6
-3.46261 3.23286 6

-3.17505 -3.22996 6
-3.16428 -3.57431 0
-3.47402 -3.40195 6

1.98225 3.5737 0
1.68252 3.75085 0
1.98349 3.92586 0

-4.36312 -1.48706 0
-4.06726 -1.67172 0
-4.38424 -1.83374 0

4.09959 -0.78821 0
4.39265 -0.609323 0
4.40087 -0.966561 0

-4.36139 -1.13678 0
-4.36312 -1.48706 0
-4.38424 -1.83374 0

-3.45464 -2.35674 6
-3.16139 -2.53438 6
-3.47711 -2.70635 6

4.09937 -0.431145 0
4.10003 -0.0812675 0
4.40105 -0.251741 0

4.39265 -0.609323 0
4.40105 -0.251741 0
4.40087 -0.966561 0

-3.15566 2.70714 6
-3.45487 2.53402 6
-3.45852 2.88376 6

-4.06149 0.788135 0
-4.0821 0.436819 0
-4.3713 0.61989 0

4.11112 2.01433 0
3.80503 2.18799 6
4.10639 2.36145 0

2.88598 3.4029 6
2.88138 3.76115 0
3.17634 3.57955 0

2.88448 3.05519 6
2.58351 3.22533 6
2.88598 3.4029 6

2.88728 -2.88098 6
3.1906 -2.70386 6
3.19009 -3.05403 6

4.08368 0.262207 0
4.09428 0.606414 0
4.39754 0.433238 0

-3.75986 2.70816 6
-3.75675 2.36145 6
-4.06408 2.53525 0

3.4987 2.35944 6
3.1974 2.53074 6
3.49194 2.70979 6

-3.1711 -2.87839 6
-2.8727 -3.05549 6
-3.17505 -3.22996 6

-4.35906 0.967681 0
-4.3713 0.61989 0
-4.35547 1.31854 0

1.98194 -3.75831 0
2.28605 -3.58651 0
2.28003 -3.93717 0

4.09959 -0.78821 0
4.09937 -0.431145 0
4.39265 -0.609323 0

4.40231 0.0948527 0
4.41089 1.49107 0
4.41275 -1.66027 0

3.80669 1.49383 6
3.8072 1.84148 6
4.11056 1.66677 0

3.49194 2.70979 6
3.48999 3.05139 6
3.79773 2.88052 6

-3.44945 2.18729 6
-3.75202 2.01433 6
-3.75675 2.36145 6

-4.06514 -0.962907 0
-4.06162 -1.32003 0
-4.36139 -1.13678 0

-2.8727 -3.05549 6
-2.56199 -3.22849 6
-2.86177 -3.39921 6

4.39685 0.780127 0
4.40048 1.14016 0
4.41089 1.49107 0

4.41089 1.49107 0
4.11056 1.66677 0
4.41507 1.83958 0

-3.75202 2.01433 6
-3.75258 1.66677 6
-4.05593 1.84148 0

4.40087 -0.966561 0
4.40105 -0.251741 0
4.41275 -1.66027 0

3.19208 3.22895 6
3.17634 3.57955 0
3.48733 3.40361 6

-4.05593 1.84148 0
-4.36017 1.66987 0
-4.36232 2.01451 0

-4.05638 1.1408 0
-4.06149 0.788135 0
-4.35906 0.967681 0

3.17673 2.88082 6
2.88448 3.05519 6
3.19208 3.22895 6

4.09428 0.606414 0
4.10321 0.961043 0
4.39685 0.780127 0

3.79244 -2.70099 6
3.79761 -2.35099 6
4.09725 -2.52642 0

3.4919 -2.17664 6
3.79654 -2.00794 6
3.79761 -2.35099 6

3.79654 -2.00794 6
3.79587 -1.67172 6
4.10908 -1.84087 0

-3.47711 -2.70635 6
-3.47487 -3.05277 6
-3.77992 -2.88106 6

-4.05645 1.49383 0
-4.05638 1.1408 0
-4.35547 1.31854 0

-2.26098 3.92715 0
-2.25338 3.58111 0
-2.56199 3.75579 0

4.10908 -1.84087 0
4.41275 -1.66027 0
4.41534 -2.00872 0

4.09374 -1.13923 0
4.09959 -0.78821 0
4.40087 -0.966561 0

2.28605 -3.58651 0
2.58807 -3.40677 6
2.58351 -3.75896 0

-4.36443 2.35944 0
-4.36232 2.01451 0
-4.3712 2.70979 0

3.1906 -2.70386 6
3.49455 -2.52653 6
3.49025 -2.87794 6

4.38665 -1.31012 0
4.40087 -0.966561 0
4.41275 -1.66027 0

-4.06162 -1.32003 0
-4.06726 -1.67172 0
-4.36312 -1.48706 0

-2.5551 -3.57686 0
-2.25736 -3.75131 0
-2.56948 -3.92831 0

-2.86177 3.58508 0
-2.86097 3.23879 6
-3.16428 3.40998 6

-2.25338 3.58111 0
-2.5551 3.40742 6
-2.56199 3.75579 0

-3.75654 -2.1814 6
-3.45464 -2.35674 6
-3.76589 -2.52642 6

2.58351 -3.75896 0
2.88598 -3.58138 0
2.88448 -3.9291 0

3.49194 2.70979 6
3.17673 2.88082 6
3.48999 3.05139 6

-3.75405 -1.84087 6
-3.75654 -2.1814 6
-4.06659 -2.00794 0

3.48415 -3.23438 6
3.49025 -2.87794 6
3.78296 -3.05684 6

2.28175 3.74653 0
1.98349 3.92586 0
2.57179 3.92873 0

-3.46261 3.23286 6
-3.45852 2.88376 6
-3.76355 3.05613 6

4.10321 0.961043 0
4.10578 1.31685 0
4.40048 1.14016 0

-2.56199 3.75579 0
-2.86177 3.58508 0
-2.8727 3.9288 0

-4.35547 1.31854 0
-4.3713 0.61989 0
-4.36017 1.66987 0

3.48733 -3.58067 0
3.48415 -3.23438 6
3.78823 -3.40913 6

2.58351 -3.75896 0
2.58807 -3.40677 6
2.88598 -3.58138 0

-3.76355 3.05613 6
-3.75986 2.70816 6
-4.06541 2.88052 0

-4.36017 1.66987 0
-4.3713 0.61989 0
-4.36232 2.01451 0

-2.25736 -3.75131 0
-1.94684 -3.91822 0
-2.56948 -3.92831 0

4.10908 -1.84087 0
4.09985 -1.49909 0
4.41275 -1.66027 0

3.80503 2.18799 6
3.4987 2.35944 6
3.79906 2.53525 6

-2.86097 3.23879 6
-3.15877 3.05955 6
-3.16428 3.40998 6

-2.5551 3.40742 6
-2.86097 3.23879 6
-2.86177 3.58508 0

3.8072 1.84148 6
3.80503 2.18799 6
4.11112 2.01433 0

2.58807 -3.40677 6
2.88138 -3.22313 6
2.88598 -3.58138 0

4.09985 -1.49909 0
4.09374 -1.13923 0
4.38665 -1.31012 0

-1.65124 3.93382 0
-2.26098 3.92715 0
-2.8727 3.9288 0

-4.37349 -0.0867538 0
-4.36366 -0.784257 0
-4.38424 -1.83374 0

-4.38424 -1.83374 0
-4.06659 -2.00794 0
-4.37123 -2.17664 0

3.79761 -2.35099 6
3.79654 -2.00794 6
4.1066 -2.1814 0

3.79906 2.53525 6
3.79773 2.88052 6
4.10327 2.70816 0

-3.47711 -2.70635 6
-3.1711 -2.87839 6
-3.47487 -3.05277 6

-3.45487 2.53402 6
-3.75675 2.36145 6
-3.75986 2.70816 6

-3.75675 2.36145 6
-3.75202 2.01433 6
-4.05811 2.18799 0

-3.76589 -2.52642 6
-3.77992 -2.88106 6
-4.0707 -2.70099 0

-3.16428 -3.57431 0
-3.15877 -3.92473 0
-3.46261 -3.75143 0

4.41507 1.83958 0
4.11112 2.01433 0
4.41368 2.18729 0

-4.05811 2.18799 0
-4.36232 2.01451 0
-4.36443 2.35944 0

3.19208 -3.75533 0
3.17634 -3.40473 6
3.48733 -3.58067 0

1.38178 3.92663 0
0.780931 3.9281 0
2.57179 3.92873 0

-2.5551 -3.57686 0
-2.56948 -3.92831 0
-2.86097 -3.74549 0

4.10578 1.31685 0
4.11056 1.66677 0
4.41089 1.49107 0

-2.8727 3.9288 0
-2.86177 3.58508 0
-3.17505 3.75432 0

-4.36366 -0.784257 0
-4.36139 -1.13678 0
-4.38424 -1.83374 0

3.49455 -2.52653 6
3.79761 -2.35099 6
3.79244 -2.70099 6

4.1066 -2.1814 0
4.41534 -2.00872 0
4.4085 -2.35674 0

4.40231 0.0948527 0
4.39754 0.433238 0
4.41089 1.49107 0

3.48999 3.05139 6
3.48733 3.40361 6
3.79141 3.22689 6

3.17634 3.57955 0
3.19009 3.93025 0
3.48415 3.7499 0

2.88138 -3.22313 6
3.19009 -3.05403 6
3.17634 -3.40473 6

2.28003 -3.93717 0
2.58351 -3.75896 0
2.88448 -3.9291 0

-4.05593 1.84148 0
-4.05645 1.49383 0
-4.36017 1.66987 0

-3.47487 -3.05277 6
-3.47402 -3.40195 6
-3.77979 -3.23022 6

4.41275 -1.66027 0
4.41507 1.83958 0
4.41534 -2.00872 0

4.41275 -1.66027 0
4.41089 1.49107 0
4.41507 1.83958 0

2.58807 3.57751 0
2.57179 3.92873 0
2.88138 3.76115 0

-3.17505 -3.22996 6
-2.86177 -3.39921 6
-3.16428 -3.57431 0

-3.75654 -2.1814 6
-3.76589 -2.52642 6
-4.06552 -2.35099 0

-2.86177 -3.39921 6
-2.5551 -3.57686 0
-2.86097 -3.74549 0

-3.15877 3.05955 6
-3.45852 2.88376 6
-3.46261 3.23286 6

3.19009 -3.05403 6
3.49025 -2.87794 6
3.48415 -3.23438 6

4.40105 -0.251741 0
4.40231 0.0948527 0
4.41275 -1.66027 0

3.80503 2.18799 6
3.79906 2.53525 6
4.10639 2.36145 0

-4.36232 2.01451 0
-4.3713 0.61989 0
-4.3712 2.70979 0

-3.47402 3.58233 0
-3.46261 3.23286 6
-3.76998 3.403 6

-4.06552 -2.35099 0
-4.0707 -2.70099 0
-4.36859 -2.52653 0

3.49025 -2.87794 6
3.79244 -2.70099 6
3.78296 -3.05684 6

2.88598 3.4029 6
2.58807 3.57751 0
2.88138 3.76115 0

-4.06541 2.88052 0
-4.06408 2.53525 0
-4.3712 2.70979 0

-4.06726 -1.67172 0
-4.06659 -2.00794 0
-4.38424 -1.83374 0

-3.76589 -2.52642 6
-3.47711 -2.70635 6
-3.77992 -2.88106 6

3.79906 2.53525 6
3.49194 2.70979 6
3.79773 2.88052 6

3.78296 -3.05684 6
3.79244 -2.70099 6
4.08321 -2.88106 0

0.177799 3.92953 0
-0.427969 3.93117 0
3.19009 3.93025 0

4.41368 2.18729 0
4.10639 2.36145 0
4.40826 2.53402 0

-3.77992 -2.88106 6
-3.77979 -3.23022 6
-4.08017 -3.05684 0

-4.3712 2.70979 0
-4.37853 0.264079 0
-4.37315 3.05139 0

-3.16428 -3.57431 0
-2.86097 -3.74549 0
-3.15877 -3.92473 0

4.11056 1.66677 0
4.11112 2.01433 0
4.41507 1.83958 0

3.79773 2.88052 6
3.79141 3.22689 6
4.09959 3.05613 0

3.19208 3.22895 6
2.88598 3.4029 6
3.17634 3.57955 0

-2.26098 3.92715 0
-2.56199 3.75579 0
-2.8727 3.9288 0

-3.75675 2.36145 6
-4.05811 2.18799 0
-4.06408 2.53525 0

3.79141 -3.75739 0
3.78823 -3.40913 6
4.09316 -3.58128 0

-4.05811 2.18799 0
-4.05593 1.84148 0
-4.36232 2.01451 0

3.48999 3.05139 6
3.19208 3.22895 6
3.48733 3.40361 6

3.79761 -2.35099 6
4.1066 -2.1814 0
4.09725 -2.52642 0

-3.45852 2.88376 6
-3.75986 2.70816 6
-3.76355 3.05613 6

-3.47487 -3.05277 6
-3.17505 -3.22996 6
-3.47402 -3.40195 6

4.09725 -2.52642 0
4.4085 -2.35674 0
4.38602 -2.70635 0

4.1066 -2.1814 0
4.10908 -1.84087 0
4.41534 -2.00872 0

-3.15877 -3.92473 0
-2.56948 -3.92831 0
-3.76355 -3.92816 0

-3.17505 3.75432 0
-3.16428 3.40998 6
-3.47402 3.58233 0

-2.86177 3.58508 0
-3.16428 3.40998 6
-3.17505 3.75432 0

2.88598 -3.58138 0
3.17634 -3.40473 6
3.19208 -3.75533 0

3.48733 3.40361 6
3.48415 3.7499 0
3.78823 3.57515 0

-3.77992 -2.88106 6
-3.47487 -3.05277 6
-3.77979 -3.23022 6

2.88448 -3.9291 0
2.88598 -3.58138 0
3.19208 -3.75533 0

4.10327 2.70816 0
4.09959 3.05613 0
4.40462 2.88376 0

-4.06659 -2.00794 0
-4.06552 -2.35099 0
-4.37123 -2.17664 0

-4.06552 -2.35099 0
-3.76589 -2.52642 6
-4.0707 -2.70099 0

3.79773 2.88052 6
3.48999 3.05139 6
3.79141 3.22689 6

4.10639 2.36145 0
3.79906 2.53525 6
4.10327 2.70816 0

-3.76998 3.403 6
-3.76355 3.05613 6
-4.07173 3.22689 0

-1.65124 3.93382 0
-2.8727 3.9288 0
-3.47487 3.93152 0

-4.38424 -1.83374 0
-4.37123 -2.17664 0
-4.36859 -2.52653 0

-3.46261 3.23286 6
-3.76355 3.05613 6
-3.76998 3.403 6

4.11112 2.01433 0
4.10639 2.36145 0
4.41368 2.18729 0

-3.47402 -3.40195 6
-3.46261 -3.75143 0
-3.76998 -3.58128 0

3.78823 -3.40913 6
3.78296 -3.05684 6
4.08334 -3.23022 0

-3.17505 3.75432 0
-3.47402 3.58233 0
-3.47487 3.93152 0

-4.06408 2.53525 0
-4.05811 2.18799 0
-4.36443 2.35944 0

-4.0707 -2.70099 0
-4.08017 -3.05684 0
-4.37289 -2.87794 0

3.48999 -3.9329 0
3.48733 -3.58067 0
3.79141 -3.75739 0

4.41368 2.18729 0
4.40826 2.53402 0
4.40462 2.88376 0

2.88138 3.76115 0
2.57179 3.92873 0
3.19009 3.93025 0

-3.75986 2.70816 6
-4.06408 2.53525 0
-4.06541 2.88052 0

-4.3713 0.61989 0
-4.37853 0.264079 0
-4.3712 2.70979 0

3.78296 3.92744 0
3.19009 3.93025 0
4.38827 3.93152 0

-3.16428 3.40998 6
-3.46261 3.23286 6
-3.47402 3.58233 0

2.88448 -3.9291 0
3.19208 -3.75533 0
3.48999 -3.9329 0

3.79244 -2.70099 6
4.09725 -2.52642 0
4.08321 -2.88106 0

-3.77979 -3.23022 6
-3.76998 -3.58128 0
-4.0749 -3.40913 0

3.17634 -3.40473 6
3.48415 -3.23438 6
3.48733 -3.58067 0

4.38911 -3.40195 0
4.38827 -3.05277 0
4.40053 -3.75143 0

4.09725 -2.52642 0
4.1066 -2.1814 0
4.4085 -2.35674 0

-4.07173 3.22689 0
-4.06541 2.88052 0
-4.37315 3.05139 0

-2.86097 -3.74549 0
-2.56948 -3.92831 0
-3.15877 -3.92473 0

3.79141 3.22689 6
3.78823 3.57515 0
4.09316 3.403 0

-4.37123 -2.17664 0
-4.06552 -2.35099 0
-4.36859 -2.52653 0

3.48415 -3.23438 6
3.78296 -3.05684 6
3.78823 -3.40913 6

3.17634 3.57955 0
2.88138 3.76115 0
3.19009 3.93025 0

-3.77979 3.75407 0
-3.76998 3.403 6
-4.0749 3.57515 0

3.79141 3.22689 6
3.48733 3.40361 6
3.78823 3.57515 0

-3.76998 -3.58128 0
-3.46261 -3.75143 0
-3.76355 -3.92816 0

4.10639 2.36145 0
4.10327 2.70816 0
4.40826 2.53402 0

-4.38424 -1.83374 0
-4.36859 -2.52653 0
-4.37289 -2.87794 0

4.08334 -3.23022 0
4.08321 -2.88106 0
4.38827 -3.05277 0

-4.38424 -1.83374 0
-4.37289 -2.87794 0
-4.37899 -3.23438 0

-4.0707 -2.70099 0
-3.77992 -2.88106 6
-4.08017 -3.05684 0

-3.47402 -3.40195 6
-3.16428 -3.57431 0
-3.46261 -3.75143 0

-2.8727 3.9288 0
-3.17505 3.75432 0
-3.47487 3.93152 0

4.10327 2.70816 0
3.79773 2.88052 6
4.09959 3.05613 0

4.38602 -2.70635 0
4.4085 -2.35674 0
4.38827 -3.05277 0

3.48733 3.40361 6
3.17634 3.57955 0
3.48415 3.7499 0

3.78823 3.57515 0
3.48415 3.7499 0
3.78296 3.92744 0

-4.0749 3.57515 0
-4.07173 3.22689 0
-4.37581 3.40361 0

-4.06408 2.53525 0
-4.36443 2.35944 0
-4.3712 2.70979 0

3.78296 -3.05684 6
4.08321 -2.88106 0
4.08334 -3.23022 0

4.08321 -2.88106 0
4.09725 -2.52642 0
4.38602 -2.70635 0

-3.76355 3.05613 6
-4.06541 2.88052 0
-4.07173 3.22689 0

-3.77979 -3.23022 6
-3.47402 -3.40195 6
-3.76998 -3.58128 0

-4.08017 -3.05684 0
-4.0749 -3.40913 0
-4.37899 -3.23438 0

2.28003 -3.93717 0
2.88448 -3.9291 0
3.48999 -3.9329 0

4.09959 3.05613 0
4.09316 3.403 0
4.40053 3.23286 0

4.41368 2.18729 0
4.40462 2.88376 0
4.40053 3.23286 0

-3.47402 3.58233 0
-3.76998 3.403 6
-3.77979 3.75407 0

-4.36859 -2.52653 0
-4.0707 -2.70099 0
-4.37289 -2.87794 0

-4.08017 -3.05684 0
-3.77979 -3.23022 6
-4.0749 -3.40913 0

3.79141 -3.75739 0
4.09316 -3.58128 0
4.09959 -3.92816 0

-3.47487 3.93152 0
-3.47402 3.58233 0
-3.77979 3.75407 0

3.19208 -3.75533 0
3.48733 -3.58067 0
3.48999 -3.9329 0

4.08334 -3.23022 0
4.38827 -3.05277 0
4.38911 -3.40195 0

4.40826 2.53402 0
4.10327 2.70816 0
4.40462 2.88376 0

3.78823 3.57515 0
3.78296 3.92744 0
4.08334 3.75407 0

-3.76998 -3.58128 0
-3.76355 -3.92816 0
-4.07173 -3.75739 0

3.48733 -3.58067 0
3.78823 -3.40913 6
3.79141 -3.75739 0

4.09959 3.05613 0
3.79141 3.22689 6
4.09316 3.403 0

-4.08017 3.92744 0
-4.0749 3.57515 0
-4.37899 3.7499 0

-4.37315 3.05139 0
-4.37853 0.264079 0
-4.37581 3.40361 0

-4.06541 2.88052 0
-4.3712 2.70979 0
-4.37315 3.05139 0

3.48415 3.7499 0
3.19009 3.93025 0
3.78296 3.92744 0

3.78823 -3.40913 6
4.08334 -3.23022 0
4.09316 -3.58128 0

4.09316 -3.58128 0
4.08334 -3.23022 0
4.38911 -3.40195 0

4.08321 -2.88106 0
4.38602 -2.70635 0
4.38827 -3.05277 0

-4.07173 3.22689 0
-4.37315 3.05139 0
-4.37581 3.40361 0

-3.76998 3.403 6
-4.07173 3.22689 0
-4.0749 3.57515 0

4.09959 -3.92816 0
4.09316 -3.58128 0
4.40053 -3.75143 0

-4.07173 -3.75739 0
-3.76355 -3.92816 0
-4.37315 -3.9329 0

4.09316 3.403 0
4.08334 3.75407 0
4.38911 3.58233 0

-4.0749 -3.40913 0
-4.07173 -3.75739 0
-4.37581 -3.58067 0

-3.46261 -3.75143 0
-3.15877 -3.92473 0
-3.76355 -3.92816 0

4.08334 3.75407 0
3.78296 3.92744 0
4.38827 3.93152 0

-4.37289 -2.87794 0
-4.08017 -3.05684 0
-4.37899 -3.23438 0

4.40462 2.88376 0
4.09959 3.05613 0
4.40053 3.23286 0

-3.47487 3.93152 0
-3.77979 3.75407 0
-4.08017 3.92744 0

-4.0749 -3.40913 0
-3.76998 -3.58128 0
-4.07173 -3.75739 0

3.19009 3.93025 0
-1.65124 3.93382 0
4.38827 3.93152 0

-4.37581 3.40361 0
-4.37853 0.264079 0
-4.37899 3.7499 0

4.09316 3.403 0
3.78823 3.57515 0
4.08334 3.75407 0

-4.37899 -3.23438 0
-4.0749 -3.40913 0
-4.37581 -3.58067 0

4.4085 -2.35674 0
4.41534 -2.00872 0
4.40053 -3.75143 0

-4.37853 0.264079 0
-4.38424 -1.83374 0
-4.37899 3.7499 0

-4.37581 -3.58067 0
-4.07173 -3.75739 0
-4.37315 -3.9329 0

4.40053 3.23286 0
4.09316 3.403 0
4.38911 3.58233 0

-3.77979 3.75407 0
-4.0749 3.57515 0
-4.08017 3.92744 0

4.38827 -3.05277 0
4.4085 -2.35674 0
4.40053 -3.75143 0

4.38911 3.58233 0
4.08334 3.75407 0
4.38827 3.93152 0

3.48999 -3.9329 0
3.79141 -3.75739 0
4.09959 -3.92816 0

-4.0749 3.57515 0
-4.37581 3.40361 0
-4.37899 3.7499 0

4.09316 -3.58128 0
4.38911 -3.40195 0
4.40053 -3.75143 0

-4.37899 -3.23438 0
-4.37581 -3.58067 0
-4.37315 -3.9329 0

-2.56948 -3.92831 0
1.07554 -3.93768 0
-4.37315 -3.9329 0

4.40053 3.23286 0
4.38911 3.58233 0
4.38827 3.93152 0

# 3.93157 -3.93157 3.49214 -3.49214
