# x y adNum
-0.14078 -0.0855221 6
-0.146806 -0.435016 6
-0.446598 -0.260687 6

0.162281 0.09134 6
-0.14078 -0.0855221 6
-0.137229 0.263338 6

-0.14078 -0.0855221 6
0.162281 0.09134 6
0.157749 -0.263358 6

-0.440191 0.781646 6
-0.438966 0.434811 6
-0.742876 0.60757 6

-0.137229 0.263338 6
-0.14078 -0.0855221 6
-0.442509 0.0865001 6

-0.137229 0.263338 6
-0.438966 0.434811 6
-0.13355 0.610073 6

-0.14078 -0.0855221 6
0.157749 -0.263358 6
-0.146806 -0.435016 6

0.151605 -0.611113 6
0.157749 -0.263358 6
0.460443 -0.436431 6

0.157749 -0.263358 6
0.162281 0.09134 6
0.454069 -0.0872671 6

0.162281 0.09134 6
0.170022 0.439216 6
0.470044 0.263647 6

0.162281 0.09134 6
-0.137229 0.263338 6
0.170022 0.439216 6

-0.442509 0.0865001 6
-0.749835 -0.0892226 6
-0.743195 0.259349 6

-0.442509 0.0865001 6
-0.14078 -0.0855221 6
-0.446598 -0.260687 6

-0.445397 -0.611334 6
-0.146806 -0.435016 6
-0.142079 -0.7887 6

0.454069 -0.0872671 6
0.765233 0.0873766 6
0.761729 -0.25685 6

0.454069 -0.0872671 6
0.162281 0.09134 6
0.470044 0.263647 6

0.472246 0.614606 6
0.170022 0.439216 6
0.168244 0.787538 6

-0.137229 0.263338 6
-0.442509 0.0865001 6
-0.438966 0.434811 6

-0.742876 0.60757 6
-0.743195 0.259349 6
-1.04599 0.434718 6

0.170022 0.439216 6
-0.137229 0.263338 6
-0.13355 0.610073 6

-0.442509 0.0865001 6
-0.446598 -0.260687 6
-0.749835 -0.0892226 6

-0.146806 -0.435016 6
0.157749 -0.263358 6
0.151605 -0.611113 6

0.157749 -0.263358 6
0.454069 -0.0872671 6
0.460443 -0.436431 6

0.470044 0.263647 6
0.472246 0.614606 6
0.772658 0.438773 6

0.170022 0.439216 6
-0.13355 0.610073 6
0.168244 0.787538 6

-0.446598 -0.260687 6
-0.445397 -0.611334 6
-0.749098 -0.434852 6

-0.446598 -0.260687 6
-0.146806 -0.435016 6
-0.445397 -0.611334 6

0.151605 -0.611113 6
0.46444 -0.779962 6
0.167803 -0.958994 6

0.46444 -0.779962 6
0.460443 -0.436431 6
0.76759 -0.604437 6

0.454069 -0.0872671 6
0.470044 0.263647 6
0.765233 0.0873766 6

0.470044 0.263647 6
0.170022 0.439216 6
0.472246 0.614606 6

-1.04864 0.0871245 6
-0.749835 -0.0892226 6
-1.05815 -0.261931 6

-0.438966 0.434811 6
-0.442509 0.0865001 6
-0.743195 0.259349 6

-0.146806 -0.435016 6
0.151605 -0.611113 6
-0.142079 -0.7887 6

-0.445397 -0.611334 6
-0.438631 -0.963354 6
-0.741769 -0.786949 6

1.06842 -0.0827109 6
0.765233 0.0873766 6
1.07126 0.2643 6

0.460443 -0.436431 6
0.454069 -0.0872671 6
0.761729 -0.25685 6

0.472246 0.614606 6
0.464924 0.964989 6
0.771031 0.789852 6

-0.13355 0.610073 6
-0.440191 0.781646 6
-0.141167 0.957137 6

-0.743195 0.259349 6
-1.04864 0.0871245 6
-1.04599 0.434718 6

-0.749835 -0.0892226 6
-0.446598 -0.260687 6
-0.749098 -0.434852 6

-0.438631 -0.963354 6
-0.142079 -0.7887 6
-0.131287 -1.13679 6

0.761729 -0.25685 6
1.06842 -0.0827109 6
1.06815 -0.428902 6

0.765233 0.0873766 6
0.470044 0.263647 6
0.772658 0.438773 6

0.464924 0.964989 6
0.168244 0.787538 6
0.1516 1.13502 6

-0.13355 0.610073 6
-0.438966 0.434811 6
-0.440191 0.781646 6

-1.05815 -0.261931 6
-0.749098 -0.434852 6
-1.0448 -0.612857 6

0.151605 -0.611113 6
0.460443 -0.436431 6
0.46444 -0.779962 6

-0.141167 0.957137 6
-0.445846 1.13176 6
-0.150892 1.30957 6

-0.438966 0.434811 6
-0.743195 0.259349 6
-0.742876 0.60757 6

-0.142079 -0.7887 6
0.167803 -0.958994 6
-0.131287 -1.13679 6

0.168244 0.787538 6
-0.13355 0.610073 6
-0.141167 0.957137 6

-0.142079 -0.7887 6
0.151605 -0.611113 6
0.167803 -0.958994 6

0.473298 -1.12938 6
0.46444 -0.779962 6
0.771554 -0.952266 6

0.460443 -0.436431 6
0.761729 -0.25685 6
0.76759 -0.604437 6

0.772658 0.438773 6
0.771031 0.789852 6
1.07402 0.614755 6

-1.04864 0.0871245 6
-1.35387 -0.0857289 6
-1.35128 0.263414 6

-0.743195 0.259349 6
-0.749835 -0.0892226 6
-1.04864 0.0871245 6

-0.445397 -0.611334 6
-0.142079 -0.7887 6
-0.438631 -0.963354 6

-0.741769 -0.786949 6
-0.438631 -0.963354 6
-0.737277 -1.13836 6

0.472246 0.614606 6
0.168244 0.787538 6
0.464924 0.964989 6

0.168244 0.787538 6
-0.141167 0.957137 6
0.1516 1.13502 6

0.76759 -0.604437 6
0.761729 -0.25685 6
1.06815 -0.428902 6

0.761729 -0.25685 6
0.765233 0.0873766 6
1.06842 -0.0827109 6

0.167803 -0.958994 6
0.473298 -1.12938 6
0.173664 -1.30796 6

-0.749098 -0.434852 6
-0.445397 -0.611334 6
-0.741769 -0.786949 6

-1.04599 0.434718 6
-1.35128 0.263414 6
-1.34977 0.609796 6

-0.749835 -0.0892226 6
-0.749098 -0.434852 6
-1.05815 -0.261931 6

1.06815 -0.428902 6
1.37173 -0.255399 6
1.37339 -0.603179 6

0.765233 0.0873766 6
0.772658 0.438773 6
1.07126 0.2643 6

0.772658 0.438773 6
0.472246 0.614606 6
0.771031 0.789852 6

0.771031 0.789852 6
0.464924 0.964989 6
0.768756 1.13744 6

-0.744233 0.95676 6
-0.742876 0.60757 6
-1.04587 0.782888 6

-1.35387 -0.0857289 6
-1.05815 -0.261931 6
-1.35109 -0.44126 6

-0.749098 -0.434852 6
-0.741769 -0.786949 6
-1.0448 -0.612857 6

-0.432147 -1.3123 6
-0.131287 -1.13679 6
-0.12769 -1.48523 6

0.771031 0.789852 6
0.768756 1.13744 6
1.07348 0.963203 6

-0.440191 0.781646 6
-0.742876 0.60757 6
-0.744233 0.95676 6

0.771554 -0.952266 6
0.76759 -0.604437 6
1.07266 -0.777643 6

0.76759 -0.604437 6
1.06815 -0.428902 6
1.07266 -0.777643 6

-0.746983 1.30848 6
-0.744233 0.95676 6
-1.04605 1.13261 6

-0.741769 -0.786949 6
-0.737277 -1.13836 6
-1.04021 -0.963945 6

0.1516 1.13502 6
-0.141167 0.957137 6
-0.150892 1.30957 6

-0.440191 0.781646 6
-0.744233 0.95676 6
-0.445846 1.13176 6

-0.141167 0.957137 6
-0.440191 0.781646 6
-0.445846 1.13176 6

-0.438631 -0.963354 6
-0.131287 -1.13679 6
-0.432147 -1.3123 6

-1.35109 -0.44126 6
-1.0448 -0.612857 6
-1.3436 -0.790701 6

0.167803 -0.958994 6
0.46444 -0.779962 6
0.473298 -1.12938 6

0.46444 -0.779962 6
0.76759 -0.604437 6
0.771554 -0.952266 6

1.07126 0.2643 6
0.772658 0.438773 6
1.07402 0.614755 6

1.37403 0.0919486 6
1.07126 0.2643 6
1.37508 0.43999 6

0.461573 1.3082 6
0.1516 1.13502 6
0.16023 1.48057 6

-0.742876 0.60757 6
-1.04599 0.434718 6
-1.04587 0.782888 6

-1.04605 1.13261 6
-1.04587 0.782888 6
-1.34802 0.95727 6

0.473298 -1.12938 6
0.776174 -1.30307 6
0.476488 -1.48006 6

-0.445846 1.13176 6
-0.746983 1.30848 6
-0.44741 1.48601 6

-0.131287 -1.13679 6
0.167803 -0.958994 6
0.173664 -1.30796 6

1.06842 -0.0827109 6
1.07126 0.2643 6
1.37403 0.0919486 6

0.776174 -1.30307 6
0.771554 -0.952266 6
1.07506 -1.12724 6

1.37508 0.43999 6
1.07402 0.614755 6
1.37682 0.789102 6

0.46271 1.65714 6
0.16023 1.48057 6
0.159045 1.83049 6

-0.737277 -1.13836 6
-0.438631 -0.963354 6
-0.432147 -1.3123 6

-0.150892 1.30957 6
-0.44741 1.48601 6
-0.140868 1.65754 6

-1.04864 0.0871245 6
-1.05815 -0.261931 6
-1.35387 -0.0857289 6

1.06815 -0.428902 6
1.06842 -0.0827109 6
1.37173 -0.255399 6

0.768756 1.13744 6
0.464924 0.964989 6
0.461573 1.3082 6

-1.04599 0.434718 6
-1.04864 0.0871245 6
-1.35128 0.263414 6

-1.34977 0.609796 6
-1.65623 0.437929 6
-1.65414 0.781826 6

1.07266 -0.777643 6
1.37339 -0.603179 6
1.37554 -0.953234 6

1.06842 -0.0827109 6
1.37403 0.0919486 6
1.37173 -0.255399 6

-0.737277 -1.13836 6
-0.432147 -1.3123 6
-0.733203 -1.48765 6

-0.131287 -1.13679 6
0.173664 -1.30796 6
-0.12769 -1.48523 6

1.07266 -0.777643 6
1.06815 -0.428902 6
1.37339 -0.603179 6

0.464924 0.964989 6
0.1516 1.13502 6
0.461573 1.3082 6

-0.733203 -1.48765 6
-0.432147 -1.3123 6
-0.429546 -1.66113 6

1.37339 -0.603179 6
1.67574 -0.428624 6
1.67557 -0.778703 6

-1.35128 0.263414 6
-1.6536 0.0884441 6
-1.65623 0.437929 6

-1.0448 -0.612857 6
-0.741769 -0.786949 6
-1.04021 -0.963945 6

1.07402 0.614755 6
0.771031 0.789852 6
1.07348 0.963203 6

-1.05815 -0.261931 6
-1.0448 -0.612857 6
-1.35109 -0.44126 6

1.37173 -0.255399 6
1.67698 -0.0825465 6
1.67574 -0.428624 6

0.765914 1.48387 6
0.461573 1.3082 6
0.46271 1.65714 6

0.173664 -1.30796 6
0.476488 -1.48006 6
0.175411 -1.65749 6

1.07126 0.2643 6
1.07402 0.614755 6
1.37508 0.43999 6

-1.04587 0.782888 6
-1.04599 0.434718 6
-1.34977 0.609796 6

-1.65112 -0.264755 6
-1.35109 -0.44126 6
-1.64921 -0.616718 6

0.16023 1.48057 6
-0.150892 1.30957 6
-0.140868 1.65754 6

0.1516 1.13502 6
-0.150892 1.30957 6
0.16023 1.48057 6

-1.04982 1.48413 6
-1.04605 1.13261 6
-1.3474 1.30783 6

-1.0448 -0.612857 6
-1.04021 -0.963945 6
-1.3436 -0.790701 6

1.07506 -1.12724 6
1.07266 -0.777643 6
1.37554 -0.953234 6

-0.746983 1.30848 6
-1.04982 1.48413 6
-0.748984 1.65909 6

-0.445846 1.13176 6
-0.744233 0.95676 6
-0.746983 1.30848 6

-1.04587 0.782888 6
-1.34977 0.609796 6
-1.34802 0.95727 6

0.173664 -1.30796 6
0.473298 -1.12938 6
0.476488 -1.48006 6

0.473298 -1.12938 6
0.771554 -0.952266 6
0.776174 -1.30307 6

1.07348 0.963203 6
1.07179 1.31106 6
1.37627 1.13741 6

-0.744233 0.95676 6
-1.04587 0.782888 6
-1.04605 1.13261 6

-1.64921 -0.616718 6
-1.3436 -0.790701 6
-1.64475 -0.96532 6

-0.150892 1.30957 6
-0.445846 1.13176 6
-0.44741 1.48601 6

-0.429546 -1.66113 6
-0.12769 -1.48523 6
-0.126539 -1.8341 6

1.0784 -1.47827 6
1.07506 -1.12724 6
1.37782 -1.30392 6

0.771554 -0.952266 6
1.07266 -0.777643 6
1.07506 -1.12724 6

1.07402 0.614755 6
1.07348 0.963203 6
1.37682 0.789102 6

-0.44741 1.48601 6
-0.748984 1.65909 6
-0.445098 1.83345 6

-1.04021 -0.963945 6
-1.03709 -1.31399 6
-1.34048 -1.13986 6

1.67698 -0.0825465 6
1.97956 0.0891016 6
1.98291 -0.257147 6

1.67756 0.266043 6
1.37508 0.43999 6
1.67853 0.614982 6

-1.6536 0.0884441 6
-1.35387 -0.0857289 6
-1.65112 -0.264755 6

0.476488 -1.48006 6
0.778534 -1.65405 6
0.477665 -1.83038 6

-1.35128 0.263414 6
-1.35387 -0.0857289 6
-1.6536 0.0884441 6

1.67698 -0.0825465 6
1.37403 0.0919486 6
1.67756 0.266043 6

-0.737277 -1.13836 6
-0.733203 -1.48765 6
-1.03709 -1.31399 6

1.67853 0.614982 6
1.37682 0.789102 6
1.67996 0.964004 6

0.768756 1.13744 6
0.765914 1.48387 6
1.07179 1.31106 6

-1.3474 1.30783 6
-1.34802 0.95727 6
-1.64817 1.13043 6

-1.03511 -1.66307 6
-0.733203 -1.48765 6
-0.732032 -1.83651 6

-0.12769 -1.48523 6
0.173664 -1.30796 6
0.175411 -1.65749 6

0.768756 1.13744 6
0.461573 1.3082 6
0.765914 1.48387 6

-0.140868 1.65754 6
-0.445098 1.83345 6
-0.146331 2.00713 6

-1.6536 0.0884441 6
-1.95204 -0.0910865 6
-1.95535 0.260925 6

-1.35387 -0.0857289 6
-1.35109 -0.44126 6
-1.65112 -0.264755 6

1.37554 -0.953234 6
1.37339 -0.603179 6
1.67557 -0.778703 6

0.476488 -1.48006 6
0.776174 -1.30307 6
0.778534 -1.65405 6

1.07179 1.31106 6
1.06772 1.65788 6
1.37491 1.48406 6

-1.04021 -0.963945 6
-0.737277 -1.13836 6
-1.03709 -1.31399 6

1.37173 -0.255399 6
1.37403 0.0919486 6
1.67698 -0.0825465 6

1.06772 1.65788 6
0.765914 1.48387 6
0.761843 1.83288 6

1.07348 0.963203 6
0.768756 1.13744 6
1.07179 1.31106 6

1.37339 -0.603179 6
1.37173 -0.255399 6
1.67574 -0.428624 6

-1.95204 -0.0910865 6
-1.65112 -0.264755 6
-1.95136 -0.441843 6

1.37403 0.0919486 6
1.37508 0.43999 6
1.67756 0.266043 6

-1.34977 0.609796 6
-1.35128 0.263414 6
-1.65623 0.437929 6

-1.03709 -1.31399 6
-0.733203 -1.48765 6
-1.03511 -1.66307 6

-0.432147 -1.3123 6
-0.12769 -1.48523 6
-0.429546 -1.66113 6

0.175411 -1.65749 6
0.477665 -1.83038 6
0.176403 -2.00708 6

1.98001 0.440175 6
1.67853 0.614982 6
1.98179 0.790478 6

0.461573 1.3082 6
0.16023 1.48057 6
0.46271 1.65714 6

-0.732032 -1.83651 6
-0.429546 -1.66113 6
-0.429268 -2.00994 6

1.37782 -1.30392 6
1.37554 -0.953234 6
1.67726 -1.1309 6

-1.65623 0.437929 6
-1.95535 0.260925 6
-1.96542 0.611083 6

-1.3436 -0.790701 6
-1.04021 -0.963945 6
-1.34048 -1.13986 6

1.37682 0.789102 6
1.07348 0.963203 6
1.37627 1.13741 6

-1.35109 -0.44126 6
-1.3436 -0.790701 6
-1.64921 -0.616718 6

1.67574 -0.428624 6
1.98291 -0.257147 6
1.97626 -0.603462 6

0.761843 1.83288 6
0.46271 1.65714 6
0.453914 2.00797 6

0.778534 -1.65405 6
0.776174 -1.30307 6
1.0784 -1.47827 6

1.37508 0.43999 6
1.37682 0.789102 6
1.67853 0.614982 6

-0.746983 1.30848 6
-1.04605 1.13261 6
-1.04982 1.48413 6

-1.34802 0.95727 6
-1.34977 0.609796 6
-1.65414 0.781826 6

0.453914 2.00797 6
0.159045 1.83049 6
0.151371 2.18252 6

-0.44741 1.48601 6
-0.746983 1.30848 6
-0.748984 1.65909 6

1.07506 -1.12724 6
1.37554 -0.953234 6
1.37782 -1.30392 6

-0.12769 -1.48523 6
0.175411 -1.65749 6
-0.126539 -1.8341 6

-0.429268 -2.00994 6
-0.126539 -1.8341 6
-0.126141 -2.18274 6

-1.35451 1.66012 6
-1.3474 1.30783 6
-1.64903 1.48089 6

0.778534 -1.65405 6
1.08106 -1.82835 6
0.779749 -2.00426 6

0.776174 -1.30307 6
1.07506 -1.12724 6
1.0784 -1.47827 6

0.16023 1.48057 6
-0.140868 1.65754 6
0.159045 1.83049 6

-0.140868 1.65754 6
-0.44741 1.48601 6
-0.445098 1.83345 6

-1.05253 1.83305 6
-1.04982 1.48413 6
-1.35451 1.66012 6

-1.3436 -0.790701 6
-1.34048 -1.13986 6
-1.64475 -0.96532 6

1.37627 1.13741 6
1.37491 1.48406 6
1.68049 1.31045 6

1.37682 0.789102 6
1.37627 1.13741 6
1.67996 0.964004 6

-1.04605 1.13261 6
-1.34802 0.95727 6
-1.3474 1.30783 6

-1.65414 0.781826 6
-1.96542 0.611083 6
-1.95385 0.956837 6

-1.95026 -0.790708 6
-1.64475 -0.96532 6
-1.94704 -1.13832 6

-0.445098 1.83345 6
-0.750621 2.00728 6
-0.453345 2.1826 6

-1.95136 -0.441843 6
-1.64921 -0.616718 6
-1.95026 -0.790708 6

0.175411 -1.65749 6
0.476488 -1.48006 6
0.477665 -1.83038 6

1.38182 -1.65288 6
1.37782 -1.30392 6
1.6839 -1.47872 6

1.67557 -0.778703 6
1.97626 -0.603462 6
1.97526 -0.958635 6

0.159045 1.83049 6
-0.140868 1.65754 6
-0.146331 2.00713 6

-1.34048 -1.13986 6
-1.33874 -1.48878 6
-1.64226 -1.31375 6

0.758524 2.17814 6
0.453914 2.00797 6
0.453967 2.35707 6

1.67698 -0.0825465 6
1.67756 0.266043 6
1.97956 0.0891016 6

-1.6536 0.0884441 6
-1.65112 -0.264755 6
-1.95204 -0.0910865 6

-0.126539 -1.8341 6
0.175411 -1.65749 6
0.176403 -2.00708 6

-1.03709 -1.31399 6
-1.03511 -1.66307 6
-1.33874 -1.48878 6

-0.733203 -1.48765 6
-0.429546 -1.66113 6
-0.732032 -1.83651 6

1.98179 0.790478 6
1.67996 0.964004 6
1.98623 1.13675 6

1.07179 1.31106 6
0.765914 1.48387 6
1.06772 1.65788 6

-1.65623 0.437929 6
-1.6536 0.0884441 6
-1.95535 0.260925 6

-2.25359 0.0805086 6
-1.95204 -0.0910865 6
-2.25352 -0.269338 6

-1.03511 -1.66307 6
-1.03536 -2.0116 6
-1.33794 -1.83755 6

1.37554 -0.953234 6
1.67557 -0.778703 6
1.67726 -1.1309 6

1.97956 0.0891016 6
1.67756 0.266043 6
1.98001 0.440175 6

1.06772 1.65788 6
1.06607 2.00355 6
1.37244 1.82973 6

0.765914 1.48387 6
0.46271 1.65714 6
0.761843 1.83288 6

-1.65414 0.781826 6
-1.65623 0.437929 6
-1.96542 0.611083 6

-1.34802 0.95727 6
-1.65414 0.781826 6
-1.64817 1.13043 6

-1.03536 -2.0116 6
-0.732032 -1.83651 6
-0.732848 -2.185 6

1.67574 -0.428624 6
1.67698 -0.0825465 6
1.98291 -0.257147 6

2.28677 -0.0876955 6
1.97956 0.0891016 6
2.27846 0.260158 6

-0.429546 -1.66113 6
-0.126539 -1.8341 6
-0.429268 -2.00994 6

-1.65112 -0.264755 6
-1.64921 -0.616718 6
-1.95136 -0.441843 6

-1.34048 -1.13986 6
-1.03709 -1.31399 6
-1.33874 -1.48878 6

1.6839 -1.47872 6
1.67726 -1.1309 6
1.98599 -1.30488 6

-0.748984 1.65909 6
-1.04982 1.48413 6
-1.05253 1.83305 6

-1.64903 1.48089 6
-1.64817 1.13043 6
-1.95045 1.3036 6

-1.64226 -1.31375 6
-1.64062 -1.66257 6
-1.94414 -1.4866 6

0.477665 -1.83038 6
0.779749 -2.00426 6
0.478704 -2.18055 6

0.778534 -1.65405 6
1.0784 -1.47827 6
1.08106 -1.82835 6

1.98291 -0.257147 6
1.97956 0.0891016 6
2.28677 -0.0876955 6

1.37627 1.13741 6
1.07179 1.31106 6
1.37491 1.48406 6

1.38264 -2.00303 6
1.38182 -1.65288 6
1.68414 -1.82696 6

-1.95535 0.260925 6
-2.25359 0.0805086 6
-2.25967 0.432696 6

1.67756 0.266043 6
1.67853 0.614982 6
1.98001 0.440175 6

-0.146331 2.00713 6
-0.453345 2.1826 6
-0.147863 2.35648 6

0.176403 -2.00708 6
0.478704 -2.18055 6
0.176475 -2.35631 6

1.67996 0.964004 6
1.37627 1.13741 6
1.68049 1.31045 6

-2.25352 -0.269338 6
-1.95136 -0.441843 6
-2.25496 -0.617029 6

2.27846 0.260158 6
1.98001 0.440175 6
2.2811 0.616775 6

0.46271 1.65714 6
0.159045 1.83049 6
0.453914 2.00797 6

-0.732848 -2.185 6
-0.429268 -2.00994 6
-0.42948 -2.35803 6

1.67557 -0.778703 6
1.67574 -0.428624 6
1.97626 -0.603462 6

-1.96542 0.611083 6
-2.25967 0.432696 6
-2.26446 0.786688 6

-1.64475 -0.96532 6
-1.34048 -1.13986 6
-1.64226 -1.31375 6

1.06772 1.65788 6
0.761843 1.83288 6
1.06607 2.00355 6

-1.64921 -0.616718 6
-1.64475 -0.96532 6
-1.95026 -0.790708 6

-1.95385 0.956837 6
-2.26446 0.786688 6
-2.25714 1.13018 6

-0.748984 1.65909 6
-1.05253 1.83305 6
-0.750621 2.00728 6

0.477665 -1.83038 6
0.778534 -1.65405 6
0.779749 -2.00426 6

1.08106 -1.82835 6
1.0784 -1.47827 6
1.38182 -1.65288 6

1.97626 -0.603462 6
2.28495 -0.43652 6
2.26877 -0.785596 6

1.37491 1.48406 6
1.37244 1.82973 6
1.67907 1.65686 6

-1.04982 1.48413 6
-1.3474 1.30783 6
-1.35451 1.66012 6

1.67853 0.614982 6
1.67996 0.964004 6
1.98179 0.790478 6

-0.750621 2.00728 6
-1.04983 2.1833 6
-0.748242 2.36068 6

-1.64817 1.13043 6
-1.65414 0.781826 6
-1.95385 0.956837 6

0.159045 1.83049 6
-0.146331 2.00713 6
0.151371 2.18252 6

-0.445098 1.83345 6
-0.748984 1.65909 6
-0.750621 2.00728 6

0.779749 -2.00426 6
1.08141 -2.17888 6
0.780449 -2.3548 6

-0.126539 -1.8341 6
0.176403 -2.00708 6
-0.126141 -2.18274 6

1.0784 -1.47827 6
1.37782 -1.30392 6
1.38182 -1.65288 6

-1.3474 1.30783 6
-1.64817 1.13043 6
-1.64903 1.48089 6

0.453967 2.35707 6
0.151371 2.18252 6
0.1579 2.53269 6

-0.42948 -2.35803 6
-0.126141 -2.18274 6
-0.126338 -2.53138 6

-1.03511 -1.66307 6
-0.732032 -1.83651 6
-1.03536 -2.0116 6

-1.66286 1.83339 6
-1.64903 1.48089 6
-1.95349 1.65362 6

1.06607 2.00355 6
0.761843 1.83288 6
0.758524 2.17814 6

-0.146331 2.00713 6
-0.445098 1.83345 6
-0.453345 2.1826 6

1.37782 -1.30392 6
1.67726 -1.1309 6
1.6839 -1.47872 6

1.67726 -1.1309 6
1.67557 -0.778703 6
1.97526 -0.958635 6

1.68049 1.31045 6
1.67907 1.65686 6
1.98428 1.48254 6

-1.35406 2.00694 6
-1.35451 1.66012 6
-1.66286 1.83339 6

-1.05253 1.83305 6
-1.35451 1.66012 6
-1.35406 2.00694 6

-1.64226 -1.31375 6
-1.33874 -1.48878 6
-1.64062 -1.66257 6

0.176403 -2.00708 6
0.477665 -1.83038 6
0.478704 -2.18055 6

-1.95535 0.260925 6
-1.95204 -0.0910865 6
-2.25359 0.0805086 6

1.68414 -1.82696 6
1.6839 -1.47872 6
1.98826 -1.65253 6

1.97526 -0.958635 6
2.26877 -0.785596 6
2.28785 -1.13005 6

1.68049 1.31045 6
1.37491 1.48406 6
1.67907 1.65686 6

-2.25496 -0.617029 6
-1.95026 -0.790708 6
-2.25334 -0.963074 6

-1.64475 -0.96532 6
-1.64226 -1.31375 6
-1.94704 -1.13832 6

-0.732032 -1.83651 6
-0.429268 -2.00994 6
-0.732848 -2.185 6

-1.33874 -1.48878 6
-1.33794 -1.83755 6
-1.64062 -1.66257 6

2.57116 0.436571 6
2.2811 0.616775 6
2.59097 0.786896 6

1.37244 1.82973 6
1.3729 2.17456 6
1.6781 2.00254 6

0.151371 2.18252 6
-0.146331 2.00713 6
-0.147863 2.35648 6

-2.25359 0.0805086 6
-2.55533 -0.0968129 6
-2.55476 0.255536 6

-1.95204 -0.0910865 6
-1.95136 -0.441843 6
-2.25352 -0.269338 6

-1.33874 -1.48878 6
-1.03511 -1.66307 6
-1.33794 -1.83755 6

-1.33887 -2.18667 6
-1.03536 -2.0116 6
-1.0374 -2.36022 6

1.37491 1.48406 6
1.06772 1.65788 6
1.37244 1.82973 6

1.06716 2.34747 6
0.758524 2.17814 6
0.765462 2.52308 6

1.97626 -0.603462 6
1.98291 -0.257147 6
2.28495 -0.43652 6

1.98291 -0.257147 6
2.28677 -0.0876955 6
2.28495 -0.43652 6

2.2811 0.616775 6
1.98179 0.790478 6
2.29008 0.96338 6

1.67996 0.964004 6
1.68049 1.31045 6
1.98623 1.13675 6

-1.95349 1.65362 6
-1.95045 1.3036 6
-2.2524 1.47875 6

1.97956 0.0891016 6
1.98001 0.440175 6
2.27846 0.260158 6

-1.96542 0.611083 6
-1.95535 0.260925 6
-2.25967 0.432696 6

-2.55533 -0.0968129 6
-2.25352 -0.269338 6
-2.55904 -0.444563 6

-1.64062 -1.66257 6
-1.64056 -2.01189 6
-1.94274 -1.83578 6

-0.126141 -2.18274 6
0.176403 -2.00708 6
0.176475 -2.35631 6

1.67726 -1.1309 6
1.97526 -0.958635 6
1.98599 -1.30488 6

0.761843 1.83288 6
0.453914 2.00797 6
0.758524 2.17814 6

-0.733922 -2.53252 6
-0.42948 -2.35803 6
-0.430214 -2.70569 6

2.58755 0.0879457 6
2.27846 0.260158 6
2.57116 0.436571 6

-2.25967 0.432696 6
-2.55476 0.255536 6
-2.56119 0.609915 6

-2.25334 -0.963074 6
-1.94704 -1.13832 6
-2.24897 -1.31013 6

-1.95136 -0.441843 6
-1.95026 -0.790708 6
-2.25496 -0.617029 6

0.765462 2.52308 6
0.453967 2.35707 6
0.467867 2.70377 6

2.26877 -0.785596 6
2.58247 -0.612073 6
2.58574 -0.952134 6

-1.64817 1.13043 6
-1.95385 0.956837 6
-1.95045 1.3036 6

0.176475 -2.35631 6
0.478519 -2.5304 6
0.17616 -2.70554 6

2.29008 0.96338 6
1.98623 1.13675 6
2.29206 1.30921 6

-0.453345 2.1826 6
-0.748242 2.36068 6
-0.442964 2.53403 6

-1.94704 -1.13832 6
-1.64226 -1.31375 6
-1.94414 -1.4866 6

-2.55904 -0.444563 6
-2.25496 -0.617029 6
-2.56094 -0.789021 6

0.478704 -2.18055 6
0.780449 -2.3548 6
0.478519 -2.5304 6

1.98001 0.440175 6
1.98179 0.790478 6
2.2811 0.616775 6

0.478704 -2.18055 6
0.779749 -2.00426 6
0.780449 -2.3548 6

-0.147863 2.35648 6
-0.442964 2.53403 6
-0.138404 2.70822 6

0.779749 -2.00426 6
1.08106 -1.82835 6
1.08141 -2.17888 6

0.151371 2.18252 6
-0.147863 2.35648 6
0.1579 2.53269 6

-0.429268 -2.00994 6
-0.126141 -2.18274 6
-0.42948 -2.35803 6

2.28677 -0.0876955 6
2.27846 0.260158 6
2.58755 0.0879457 6

-1.95385 0.956837 6
-1.96542 0.611083 6
-2.26446 0.786688 6

1.98826 -1.65253 6
1.98599 -1.30488 6
2.29102 -1.47734 6

0.453914 2.00797 6
0.151371 2.18252 6
0.453967 2.35707 6

-1.34513 2.36096 6
-1.35406 2.00694 6
-1.64597 2.1871 6

1.97526 -0.958635 6
1.97626 -0.603462 6
2.26877 -0.785596 6

-1.05253 1.83305 6
-1.35406 2.00694 6
-1.04983 2.1833 6

-2.26446 0.786688 6
-2.56119 0.609915 6
-2.57032 0.960283 6

1.08141 -2.17888 6
1.08106 -1.82835 6
1.38264 -2.00303 6

-0.750621 2.00728 6
-1.05253 1.83305 6
-1.04983 2.1833 6

-1.33794 -1.83755 6
-1.03536 -2.0116 6
-1.33887 -2.18667 6

1.67907 1.65686 6
1.37244 1.82973 6
1.6781 2.00254 6

1.08106 -1.82835 6
1.38182 -1.65288 6
1.38264 -2.00303 6

-1.04983 2.1833 6
-1.34513 2.36096 6
-1.04394 2.53695 6

-1.95045 1.3036 6
-1.95385 0.956837 6
-2.25714 1.13018 6

-1.33794 -1.83755 6
-1.33887 -2.18667 6
-1.64056 -2.01189 6

1.98623 1.13675 6
1.68049 1.31045 6
1.98428 1.48254 6

-1.95026 -0.790708 6
-1.94704 -1.13832 6
-2.25334 -0.963074 6

-0.126141 -2.18274 6
0.176475 -2.35631 6
-0.126338 -2.53138 6

-1.35451 1.66012 6
-1.64903 1.48089 6
-1.66286 1.83339 6

2.28677 -0.0876955 6
2.58755 0.0879457 6
2.58858 -0.262694 6

-0.453345 2.1826 6
-0.750621 2.00728 6
-0.748242 2.36068 6

1.08141 -2.17888 6
1.38191 -2.3536 6
1.08115 -2.52983 6

1.67907 1.65686 6
1.6781 2.00254 6
1.98289 1.83066 6

1.98599 -1.30488 6
2.28785 -1.13005 6
2.29102 -1.47734 6

1.68374 -2.17782 6
1.68414 -1.82696 6
1.98449 -2.00072 6

1.98179 0.790478 6
1.98623 1.13675 6
2.29008 0.96338 6

-1.64903 1.48089 6
-1.95045 1.3036 6
-1.95349 1.65362 6

0.176475 -2.35631 6
0.478704 -2.18055 6
0.478519 -2.5304 6

1.38182 -1.65288 6
1.6839 -1.47872 6
1.68414 -1.82696 6

1.37244 1.82973 6
1.06607 2.00355 6
1.3729 2.17456 6

-2.25359 0.0805086 6
-2.25352 -0.269338 6
-2.55533 -0.0968129 6

-1.0374 -2.36022 6
-0.732848 -2.185 6
-0.733922 -2.53252 6

1.98599 -1.30488 6
1.97526 -0.958635 6
2.28785 -1.13005 6

2.59097 0.786896 6
2.29008 0.96338 6
2.59654 1.13534 6

-0.147863 2.35648 6
-0.453345 2.1826 6
-0.442964 2.53403 6

-0.430214 -2.70569 6
-0.126338 -2.53138 6
-0.126866 -2.87974 6

1.6839 -1.47872 6
1.98599 -1.30488 6
1.98826 -1.65253 6

-2.25714 1.13018 6
-2.57032 0.960283 6
-2.55661 1.30628 6

-2.56094 -0.789021 6
-2.25334 -0.963074 6
-2.55579 -1.13463 6

0.467867 2.70377 6
0.1579 2.53269 6
0.168243 2.88099 6

-1.64597 2.1871 6
-1.66286 1.83339 6
-1.95076 2.01468 6

-2.8532 0.0809852 6
-2.55533 -0.0968129 6
-2.86112 -0.27122 6

-1.94414 -1.4866 6
-1.94274 -1.83578 6
-2.24543 -1.65921 6

-1.95076 2.01468 6
-1.95349 1.65362 6
-2.24678 1.83439 6

-2.25967 0.432696 6
-2.25359 0.0805086 6
-2.55476 0.255536 6

1.08141 -2.17888 6
1.38264 -2.00303 6
1.38191 -2.3536 6

1.3729 2.17456 6
1.06607 2.00355 6
1.06716 2.34747 6

-0.442964 2.53403 6
-0.739985 2.71194 6
-0.43619 2.88493 6

-1.64062 -1.66257 6
-1.33794 -1.83755 6
-1.64056 -2.01189 6

-1.94274 -1.83578 6
-1.94377 -2.18487 6
-2.24571 -2.00839 6

1.98449 -2.00072 6
1.98826 -1.65253 6
2.29039 -1.82674 6

-2.55579 -1.13463 6
-2.24897 -1.31013 6
-2.54928 -1.4835 6

-1.03536 -2.0116 6
-0.732848 -2.185 6
-1.0374 -2.36022 6

2.88275 0.268523 6
2.57116 0.436571 6
2.88452 0.612296 6

1.06607 2.00355 6
0.758524 2.17814 6
1.06716 2.34747 6

0.478519 -2.5304 6
0.779773 -2.70547 6
0.477737 -2.88017 6

2.28785 -1.13005 6
2.58574 -0.952134 6
2.5931 -1.30058 6

2.28495 -0.43652 6
2.58858 -0.262694 6
2.58247 -0.612073 6

-2.26446 0.786688 6
-2.25967 0.432696 6
-2.56119 0.609915 6

0.1579 2.53269 6
-0.147863 2.35648 6
-0.138404 2.70822 6

-1.34319 -2.53531 6
-1.0374 -2.36022 6
-1.03895 -2.70673 6

0.758524 2.17814 6
0.453967 2.35707 6
0.765462 2.52308 6

-2.25352 -0.269338 6
-2.25496 -0.617029 6
-2.55904 -0.444563 6

2.28495 -0.43652 6
2.28677 -0.0876955 6
2.58858 -0.262694 6

1.3729 2.17456 6
1.37141 2.52096 6
1.67741 2.34961 6

1.6781 2.00254 6
1.67741 2.34961 6
1.98118 2.17934 6

-1.94704 -1.13832 6
-1.94414 -1.4866 6
-2.24897 -1.31013 6

-1.03895 -2.70673 6
-0.733922 -2.53252 6
-0.734539 -2.87948 6

2.27846 0.260158 6
2.2811 0.616775 6
2.57116 0.436571 6

1.98428 1.48254 6
1.98289 1.83066 6
2.28631 1.65447 6

-2.86112 -0.27122 6
-2.55904 -0.444563 6
-2.86819 -0.615284 6

-2.55476 0.255536 6
-2.8532 0.0809852 6
-2.85588 0.432493 6

-0.732848 -2.185 6
-0.42948 -2.35803 6
-0.733922 -2.53252 6

1.98623 1.13675 6
1.98428 1.48254 6
2.29206 1.30921 6

1.07031 2.69606 6
0.765462 2.52308 6
0.772152 2.87366 6

-1.94414 -1.4866 6
-1.64062 -1.66257 6
-1.94274 -1.83578 6

2.26877 -0.785596 6
2.28495 -0.43652 6
2.58247 -0.612073 6

2.88452 0.612296 6
2.59097 0.786896 6
2.8968 0.962891 6

2.59654 1.13534 6
2.29206 1.30921 6
2.5964 1.48167 6

-0.138404 2.70822 6
-0.43619 2.88493 6
-0.13138 3.05768 6

2.58858 -0.262694 6
2.88886 -0.0851549 6
2.88862 -0.436346 6

-2.56119 0.609915 6
-2.85588 0.432493 6
-2.86856 0.783392 6

-1.33887 -2.18667 6
-1.0374 -2.36022 6
-1.34319 -2.53531 6

1.3729 2.17456 6
1.06716 2.34747 6
1.37141 2.52096 6

-2.25496 -0.617029 6
-2.25334 -0.963074 6
-2.56094 -0.789021 6

2.58247 -0.612073 6
2.88862 -0.436346 6
2.89141 -0.781446 6

-1.95045 1.3036 6
-2.25714 1.13018 6
-2.2524 1.47875 6

-2.24897 -1.31013 6
-1.94414 -1.4866 6
-2.24543 -1.65921 6

1.98428 1.48254 6
1.67907 1.65686 6
1.98289 1.83066 6

-2.24678 1.83439 6
-2.2524 1.47875 6
-2.54741 1.65861 6

2.2811 0.616775 6
2.29008 0.96338 6
2.59097 0.786896 6

-2.86819 -0.615284 6
-2.56094 -0.789021 6
-2.86493 -0.959816 6

-0.126338 -2.53138 6
0.176475 -2.35631 6
0.17616 -2.70554 6

-1.34513 2.36096 6
-1.64254 2.54089 6
-1.34133 2.71416 6

-1.04983 2.1833 6
-1.35406 2.00694 6
-1.34513 2.36096 6

-0.748242 2.36068 6
-1.04394 2.53695 6
-0.739985 2.71194 6

0.1579 2.53269 6
-0.138404 2.70822 6
0.168243 2.88099 6

0.780449 -2.3548 6
1.08115 -2.52983 6
0.779773 -2.70547 6

1.98289 1.83066 6
1.98118 2.17934 6
2.28406 2.00518 6

0.17616 -2.70554 6
0.477737 -2.88017 6
0.175313 -3.05474 6

1.38191 -2.3536 6
1.38264 -2.00303 6
1.68374 -2.17782 6

0.772152 2.87366 6
0.467867 2.70377 6
0.472674 3.05286 6

-1.35406 2.00694 6
-1.66286 1.83339 6
-1.64597 2.1871 6

-0.42948 -2.35803 6
-0.126338 -2.53138 6
-0.430214 -2.70569 6

1.38191 -2.3536 6
1.68374 -2.17782 6
1.68121 -2.52892 6

2.29039 -1.82674 6
2.29102 -1.47734 6
2.59163 -1.65153 6

-0.748242 2.36068 6
-1.04983 2.1833 6
-1.04394 2.53695 6

-2.57032 0.960283 6
-2.86856 0.783392 6
-2.86716 1.13303 6

-2.25714 1.13018 6
-2.26446 0.786688 6
-2.57032 0.960283 6

-0.734539 -2.87948 6
-0.430214 -2.70569 6
-0.43072 -3.0532 6

0.453967 2.35707 6
0.1579 2.53269 6
0.467867 2.70377 6

1.08115 -2.52983 6
1.38106 -2.70558 6
1.08004 -2.88102 6

0.780449 -2.3548 6
1.08141 -2.17888 6
1.08115 -2.52983 6

1.38264 -2.00303 6
1.68414 -1.82696 6
1.68374 -2.17782 6

1.98313 -2.35365 6
1.98449 -2.00072 6
2.28189 -2.17553 6

-1.64254 2.54089 6
-1.64597 2.1871 6
-1.94224 2.36739 6

2.28785 -1.13005 6
2.26877 -0.785596 6
2.58574 -0.952134 6

-1.04394 2.53695 6
-1.34133 2.71416 6
-1.03927 2.88815 6

-1.33887 -2.18667 6
-1.34319 -2.53531 6
-1.6432 -2.36128 6

2.29206 1.30921 6
1.98428 1.48254 6
2.28631 1.65447 6

-2.25334 -0.963074 6
-2.24897 -1.31013 6
-2.55579 -1.13463 6

-3.15551 -0.0865403 6
-2.86112 -0.27122 6
-3.17488 -0.436472 6

-1.66286 1.83339 6
-1.95349 1.65362 6
-1.95076 2.01468 6

-1.64056 -2.01189 6
-1.6432 -2.36128 6
-1.94377 -2.18487 6

-0.442964 2.53403 6
-0.748242 2.36068 6
-0.739985 2.71194 6

-2.55533 -0.0968129 6
-2.55904 -0.444563 6
-2.86112 -0.27122 6

0.478519 -2.5304 6
0.780449 -2.3548 6
0.779773 -2.70547 6

1.68414 -1.82696 6
1.98826 -1.65253 6
1.98449 -2.00072 6

2.58574 -0.952134 6
2.89141 -0.781446 6
2.89411 -1.12686 6

2.58858 -0.262694 6
2.58755 0.0879457 6
2.88886 -0.0851549 6

2.28631 1.65447 6
2.28406 2.00518 6
2.58471 1.82722 6

-2.55476 0.255536 6
-2.55533 -0.0968129 6
-2.8532 0.0809852 6

2.29008 0.96338 6
2.29206 1.30921 6
2.59654 1.13534 6

-1.95349 1.65362 6
-2.2524 1.47875 6
-2.24678 1.83439 6

0.17616 -2.70554 6
0.478519 -2.5304 6
0.477737 -2.88017 6

-1.64056 -2.01189 6
-1.33887 -2.18667 6
-1.6432 -2.36128 6

1.98826 -1.65253 6
2.29102 -1.47734 6
2.29039 -1.82674 6

1.6781 2.00254 6
1.3729 2.17456 6
1.67741 2.34961 6

1.37141 2.52096 6
1.06716 2.34747 6
1.07031 2.69606 6

-2.2524 1.47875 6
-2.25714 1.13018 6
-2.55661 1.30628 6

-2.8532 0.0809852 6
-3.15551 -0.0865403 6
-3.15624 0.260907 6

-2.86493 -0.959816 6
-2.55579 -1.13463 6
-2.85419 -1.30867 6

-1.0374 -2.36022 6
-0.733922 -2.53252 6
-1.03895 -2.70673 6

-1.34543 -2.88012 6
-1.03895 -2.70673 6
-1.03981 -3.05253 6

-2.24543 -1.65921 6
-2.24571 -2.00839 6
-2.54766 -1.8322 6

-0.126338 -2.53138 6
0.17616 -2.70554 6
-0.126866 -2.87974 6

1.67176 2.69749 6
1.37141 2.52096 6
1.37194 2.87191 6

-0.138404 2.70822 6
-0.442964 2.53403 6
-0.43619 2.88493 6

-2.55661 1.30628 6
-2.86716 1.13303 6
-2.85104 1.48435 6

1.0734 3.04804 6
0.772152 2.87366 6
0.774866 3.22545 6

2.8968 0.962891 6
2.59654 1.13534 6
2.90161 1.31187 6

-0.739985 2.71194 6
-1.03927 2.88815 6
-0.735843 3.06173 6

-2.56119 0.609915 6
-2.55476 0.255536 6
-2.85588 0.432493 6

2.88886 -0.0851549 6
3.18489 0.0913083 6
3.19037 -0.260984 6

2.88886 -0.0851549 6
2.58755 0.0879457 6
2.88275 0.268523 6

2.58755 0.0879457 6
2.57116 0.436571 6
2.88275 0.268523 6

-1.94274 -1.83578 6
-1.64056 -2.01189 6
-1.94377 -2.18487 6

-2.57032 0.960283 6
-2.56119 0.609915 6
-2.86856 0.783392 6

-0.43072 -3.0532 6
-0.126866 -2.87974 6
-0.127794 -3.22831 6

0.472674 3.05286 6
0.168243 2.88099 6
0.172645 3.23057 6

-1.94224 2.36739 6
-1.95076 2.01468 6
-2.24508 2.19049 6

2.58247 -0.612073 6
2.58858 -0.262694 6
2.88862 -0.436346 6

1.06716 2.34747 6
0.765462 2.52308 6
1.07031 2.69606 6

0.477737 -2.88017 6
0.778387 -3.0561 6
0.47635 -3.23053 6

2.29102 -1.47734 6
2.28785 -1.13005 6
2.5931 -1.30058 6

0.765462 2.52308 6
0.467867 2.70377 6
0.772152 2.87366 6

-2.24508 2.19049 6
-2.24678 1.83439 6
-2.54421 2.01074 6

-0.733922 -2.53252 6
-0.430214 -2.70569 6
-0.734539 -2.87948 6

0.779773 -2.70547 6
1.08004 -2.88102 6
0.778387 -3.0561 6

2.5931 -1.30058 6
2.89411 -1.12686 6
2.89324 -1.47631 6

3.18702 0.442745 6
2.88452 0.612296 6
3.19261 0.791236 6

-2.24897 -1.31013 6
-2.24543 -1.65921 6
-2.54928 -1.4835 6

-1.94377 -2.18487 6
-1.94897 -2.53376 6
-2.24864 -2.35723 6

1.38191 -2.3536 6
1.68121 -2.52892 6
1.38106 -2.70558 6

2.58574 -0.952134 6
2.58247 -0.612073 6
2.89141 -0.781446 6

-0.43619 2.88493 6
-0.735843 3.06173 6
-0.432083 3.23459 6

-2.55904 -0.444563 6
-2.56094 -0.789021 6
-2.86819 -0.615284 6

-2.24571 -2.00839 6
-2.24864 -2.35723 6
-2.54877 -2.1828 6

1.98289 1.83066 6
1.6781 2.00254 6
1.98118 2.17934 6

2.28189 -2.17553 6
2.29039 -1.82674 6
2.58908 -2.00577 6

2.57116 0.436571 6
2.59097 0.786896 6
2.88452 0.612296 6

-3.17488 -0.436472 6
-2.86819 -0.615284 6
-3.17488 -0.785852 6

-2.24543 -1.65921 6
-1.94274 -1.83578 6
-2.24571 -2.00839 6

-1.03981 -3.05253 6
-0.734539 -2.87948 6
-0.734873 -3.22625 6

1.67741 2.34961 6
1.67176 2.69749 6
1.97801 2.53053 6

1.98118 2.17934 6
1.97801 2.53053 6
2.2798 2.35731 6

-2.85588 0.432493 6
-3.15624 0.260907 6
-3.16301 0.607521 6

2.59097 0.786896 6
2.59654 1.13534 6
2.8968 0.962891 6

1.37194 2.87191 6
1.07031 2.69606 6
1.0734 3.04804 6

-0.430214 -2.70569 6
-0.126866 -2.87974 6
-0.43072 -3.0532 6

2.29206 1.30921 6
2.28631 1.65447 6
2.5964 1.48167 6

-1.65167 -2.70982 6
-1.34319 -2.53531 6
-1.34543 -2.88012 6

2.88862 -0.436346 6
3.19037 -0.260984 6
3.19474 -0.608487 6

-2.86856 0.783392 6
-3.16301 0.607521 6
-3.17507 0.960282 6

-2.85419 -1.30867 6
-2.54928 -1.4835 6
-2.85162 -1.65554 6

-2.56094 -0.789021 6
-2.55579 -1.13463 6
-2.86493 -0.959816 6

-1.64597 2.1871 6
-1.95076 2.01468 6
-1.94224 2.36739 6

2.28631 1.65447 6
1.98289 1.83066 6
2.28406 2.00518 6

-1.34513 2.36096 6
-1.64597 2.1871 6
-1.64254 2.54089 6

2.28406 2.00518 6
2.2798 2.35731 6
2.58117 2.18455 6

-1.04394 2.53695 6
-1.34513 2.36096 6
-1.34133 2.71416 6

1.68121 -2.52892 6
1.68374 -2.17782 6
1.98313 -2.35365 6

2.89141 -0.781446 6
3.19474 -0.608487 6
3.1974 -0.956746 6

-3.17488 -0.785852 6
-2.86493 -0.959816 6
-3.16133 -1.13988 6

1.08115 -2.52983 6
1.38191 -2.3536 6
1.38106 -2.70558 6

2.29102 -1.47734 6
2.5931 -1.30058 6
2.59163 -1.65153 6

2.90161 1.31187 6
2.5964 1.48167 6
2.89727 1.66038 6

0.168243 2.88099 6
-0.138404 2.70822 6
-0.13138 3.05768 6

-2.2524 1.47875 6
-2.55661 1.30628 6
-2.54741 1.65861 6

-0.735843 3.06173 6
-1.038 3.23761 6
-0.735039 3.41044 6

2.88886 -0.0851549 6
2.88275 0.268523 6
3.18489 0.0913083 6

-0.126866 -2.87974 6
0.17616 -2.70554 6
0.175313 -3.05474 6

0.779773 -2.70547 6
1.08115 -2.52983 6
1.08004 -2.88102 6

-0.13138 3.05768 6
-0.432083 3.23459 6
-0.128828 3.40684 6

-0.739985 2.71194 6
-1.04394 2.53695 6
-1.03927 2.88815 6

-1.64284 2.89112 6
-1.64254 2.54089 6
-1.9448 2.7188 6

-2.54421 2.01074 6
-2.54741 1.65861 6
-2.84611 1.83537 6

3.19261 0.791236 6
2.8968 0.962891 6
3.2023 1.14069 6

-1.34133 2.71416 6
-1.64284 2.89112 6
-1.34068 3.06428 6

0.774866 3.22545 6
0.472674 3.05286 6
0.475091 3.4032 6

1.68374 -2.17782 6
1.98449 -2.00072 6
1.98313 -2.35365 6

1.38106 -2.70558 6
1.68121 -2.52892 6
1.68045 -2.8822 6

0.175313 -3.05474 6
0.47635 -3.23053 6
0.17401 -3.40408 6

1.68045 -2.8822 6
1.68121 -2.52892 6
1.97905 -2.70609 6

2.58908 -2.00577 6
2.59163 -1.65153 6
2.88674 -1.8304 6

-0.43619 2.88493 6
-0.739985 2.71194 6
-0.735843 3.06173 6

-2.55661 1.30628 6
-2.57032 0.960283 6
-2.86716 1.13303 6

-2.54928 -1.4835 6
-2.24543 -1.65921 6
-2.54766 -1.8322 6

1.98449 -2.00072 6
2.29039 -1.82674 6
2.28189 -2.17553 6

0.778387 -3.0561 6
1.07839 -3.23228 6
0.776481 -3.40709 6

0.467867 2.70377 6
0.168243 2.88099 6
0.472674 3.05286 6

2.89411 -1.12686 6
3.1974 -0.956746 6
3.19792 -1.30492 6

2.5931 -1.30058 6
2.58574 -0.952134 6
2.89411 -1.12686 6

-1.95076 2.01468 6
-2.24678 1.83439 6
-2.24508 2.19049 6

-3.15624 0.260907 6
-3.4619 0.0943877 6
-3.46675 0.433413 6

-1.6432 -2.36128 6
-1.34319 -2.53531 6
-1.65167 -2.70982 6

-0.734873 -3.22625 6
-0.43072 -3.0532 6
-0.430994 -3.40136 6

-2.86716 1.13303 6
-3.17507 0.960282 6
-3.15798 1.31297 6

-2.55579 -1.13463 6
-2.54928 -1.4835 6
-2.85419 -1.30867 6

-2.24281 2.54166 6
-2.24508 2.19049 6
-2.54479 2.362 6

-1.03927 2.88815 6
-1.34068 3.06428 6
-1.038 3.23761 6

-1.6432 -2.36128 6
-1.65167 -2.70982 6
-1.94897 -2.53376 6

0.477737 -2.88017 6
0.779773 -2.70547 6
0.778387 -3.0561 6

-2.8532 0.0809852 6
-2.86112 -0.27122 6
-3.15551 -0.0865403 6

1.08004 -2.88102 6
1.37976 -3.05724 6
1.07839 -3.23228 6

-0.13138 3.05768 6
-0.43619 2.88493 6
-0.432083 3.23459 6

-3.4619 0.0943877 6
-3.15551 -0.0865403 6
-3.46307 -0.251946 6

3.48841 -0.0868121 6
3.18489 0.0913083 6
3.48395 0.263576 6

2.5964 1.48167 6
2.28631 1.65447 6
2.58471 1.82722 6

-2.85588 0.432493 6
-2.8532 0.0809852 6
-3.15624 0.260907 6

-2.86112 -0.27122 6
-2.86819 -0.615284 6
-3.17488 -0.436472 6

-2.24571 -2.00839 6
-1.94377 -2.18487 6
-2.24864 -2.35723 6

-1.65304 -3.05122 6
-1.34543 -2.88012 6
-1.34522 -3.2247 6

1.67176 2.69749 6
1.67093 3.05207 6
1.96621 2.88087 6

1.67741 2.34961 6
1.37141 2.52096 6
1.67176 2.69749 6

-1.94897 -2.53376 6
-1.96531 -2.88099 6
-2.25991 -2.70484 6

-1.34319 -2.53531 6
-1.03895 -2.70673 6
-1.34543 -2.88012 6

2.59654 1.13534 6
2.5964 1.48167 6
2.90161 1.31187 6

1.37141 2.52096 6
1.07031 2.69606 6
1.37194 2.87191 6

2.59163 -1.65153 6
2.5931 -1.30058 6
2.89324 -1.47631 6

2.58471 1.82722 6
2.58117 2.18455 6
2.87374 2.00797 6

-1.94377 -2.18487 6
-1.6432 -2.36128 6
-1.94897 -2.53376 6

3.18489 0.0913083 6
2.88275 0.268523 6
3.18702 0.442745 6

-3.46307 -0.251946 6
-3.17488 -0.436472 6
-3.47127 -0.609349 6

-1.03895 -2.70673 6
-0.734539 -2.87948 6
-1.03981 -3.05253 6

2.88862 -0.436346 6
2.88886 -0.0851549 6
3.19037 -0.260984 6

3.2023 1.14069 6
2.90161 1.31187 6
3.20251 1.49139 6

1.98118 2.17934 6
1.67741 2.34961 6
1.97801 2.53053 6

-2.86819 -0.615284 6
-2.86493 -0.959816 6
-3.17488 -0.785852 6

1.07568 3.40104 6
0.774866 3.22545 6
0.776481 3.57719 0

1.67093 3.05207 6
1.37194 2.87191 6
1.37355 3.22537 6

-2.54741 1.65861 6
-2.55661 1.30628 6
-2.85104 1.48435 6

-1.03922 -3.39867 6
-0.734873 -3.22625 6
-0.735039 -3.57384 0

3.4906 0.619007 6
3.19261 0.791236 6
3.50135 0.967026 6

2.88275 0.268523 6
2.88452 0.612296 6
3.18702 0.442745 6

-2.85104 1.48435 6
-3.15798 1.31297 6
-3.14938 1.66264 6

-2.86856 0.783392 6
-2.85588 0.432493 6
-3.16301 0.607521 6

-2.54766 -1.8322 6
-2.54877 -2.1828 6
-2.8477 -2.00721 6

0.175313 -3.05474 6
0.477737 -2.88017 6
0.47635 -3.23053 6

-0.126866 -2.87974 6
0.175313 -3.05474 6
-0.127794 -3.22831 6

0.772152 2.87366 6
0.472674 3.05286 6
0.774866 3.22545 6

3.48395 0.263576 6
3.18702 0.442745 6
3.4906 0.619007 6

1.07031 2.69606 6
0.772152 2.87366 6
1.0734 3.04804 6

0.168243 2.88099 6
-0.13138 3.05768 6
0.172645 3.23057 6

2.89324 -1.47631 6
3.19792 -1.30492 6
3.18909 -1.65335 6

-2.86716 1.13303 6
-2.86856 0.783392 6
-3.17507 0.960282 6

-2.24678 1.83439 6
-2.54741 1.65861 6
-2.54421 2.01074 6

2.28062 -2.53375 6
2.28189 -2.17553 6
2.57123 -2.35724 6

2.29039 -1.82674 6
2.59163 -1.65153 6
2.58908 -2.00577 6

2.89141 -0.781446 6
2.88862 -0.436346 6
3.19474 -0.608487 6

-1.9448 2.7188 6
-1.94224 2.36739 6
-2.24281 2.54166 6

-3.47127 -0.609349 6
-3.17488 -0.785852 6
-3.46368 -0.966013 6

-2.24864 -2.35723 6
-2.25991 -2.70484 6
-2.55653 -2.53179 6

3.19474 -0.608487 6
3.49689 -0.435142 6
3.49773 -0.784378 6

0.475091 3.4032 6
0.172645 3.23057 6
0.17401 3.5802 0

-2.54766 -1.8322 6
-2.24571 -2.00839 6
-2.54877 -2.1828 6

-0.430994 -3.40136 6
-0.127794 -3.22831 6
-0.128828 -3.57745 0

-3.15947 -1.48048 6
-2.85162 -1.65554 6
-3.14803 -1.83178 6

-3.16133 -1.13988 6
-2.85419 -1.30867 6
-3.15947 -1.48048 6

0.47635 -3.23053 6
0.776481 -3.40709 6
0.475091 -3.58108 0

1.38106 -2.70558 6
1.68045 -2.8822 6
1.37976 -3.05724 6

2.28406 2.00518 6
1.98118 2.17934 6
2.2798 2.35731 6

-0.432083 3.23459 6
-0.735039 3.41044 6
-0.430994 3.58292 0

2.57123 -2.35724 6
2.58908 -2.00577 6
2.88126 -2.18989 6

2.88452 0.612296 6
2.8968 0.962891 6
3.19261 0.791236 6

-2.54479 2.362 6
-2.54421 2.01074 6
-2.84566 2.18513 6

-2.54928 -1.4835 6
-2.54766 -1.8322 6
-2.85162 -1.65554 6

-0.734539 -2.87948 6
-0.43072 -3.0532 6
-0.734873 -3.22625 6

3.20251 1.49139 6
2.89727 1.66038 6
3.19137 1.8414 6

2.2798 2.35731 6
2.27683 2.70565 6
2.58373 2.52984 6

-3.16301 0.607521 6
-3.46675 0.433413 6
-3.46758 0.780321 6

3.19037 -0.260984 6
3.48841 -0.0868121 6
3.49689 -0.435142 6

1.37355 3.22537 6
1.0734 3.04804 6
1.07568 3.40104 6

-1.34133 2.71416 6
-1.64254 2.54089 6
-1.64284 2.89112 6

-3.17507 0.960282 6
-3.46758 0.780321 6
-3.46436 1.13944 6

1.37976 -3.05724 6
1.68042 -3.23325 6
1.37859 -3.40808 6

1.97905 -2.70609 6
1.98313 -2.35365 6
2.28062 -2.53375 6

2.89411 -1.12686 6
2.89141 -0.781446 6
3.1974 -0.956746 6

1.97801 2.53053 6
1.96621 2.88087 6
2.27683 2.70565 6

2.5964 1.48167 6
2.58471 1.82722 6
2.89727 1.66038 6

-1.64254 2.54089 6
-1.94224 2.36739 6
-1.9448 2.7188 6

-1.64284 2.89112 6
-1.94881 3.06506 6
-1.64509 3.23867 6

1.98174 -3.05814 6
1.97905 -2.70609 6
2.28029 -2.88006 6

1.68121 -2.52892 6
1.98313 -2.35365 6
1.97905 -2.70609 6

-1.03927 2.88815 6
-1.34133 2.71416 6
-1.34068 3.06428 6

-1.65167 -2.70982 6
-1.34543 -2.88012 6
-1.65304 -3.05122 6

3.1974 -0.956746 6
3.49773 -0.784378 6
3.50022 -1.13678 6

-2.85104 1.48435 6
-2.86716 1.13303 6
-3.15798 1.31297 6

1.08004 -2.88102 6
1.38106 -2.70558 6
1.37976 -3.05724 6

-2.54741 1.65861 6
-2.85104 1.48435 6
-2.84611 1.83537 6

-1.65167 -2.70982 6
-1.65304 -3.05122 6
-1.96531 -2.88099 6

2.58471 1.82722 6
2.28406 2.00518 6
2.58117 2.18455 6

-2.86493 -0.959816 6
-2.85419 -1.30867 6
-3.16133 -1.13988 6

2.88126 -2.18989 6
2.88674 -1.8304 6
3.1759 -2.00814 6

-0.735843 3.06173 6
-1.03927 2.88815 6
-1.038 3.23761 6

-2.25256 2.89166 6
-2.24281 2.54166 6
-2.54804 2.71017 6

-0.43072 -3.0532 6
-0.127794 -3.22831 6
-0.430994 -3.40136 6

2.58117 2.18455 6
2.58373 2.52984 6
2.89169 2.35404 6

-1.94224 2.36739 6
-2.24508 2.19049 6
-2.24281 2.54166 6

0.778387 -3.0561 6
1.08004 -2.88102 6
1.07839 -3.23228 6

2.8968 0.962891 6
2.90161 1.31187 6
3.2023 1.14069 6

-1.34068 3.06428 6
-1.64509 3.23867 6
-1.34187 3.41252 6

-2.54804 2.71017 6
-2.54479 2.362 6
-2.84903 2.53371 6

-3.15624 0.260907 6
-3.15551 -0.0865403 6
-3.4619 0.0943877 6

1.98313 -2.35365 6
2.28189 -2.17553 6
2.28062 -2.53375 6

2.28189 -2.17553 6
2.58908 -2.00577 6
2.57123 -2.35724 6

-0.127794 -3.22831 6
0.175313 -3.05474 6
0.17401 -3.40408 6

1.68042 -3.23325 6
1.68045 -2.8822 6
1.98174 -3.05814 6

3.50135 0.967026 6
3.2023 1.14069 6
3.50432 1.31737 6

0.172645 3.23057 6
-0.13138 3.05768 6
-0.128828 3.40684 6

-0.432083 3.23459 6
-0.735843 3.06173 6
-0.735039 3.41044 6

-0.735039 -3.57384 0
-0.430994 -3.40136 6
-0.432083 -3.74969 0

2.59163 -1.65153 6
2.89324 -1.47631 6
2.88674 -1.8304 6

0.776481 3.57719 0
0.475091 3.4032 6
0.47635 3.75375 0

-2.84566 2.18513 6
-2.84611 1.83537 6
-3.14817 2.0116 6

-1.34522 -3.2247 6
-1.03981 -3.05253 6
-1.03922 -3.39867 6

0.776481 -3.40709 6
1.07568 -3.58325 0
0.774866 -3.75884 0

0.472674 3.05286 6
0.172645 3.23057 6
0.475091 3.4032 6

-0.128828 3.40684 6
-0.430994 3.58292 0
-0.127794 3.75598 0

-3.46675 0.433413 6
-3.77991 0.262055 6
-3.77015 0.606772 6

2.89324 -1.47631 6
2.89411 -1.12686 6
3.19792 -1.30492 6

-3.15798 1.31297 6
-3.46436 1.13944 6
-3.45494 1.4903 6

-3.15551 -0.0865403 6
-3.17488 -0.436472 6
-3.46307 -0.251946 6

-2.54877 -2.1828 6
-2.55653 -2.53179 6
-2.85439 -2.35869 6

-1.95228 -3.22767 6
-1.65304 -3.05122 6
-1.64707 -3.39906 6

-3.17488 -0.785852 6
-3.16133 -1.13988 6
-3.46368 -0.966013 6

-2.24508 2.19049 6
-2.54421 2.01074 6
-2.54479 2.362 6

-3.4619 0.0943877 6
-3.76424 -0.0813755 6
-3.77991 0.262055 6

-3.46368 -0.966013 6
-3.16133 -1.13988 6
-3.47722 -1.30984 6

-2.85162 -1.65554 6
-2.54766 -1.8322 6
-2.8477 -2.00721 6

1.67176 2.69749 6
1.37194 2.87191 6
1.67093 3.05207 6

-2.85419 -1.30867 6
-2.85162 -1.65554 6
-3.15947 -1.48048 6

1.07839 -3.23228 6
1.37859 -3.40808 6
1.07568 -3.58325 0

-1.94897 -2.53376 6
-1.65167 -2.70982 6
-1.96531 -2.88099 6

3.19792 -1.30492 6
3.50022 -1.13678 6
3.49876 -1.48693 6

1.97801 2.53053 6
1.67176 2.69749 6
1.96621 2.88087 6

1.98061 3.22651 6
1.67093 3.05207 6
1.67827 3.4003 6

-3.16301 0.607521 6
-3.15624 0.260907 6
-3.46675 0.433413 6

-1.34543 -2.88012 6
-1.03981 -3.05253 6
-1.34522 -3.2247 6

3.18489 0.0913083 6
3.18702 0.442745 6
3.48395 0.263576 6

-1.038 3.23761 6
-1.34187 3.41252 6
-1.03922 3.58562 0

-3.17488 -0.436472 6
-3.17488 -0.785852 6
-3.47127 -0.609349 6

-3.76424 -0.0813755 6
-3.46307 -0.251946 6
-3.76478 -0.431566 6

3.78069 0.436665 6
3.4906 0.619007 6
3.79949 0.787946 6

3.19037 -0.260984 6
3.18489 0.0913083 6
3.48841 -0.0868121 6

-0.128828 3.40684 6
-0.432083 3.23459 6
-0.430994 3.58292 0

2.87374 2.00797 6
2.89169 2.35404 6
3.18992 2.18107 6

2.58908 -2.00577 6
2.88674 -1.8304 6
2.88126 -2.18989 6

1.96621 2.88087 6
1.98061 3.22651 6
2.27897 3.04812 6

-1.96531 -2.88099 6
-1.65304 -3.05122 6
-1.95228 -3.22767 6

0.47635 -3.23053 6
0.778387 -3.0561 6
0.776481 -3.40709 6

0.17401 -3.40408 6
0.475091 -3.58108 0
0.172645 -3.75371 0

3.78794 0.0860042 6
3.48395 0.263576 6
3.78069 0.436665 6

1.37194 2.87191 6
1.0734 3.04804 6
1.37355 3.22537 6

1.67827 3.4003 6
1.37355 3.22537 6
1.37859 3.5762 0

2.58117 2.18455 6
2.2798 2.35731 6
2.58373 2.52984 6

2.89727 1.66038 6
2.58471 1.82722 6
2.87374 2.00797 6

-2.24864 -2.35723 6
-1.94897 -2.53376 6
-2.25991 -2.70484 6

3.19474 -0.608487 6
3.19037 -0.260984 6
3.49689 -0.435142 6

-1.94881 3.06506 6
-1.9448 2.7188 6
-2.25256 2.89166 6

-1.03981 -3.05253 6
-0.734873 -3.22625 6
-1.03922 -3.39867 6

-2.54877 -2.1828 6
-2.24864 -2.35723 6
-2.55653 -2.53179 6

-1.64707 -3.39906 6
-1.34522 -3.2247 6
-1.34187 -3.57176 0

3.48841 -0.0868121 6
3.48395 0.263576 6
3.78794 0.0860042 6

2.90161 1.31187 6
2.89727 1.66038 6
3.20251 1.49139 6

2.2798 2.35731 6
1.97801 2.53053 6
2.27683 2.70565 6

-3.15798 1.31297 6
-3.17507 0.960282 6
-3.46436 1.13944 6

-2.25991 -2.70484 6
-2.26184 -3.05725 6
-2.56417 -2.88236 6

3.18702 0.442745 6
3.19261 0.791236 6
3.4906 0.619007 6

-3.17507 0.960282 6
-3.16301 0.607521 6
-3.46758 0.780321 6

0.17401 -3.40408 6
0.47635 -3.23053 6
0.475091 -3.58108 0

2.27683 2.70565 6
2.27897 3.04812 6
2.58384 2.87621 6

-3.76495 -0.787931 6
-3.46368 -0.966013 6
-3.77051 -1.13905 6

-3.14938 1.66264 6
-3.45494 1.4903 6
-3.45093 1.83893 6

-2.84611 1.83537 6
-2.85104 1.48435 6
-3.14938 1.66264 6

-1.64284 2.89112 6
-1.9448 2.7188 6
-1.94881 3.06506 6

1.0734 3.04804 6
0.774866 3.22545 6
1.07568 3.40104 6

-0.734873 -3.22625 6
-0.430994 -3.40136 6
-0.735039 -3.57384 0

-0.127794 -3.22831 6
0.17401 -3.40408 6
-0.128828 -3.57745 0

3.50432 1.31737 6
3.20251 1.49139 6
3.50015 1.66836 6

0.172645 3.23057 6
-0.128828 3.40684 6
0.17401 3.5802 0

3.1974 -0.956746 6
3.19474 -0.608487 6
3.49773 -0.784378 6

3.48841 -0.0868121 6
3.78794 0.0860042 6
3.79687 -0.260129 6

0.47635 3.75375 0
0.17401 3.5802 0
0.175313 3.92954 0

-2.54421 2.01074 6
-2.84611 1.83537 6
-2.84566 2.18513 6

2.88674 -1.8304 6
2.89324 -1.47631 6
3.18909 -1.65335 6

3.49773 -0.784378 6
3.79973 -0.610902 6
3.7965 -0.962568 6

-2.84903 2.53371 6
-2.84566 2.18513 6
-3.15029 2.35948 6

-3.47722 -1.30984 6
-3.15947 -1.48048 6
-3.45201 -1.66007 6

-2.8477 -2.00721 6
-2.85439 -2.35869 6
-3.14983 -2.18357 6

-0.432083 -3.74969 0
-0.128828 -3.57745 0
-0.13138 -3.9266 0

-3.46436 1.13944 6
-3.76179 0.960827 6
-3.75979 1.31612 6

-0.735039 3.41044 6
-1.03922 3.58562 0
-0.734873 3.75803 0

-2.8477 -2.00721 6
-2.54877 -2.1828 6
-2.85439 -2.35869 6

2.58895 -2.70651 6
2.57123 -2.35724 6
2.8869 -2.53075 6

1.37976 -3.05724 6
1.68045 -2.8822 6
1.68042 -3.23325 6

0.774866 3.22545 6
0.475091 3.4032 6
0.776481 3.57719 0

-3.4619 0.0943877 6
-3.46307 -0.251946 6
-3.76424 -0.0813755 6

3.18909 -1.65335 6
3.49876 -1.48693 6
3.47842 -1.83356 6

-0.430994 3.58292 0
-0.734873 3.75803 0
-0.43072 3.93108 0

-2.85162 -1.65554 6
-2.8477 -2.00721 6
-3.14803 -1.83178 6

2.8869 -2.53075 6
2.88126 -2.18989 6
3.19235 -2.35579 6

3.19261 0.791236 6
3.2023 1.14069 6
3.50135 0.967026 6

2.58373 2.52984 6
2.58384 2.87621 6
2.88615 2.69964 6

-1.34068 3.06428 6
-1.64284 2.89112 6
-1.64509 3.23867 6

-1.9448 2.7188 6
-2.24281 2.54166 6
-2.25256 2.89166 6

0.475091 -3.58108 0
0.774866 -3.75884 0
0.472674 -3.93142 0

2.28029 -2.88006 6
2.28062 -2.53375 6
2.58895 -2.70651 6

3.79949 0.787946 6
3.50135 0.967026 6
3.8041 1.14024 6

1.68045 -2.8822 6
1.97905 -2.70609 6
1.98174 -3.05814 6

-3.46758 0.780321 6
-3.77015 0.606772 6
-3.76179 0.960827 6

1.37859 3.5762 0
1.07568 3.40104 6
1.07839 3.752 0

-3.14803 -1.83178 6
-3.14983 -2.18357 6
-3.44959 -2.0086 6

-1.34187 -3.57176 0
-1.03922 -3.39867 6
-1.038 -3.74667 0

1.07839 -3.23228 6
1.37976 -3.05724 6
1.37859 -3.40808 6

1.07839 3.752 0
0.776481 3.57719 0
0.778387 3.92819 0

-1.038 3.23761 6
-1.34068 3.06428 6
-1.34187 3.41252 6

-1.95194 3.40948 6
-1.94881 3.06506 6
-2.25878 3.23221 6

3.50022 -1.13678 6
3.7965 -0.962568 6
3.80025 -1.31952 6

2.28002 -3.23725 6
2.28029 -2.88006 6
2.57122 -3.05558 6

-1.64509 3.23867 6
-1.95194 3.40948 6
-1.64707 3.58522 0

-1.038 -3.74667 0
-0.735039 -3.57384 0
-0.735843 -3.92256 0

1.97905 -2.70609 6
2.28062 -2.53375 6
2.28029 -2.88006 6

-2.54479 2.362 6
-2.84566 2.18513 6
-2.84903 2.53371 6

1.07568 -3.58325 0
1.37355 -3.75892 0
1.0734 -3.93625 0

3.19792 -1.30492 6
3.1974 -0.956746 6
3.50022 -1.13678 6

-0.735039 3.41044 6
-1.038 3.23761 6
-1.03922 3.58562 0

2.89727 1.66038 6
2.87374 2.00797 6
3.19137 1.8414 6

-2.55653 -2.53179 6
-2.56417 -2.88236 6
-2.86232 -2.70778 6

-2.25878 3.23221 6
-2.25256 2.89166 6
-2.57006 3.0558 6

-1.96531 -2.88099 6
-1.95228 -3.22767 6
-2.26184 -3.05725 6

0.776481 -3.40709 6
1.07839 -3.23228 6
1.07568 -3.58325 0

-3.16133 -1.13988 6
-3.15947 -1.48048 6
-3.47722 -1.30984 6

3.50015 1.66836 6
3.19137 1.8414 6
3.4982 2.01324 6

-2.24281 2.54166 6
-2.54479 2.362 6
-2.54804 2.71017 6

1.68042 -3.23325 6
1.98174 -3.05814 6
1.98042 -3.41 6

2.87374 2.00797 6
2.58117 2.18455 6
2.89169 2.35404 6

-1.34187 3.41252 6
-1.64707 3.58522 0
-1.34522 3.75959 0

-3.15029 2.35948 6
-3.14817 2.0116 6
-3.45288 2.18683 6

-2.84611 1.83537 6
-3.14938 1.66264 6
-3.14817 2.0116 6

-3.77051 -1.13905 6
-3.47722 -1.30984 6
-3.76433 -1.49826 6

2.28062 -2.53375 6
2.57123 -2.35724 6
2.58895 -2.70651 6

2.27683 2.70565 6
1.96621 2.88087 6
2.27897 3.04812 6

3.2023 1.14069 6
3.20251 1.49139 6
3.50432 1.31737 6

3.8041 1.14024 6
3.50432 1.31737 6
3.8036 1.4927 6

-0.432083 -3.74969 0
-0.13138 -3.9266 0
-0.735843 -3.92256 0

1.98042 -3.41 6
1.98174 -3.05814 6
2.28002 -3.23725 6

2.88674 -1.8304 6
3.18909 -1.65335 6
3.1759 -2.00814 6

-3.14938 1.66264 6
-3.15798 1.31297 6
-3.45494 1.4903 6

-0.128828 -3.57745 0
0.17401 -3.40408 6
0.172645 -3.75371 0

1.68042 -3.23325 6
1.98042 -3.41 6
1.67827 -3.58398 0

-1.95228 -3.22767 6
-1.95194 -3.5748 0
-2.2551 -3.40362 6

0.17401 3.5802 0
-0.128828 3.40684 6
-0.127794 3.75598 0

-2.57006 3.0558 6
-2.54804 2.71017 6
-2.86069 2.88067 6

3.19235 -2.35579 6
3.1759 -2.00814 6
3.49089 -2.17651 6

-3.76478 -0.431566 6
-3.47127 -0.609349 6
-3.76495 -0.787931 6

2.57122 -3.05558 6
2.58895 -2.70651 6
2.88628 -2.88115 6

-2.25991 -2.70484 6
-1.96531 -2.88099 6
-2.26184 -3.05725 6

1.07839 3.752 0
0.778387 3.92819 0
1.37976 3.92704 0

-0.430994 -3.40136 6
-0.128828 -3.57745 0
-0.432083 -3.74969 0

-3.76424 -0.0813755 6
-3.76478 -0.431566 6
-4.06626 -0.260129 0

0.175313 3.92954 0
-0.127794 3.75598 0
-0.43072 3.93108 0

-1.65304 -3.05122 6
-1.34522 -3.2247 6
-1.64707 -3.39906 6

0.475091 3.4032 6
0.17401 3.5802 0
0.47635 3.75375 0

-3.45494 1.4903 6
-3.75979 1.31612 6
-3.75537 1.66566 6

0.475091 -3.58108 0
0.776481 -3.40709 6
0.774866 -3.75884 0

1.96621 2.88087 6
1.67093 3.05207 6
1.98061 3.22651 6

-2.86069 2.88067 6
-2.84903 2.53371 6
-3.15772 2.70696 6

3.49689 -0.435142 6
3.79687 -0.260129 6
3.79973 -0.610902 6

1.98042 3.57428 0
1.67827 3.4003 6
1.68042 3.75103 0

-3.46675 0.433413 6
-3.4619 0.0943877 6
-3.77991 0.262055 6

-3.46307 -0.251946 6
-3.47127 -0.609349 6
-3.76478 -0.431566 6

-2.85439 -2.35869 6
-2.86232 -2.70778 6
-3.16229 -2.53454 6

4.08323 0.262055 0
3.78069 0.436665 6
4.09299 0.606772 0

1.67093 3.05207 6
1.37355 3.22537 6
1.67827 3.4003 6

-3.46758 0.780321 6
-3.46675 0.433413 6
-3.77015 0.606772 6

3.18909 -1.65335 6
3.19792 -1.30492 6
3.49876 -1.48693 6

-3.77015 0.606772 6
-4.08245 0.436665 0
-4.06364 0.787946 0

-1.64509 -3.74561 0
-1.34187 -3.57176 0
-1.34068 -3.92 0

-1.03922 -3.39867 6
-0.735039 -3.57384 0
-1.038 -3.74667 0

3.49689 -0.435142 6
3.48841 -0.0868121 6
3.79687 -0.260129 6

3.48395 0.263576 6
3.4906 0.619007 6
3.78069 0.436665 6

0.47635 3.75375 0
0.175313 3.92954 0
0.778387 3.92819 0

2.89169 2.35404 6
2.88615 2.69964 6
3.19544 2.53048 6

-1.34522 -3.2247 6
-1.03922 -3.39867 6
-1.34187 -3.57176 0

-0.430994 3.58292 0
-0.735039 3.41044 6
-0.734873 3.75803 0

-3.46368 -0.966013 6
-3.47722 -1.30984 6
-3.77051 -1.13905 6

-1.95194 -3.5748 0
-1.64707 -3.39906 6
-1.64509 -3.74561 0

-3.46436 1.13944 6
-3.46758 0.780321 6
-3.76179 0.960827 6

2.27897 3.04812 6
2.28464 3.39864 6
2.58219 3.226 6

-4.0634 -0.610902 0
-3.76495 -0.787931 6
-4.06664 -0.962568 0

3.78794 0.0860042 6
4.08323 0.262055 0
4.0989 -0.0813755 0

-1.03922 3.58562 0
-1.34522 3.75959 0
-1.03981 3.93176 0

-3.15947 -1.48048 6
-3.14803 -1.83178 6
-3.45201 -1.66007 6

3.49876 -1.48693 6
3.80025 -1.31952 6
3.79505 -1.67113 6

-3.14803 -1.83178 6
-2.8477 -2.00721 6
-3.14983 -2.18357 6

3.18992 2.18107 6
3.19544 2.53048 6
3.49638 2.35871 6

3.79687 -0.260129 6
4.0989 -0.0813755 0
4.09835 -0.431566 0

1.37355 3.22537 6
1.07568 3.40104 6
1.37859 3.5762 0

-3.14983 -2.18357 6
-3.16229 -2.53454 6
-3.45565 -2.35687 6

-0.13138 -3.9266 0
0.172645 -3.75371 0
0.472674 -3.93142 0

2.57123 -2.35724 6
2.88126 -2.18989 6
2.8869 -2.53075 6

3.50022 -1.13678 6
3.49773 -0.784378 6
3.7965 -0.962568 6

-3.47127 -0.609349 6
-3.46368 -0.966013 6
-3.76495 -0.787931 6

-2.55653 -2.53179 6
-2.25991 -2.70484 6
-2.56417 -2.88236 6

3.78794 0.0860042 6
3.78069 0.436665 6
4.08323 0.262055 0

3.49773 -0.784378 6
3.49689 -0.435142 6
3.79973 -0.610902 6

1.07568 3.40104 6
0.776481 3.57719 0
1.07839 3.752 0

0.17401 3.5802 0
-0.127794 3.75598 0
0.175313 3.92954 0

3.19137 1.8414 6
2.87374 2.00797 6
3.18992 2.18107 6

-0.43072 3.93108 0
-0.734873 3.75803 0
-1.03981 3.93176 0

2.58373 2.52984 6
2.27683 2.70565 6
2.58384 2.87621 6

2.88615 2.69964 6
2.88303 3.05536 6
3.17612 2.88091 6

-3.76433 -1.49826 6
-3.45201 -1.66007 6
-3.75546 -1.84064 6

3.20251 1.49139 6
3.19137 1.8414 6
3.50015 1.66836 6

-1.038 -3.74667 0
-0.735843 -3.92256 0
-1.34068 -3.92 0

3.4906 0.619007 6
3.50135 0.967026 6
3.79949 0.787946 6

3.8036 1.4927 6
3.50015 1.66836 6
3.80449 1.84059 6

-3.76179 0.960827 6
-4.06364 0.787946 0
-4.05904 1.14024 0

-2.86232 -2.70778 6
-2.87287 -3.05556 6
-3.17165 -2.87878 6

-0.128828 -3.57745 0
0.172645 -3.75371 0
-0.13138 -3.9266 0

3.1759 -2.00814 6
3.18909 -1.65335 6
3.47842 -1.83356 6

1.68042 3.75103 0
1.37859 3.5762 0
1.37976 3.92704 0

-3.14817 2.0116 6
-3.14938 1.66264 6
-3.45093 1.83893 6

-3.45093 1.83893 6
-3.75537 1.66566 6
-3.75509 2.01334 6

-1.64707 3.58522 0
-1.95228 3.75661 0
-1.65304 3.93307 0

4.09299 0.606772 0
3.79949 0.787946 6
4.10135 0.960827 0

-1.64509 3.23867 6
-1.94881 3.06506 6
-1.95194 3.40948 6

-2.84566 2.18513 6
-3.14817 2.0116 6
-3.15029 2.35948 6

-0.735039 -3.57384 0
-0.432083 -3.74969 0
-0.735843 -3.92256 0

0.472674 -3.93142 0
0.774866 -3.75884 0
1.0734 -3.93625 0

2.88628 -2.88115 6
2.8869 -2.53075 6
3.18961 -2.70394 6

3.49876 -1.48693 6
3.50022 -1.13678 6
3.80025 -1.31952 6

0.776481 3.57719 0
0.47635 3.75375 0
0.778387 3.92819 0

-1.95194 3.40948 6
-2.2551 3.58067 0
-1.95228 3.75661 0

-3.76424 -0.0813755 6
-4.06626 -0.260129 0
-4.0752 0.0860042 0

-1.94881 -3.91922 0
-1.34068 -3.92 0
-2.57006 -3.92849 0

-3.45494 1.4903 6
-3.46436 1.13944 6
-3.75979 1.31612 6

-3.77991 0.262055 6
-4.0752 0.0860042 0
-4.08245 0.436665 0

-2.85439 -2.35869 6
-2.55653 -2.53179 6
-2.86232 -2.70778 6

-1.94881 3.06506 6
-2.25256 2.89166 6
-2.25878 3.23221 6

-1.34187 3.41252 6
-1.64509 3.23867 6
-1.64707 3.58522 0

-3.15772 2.70696 6
-3.15029 2.35948 6
-3.45729 2.53379 6

1.37859 -3.40808 6
1.67827 -3.58398 0
1.37355 -3.75892 0

3.47842 -1.83356 6
3.79505 -1.67113 6
3.79544 -2.00799 6

1.98174 3.92614 0
1.37976 3.92704 0
2.57122 3.9287 0

-2.2551 3.58067 0
-2.25878 3.23221 6
-2.55695 3.40683 6

0.472674 -3.93142 0
1.0734 -3.93625 0
-2.57006 -3.92849 0

2.89169 2.35404 6
2.58373 2.52984 6
2.88615 2.69964 6

-0.127794 3.75598 0
-0.430994 3.58292 0
-0.43072 3.93108 0

1.37859 -3.40808 6
1.68042 -3.23325 6
1.67827 -3.58398 0

-1.95228 -3.22767 6
-1.64707 -3.39906 6
-1.95194 -3.5748 0

1.98061 -3.75777 0
1.98042 -3.41 6
2.28464 -3.58564 0

1.98174 -3.05814 6
2.28029 -2.88006 6
2.28002 -3.23725 6

1.98061 3.22651 6
1.67827 3.4003 6
1.98042 3.57428 0

2.58709 -3.4065 6
2.57122 -3.05558 6
2.88077 -3.22371 6

0.172645 -3.75371 0
0.475091 -3.58108 0
0.472674 -3.93142 0

2.28029 -2.88006 6
2.58895 -2.70651 6
2.57122 -3.05558 6

2.88126 -2.18989 6
3.1759 -2.00814 6
3.19235 -2.35579 6

3.50135 0.967026 6
3.50432 1.31737 6
3.8041 1.14024 6

-0.43072 3.93108 0
-1.65304 3.93307 0
3.18927 3.9303 0

-4.06664 -0.962568 0
-3.77051 -1.13905 6
-4.06288 -1.31952 0

1.67827 -3.58398 0
1.98061 -3.75777 0
1.67093 -3.93221 0

-3.44959 -2.0086 6
-3.45565 -2.35687 6
-3.75771 -2.18159 6

3.18961 -2.70394 6
3.19235 -2.35579 6
3.49375 -2.52644 6

-3.75979 1.31612 6
-4.05904 1.14024 0
-4.05953 1.4927 0

-3.45201 -1.66007 6
-3.14803 -1.83178 6
-3.44959 -2.0086 6

4.10135 0.960827 0
3.8041 1.14024 6
4.10335 1.31612 0

-2.25256 2.89166 6
-2.54804 2.71017 6
-2.57006 3.0558 6

-0.13138 -3.9266 0
0.472674 -3.93142 0
-2.57006 -3.92849 0

-1.03922 3.58562 0
-1.34187 3.41252 6
-1.34522 3.75959 0

0.774866 -3.75884 0
1.07568 -3.58325 0
1.0734 -3.93625 0

1.07568 -3.58325 0
1.37859 -3.40808 6
1.37355 -3.75892 0

-0.734873 3.75803 0
-1.03922 3.58562 0
-1.03981 3.93176 0

1.0734 -3.93625 0
1.37355 -3.75892 0
1.67093 -3.93221 0

1.98061 3.22651 6
1.98042 3.57428 0
2.28464 3.39864 6

2.57122 3.9287 0
0.175313 3.92954 0
3.18927 3.9303 0

-4.06626 -0.260129 0
-3.76478 -0.431566 6
-4.0634 -0.610902 0

3.7965 -0.962568 6
4.09818 -0.787931 0
4.09262 -1.13905 0

3.19137 1.8414 6
3.18992 2.18107 6
3.4982 2.01324 6

-3.47722 -1.30984 6
-3.45201 -1.66007 6
-3.76433 -1.49826 6

-1.95194 3.40948 6
-2.25878 3.23221 6
-2.2551 3.58067 0

-2.26184 -3.05725 6
-2.2551 -3.40362 6
-2.56289 -3.22873 6

-3.14983 -2.18357 6
-2.85439 -2.35869 6
-3.16229 -2.53454 6

-2.56417 -2.88236 6
-2.56289 -3.22873 6
-2.87287 -3.05556 6

-0.43072 3.93108 0
-1.03981 3.93176 0
-1.65304 3.93307 0

-2.54804 2.71017 6
-2.84903 2.53371 6
-2.86069 2.88067 6

3.18992 2.18107 6
2.89169 2.35404 6
3.19544 2.53048 6

-1.03981 3.93176 0
-1.34522 3.75959 0
-1.65304 3.93307 0

-2.26184 -3.05725 6
-1.95228 -3.22767 6
-2.2551 -3.40362 6

3.80025 -1.31952 6
4.09262 -1.13905 0
4.09881 -1.49826 0

-2.8626 3.23769 6
-2.86069 2.88067 6
-3.16053 3.05907 6

-3.76495 -0.787931 6
-3.77051 -1.13905 6
-4.06664 -0.962568 0

-1.64707 -3.39906 6
-1.34187 -3.57176 0
-1.64509 -3.74561 0

3.80449 1.84059 6
3.4982 2.01324 6
3.80243 2.18724 6

-3.77991 0.262055 6
-3.76424 -0.0813755 6
-4.0752 0.0860042 0

-2.56289 -3.22873 6
-2.55695 -3.57745 0
-2.86255 -3.39987 6

-1.64509 -3.74561 0
-1.34068 -3.92 0
-1.94881 -3.91922 0

2.58895 -2.70651 6
2.8869 -2.53075 6
2.88628 -2.88115 6

3.79687 -0.260129 6
3.78794 0.0860042 6
4.0989 -0.0813755 0

1.67827 -3.58398 0
1.98042 -3.41 6
1.98061 -3.75777 0

3.50432 1.31737 6
3.50015 1.66836 6
3.8036 1.4927 6

-2.56417 -2.88236 6
-2.26184 -3.05725 6
-2.56289 -3.22873 6

3.79973 -0.610902 6
4.09835 -0.431566 0
4.09818 -0.787931 0

3.19544 2.53048 6
3.17612 2.88091 6
3.49022 2.7093 6

2.58384 2.87621 6
2.58219 3.226 6
2.88303 3.05536 6

-3.77015 0.606772 6
-3.77991 0.262055 6
-4.08245 0.436665 0

-3.14817 2.0116 6
-3.45093 1.83893 6
-3.45288 2.18683 6

-3.76502 -3.92846 0
-2.57006 -3.92849 0
-4.37429 -3.93301 0

-4.36625 -0.435142 0
-4.0634 -0.610902 0
-4.36541 -0.784378 0

4.10335 1.31612 0
3.8036 1.4927 6
4.10777 1.66566 0

2.88077 -3.22371 6
2.88628 -2.88115 6
3.18927 -3.05399 6

2.28002 3.74703 0
1.98042 3.57428 0
1.98174 3.92614 0

2.27897 3.04812 6
1.98061 3.22651 6
2.28464 3.39864 6

1.0734 -3.93625 0
1.67093 -3.93221 0
2.27897 -3.93616 0

-3.16229 -2.53454 6
-3.17165 -2.87878 6
-3.4775 -2.70638 6

4.39556 0.780321 0
4.10135 0.960827 0
4.39878 1.13944 0

-3.45729 2.53379 6
-3.45288 2.18683 6
-3.75957 2.36084 6

-3.76478 -0.431566 6
-3.76495 -0.787931 6
-4.0634 -0.610902 0

2.58219 3.226 6
2.58709 3.57778 0
2.885 3.4032 6

-3.45093 1.83893 6
-3.45494 1.4903 6
-3.75537 1.66566 6

-4.0752 0.0860042 0
-4.06626 -0.260129 0
-4.37472 -0.0868121 0

-4.37472 -0.0868121 0
-4.06626 -0.260129 0
-4.36625 -0.435142 0

3.78069 0.436665 6
3.79949 0.787946 6
4.09299 0.606772 0

1.67827 3.4003 6
1.37859 3.5762 0
1.68042 3.75103 0

3.47842 -1.83356 6
3.49876 -1.48693 6
3.79505 -1.67113 6

3.1759 -2.00814 6
3.47842 -1.83356 6
3.49089 -2.17651 6

3.79973 -0.610902 6
3.79687 -0.260129 6
4.09835 -0.431566 0

-4.06288 -1.31952 0
-3.76433 -1.49826 6
-4.06808 -1.67113 0

-3.76179 0.960827 6
-3.77015 0.606772 6
-4.06364 0.787946 0

-1.34187 -3.57176 0
-1.038 -3.74667 0
-1.34068 -3.92 0

2.58384 2.87621 6
2.27897 3.04812 6
2.58219 3.226 6

1.68042 3.75103 0
1.37976 3.92704 0
1.98174 3.92614 0

4.09835 -0.431566 0
4.40007 -0.251946 0
4.39187 -0.609349 0

4.40123 0.0943877 0
4.08323 0.262055 0
4.39638 0.433413 0

-2.84903 2.53371 6
-3.15029 2.35948 6
-3.15772 2.70696 6

-3.75537 1.66566 6
-4.05953 1.4927 0
-4.05865 1.84059 0

-1.95194 -3.5748 0
-1.94881 -3.91922 0
-2.25878 -3.75207 0

-1.95194 -3.5748 0
-1.64509 -3.74561 0
-1.94881 -3.91922 0

3.49375 -2.52644 6
3.49089 -2.17651 6
3.79661 -2.35106 6

3.7965 -0.962568 6
3.79973 -0.610902 6
4.09818 -0.787931 0

2.28464 3.39864 6
1.98042 3.57428 0
2.28002 3.74703 0

-3.75979 1.31612 6
-3.76179 0.960827 6
-4.05904 1.14024 0

3.79505 -1.67113 6
4.09881 -1.49826 0
4.10768 -1.84064 0

1.37859 3.5762 0
1.07839 3.752 0
1.37976 3.92704 0

-3.16229 -2.53454 6
-2.86232 -2.70778 6
-3.17165 -2.87878 6

4.39638 0.433413 0
4.09299 0.606772 0
4.39556 0.780321 0

-4.06364 0.787946 0
-4.37254 0.619007 0
-4.36179 0.967026 0

-4.0752 0.0860042 0
-4.37472 -0.0868121 0
-4.37918 0.263576 0

2.8869 -2.53075 6
3.19235 -2.35579 6
3.18961 -2.70394 6

4.09262 -1.13905 0
4.39946 -0.966013 0
4.38592 -1.30984 0

-4.06808 -1.67113 0
-3.75546 -1.84064 6
-4.06769 -2.00799 0

-3.45201 -1.66007 6
-3.44959 -2.0086 6
-3.75546 -1.84064 6

-3.44959 -2.0086 6
-3.14983 -2.18357 6
-3.45565 -2.35687 6

-0.735843 -3.92256 0
-0.13138 -3.9266 0
-2.57006 -3.92849 0

-2.86232 -2.70778 6
-2.56417 -2.88236 6
-2.87287 -3.05556 6

-3.75537 1.66566 6
-3.75979 1.31612 6
-4.05953 1.4927 0

0.778387 3.92819 0
0.175313 3.92954 0
2.57122 3.9287 0

2.88615 2.69964 6
2.58384 2.87621 6
2.88303 3.05536 6

4.0989 -0.0813755 0
4.08323 0.262055 0
4.40123 0.0943877 0

3.79949 0.787946 6
3.8041 1.14024 6
4.10135 0.960827 0

-1.34522 3.75959 0
-1.64707 3.58522 0
-1.65304 3.93307 0

-3.16053 3.05907 6
-3.15772 2.70696 6
-3.46045 2.88345 6

3.49638 2.35871 6
3.49022 2.7093 6
3.79669 2.53469 6

3.4982 2.01324 6
3.18992 2.18107 6
3.49638 2.35871 6

2.28464 -3.58564 0
2.28002 -3.23725 6
2.58709 -3.4065 6

3.50015 1.66836 6
3.4982 2.01324 6
3.80449 1.84059 6

-2.55695 3.40683 6
-2.57006 3.0558 6
-2.8626 3.23769 6

-2.56289 3.75555 0
-2.55695 3.40683 6
-2.86255 3.58441 0

-3.45565 -2.35687 6
-3.4775 -2.70638 6
-3.76679 -2.52659 6

-1.64707 3.58522 0
-1.95194 3.40948 6
-1.95228 3.75661 0

-1.95228 3.75661 0
-2.2551 3.58067 0
-2.26184 3.92703 0

3.18927 -3.05399 6
3.18961 -2.70394 6
3.48948 -2.87808 6

3.80025 -1.31952 6
3.7965 -0.962568 6
4.09262 -1.13905 0

4.10777 1.66566 0
3.80449 1.84059 6
4.10805 2.01334 0

-2.25878 3.23221 6
-2.57006 3.0558 6
-2.55695 3.40683 6

1.98042 -3.41 6
2.28002 -3.23725 6
2.28464 -3.58564 0

3.19544 2.53048 6
2.88615 2.69964 6
3.17612 2.88091 6

-3.77051 -1.13905 6
-3.76433 -1.49826 6
-4.06288 -1.31952 0

-3.45288 2.18683 6
-3.45093 1.83893 6
-3.75509 2.01334 6

1.67093 -3.93221 0
1.98061 -3.75777 0
2.27897 -3.93616 0

-3.46045 2.88345 6
-3.45729 2.53379 6
-3.76184 2.70776 6

-1.65304 3.93307 0
-1.95228 3.75661 0
-2.26184 3.92703 0

-4.36541 -0.784378 0
-4.06664 -0.962568 0
-4.36292 -1.13678 0

2.27897 -3.93616 0
2.28464 -3.58564 0
2.58219 -3.75828 0

1.37355 -3.75892 0
1.67827 -3.58398 0
1.67093 -3.93221 0

3.79505 -1.67113 6
3.80025 -1.31952 6
4.09881 -1.49826 0

2.28002 -3.23725 6
2.57122 -3.05558 6
2.58709 -3.4065 6

2.28464 3.39864 6
2.28002 3.74703 0
2.58709 3.57778 0

-3.15029 2.35948 6
-3.45288 2.18683 6
-3.45729 2.53379 6

-2.87287 -3.05556 6
-2.86255 -3.39987 6
-3.17526 -3.23009 6

-3.75509 2.01334 6
-4.05865 1.84059 0
-4.0607 2.18724 0

2.885 -3.58108 0
2.88077 -3.22371 6
3.17593 -3.40479 6

2.88303 3.05536 6
2.885 3.4032 6
3.19089 3.22889 6

3.79544 -2.00799 6
4.10768 -1.84064 0
4.10542 -2.18159 0

3.49089 -2.17651 6
3.47842 -1.83356 6
3.79544 -2.00799 6

3.8041 1.14024 6
3.8036 1.4927 6
4.10335 1.31612 0

3.17593 -3.40479 6
3.18927 -3.05399 6
3.48359 -3.23416 6

-3.17165 -2.87878 6
-3.17526 -3.23009 6
-3.47504 -3.05318 6

3.19235 -2.35579 6
3.49089 -2.17651 6
3.49375 -2.52644 6

-2.57006 3.0558 6
-2.86069 2.88067 6
-2.8626 3.23769 6

-4.36292 -1.13678 0
-4.06288 -1.31952 0
-4.36438 -1.48693 0

2.57122 -3.05558 6
2.88628 -2.88115 6
2.88077 -3.22371 6

3.48948 -2.87808 6
3.49375 -2.52644 6
3.79156 -2.70101 6

-4.05953 1.4927 0
-4.35881 1.31737 0
-4.36299 1.66836 0

-4.05904 1.14024 0
-4.36179 0.967026 0
-4.35881 1.31737 0

-3.75546 -1.84064 6
-3.44959 -2.0086 6
-3.75771 -2.18159 6

-2.86255 -3.39987 6
-2.8626 -3.74659 0
-3.16555 -3.57469 0

4.39878 1.13944 0
4.10335 1.31612 0
4.4082 1.4903 0

4.0989 -0.0813755 0
4.40123 0.0943877 0
4.40007 -0.251946 0

-2.86069 2.88067 6
-3.15772 2.70696 6
-3.16053 3.05907 6

-4.08245 0.436665 0
-4.37918 0.263576 0
-4.37254 0.619007 0

-4.06769 -2.00799 0
-3.75771 -2.18159 6
-4.06652 -2.35106 0

-2.2551 -3.40362 6
-2.25878 -3.75207 0
-2.55695 -3.57745 0

-4.37472 -0.0868121 0
-4.36625 -0.435142 0
-4.36541 -0.784378 0

-2.2551 -3.40362 6
-1.95194 -3.5748 0
-2.25878 -3.75207 0

-1.34068 -3.92 0
-0.735843 -3.92256 0
-2.57006 -3.92849 0

3.17612 2.88091 6
3.19089 3.22889 6
3.48885 3.05128 6

3.4982 2.01324 6
3.49638 2.35871 6
3.80243 2.18724 6

4.09881 -1.49826 0
4.38592 -1.30984 0
4.41113 -1.66007 0

-4.0634 -0.610902 0
-4.06664 -0.962568 0
-4.36541 -0.784378 0

-4.08245 0.436665 0
-4.0752 0.0860042 0
-4.37918 0.263576 0

-4.06626 -0.260129 0
-4.0634 -0.610902 0
-4.36625 -0.435142 0

4.39638 0.433413 0
4.39556 0.780321 0
4.4082 1.4903 0

-2.56289 -3.22873 6
-2.2551 -3.40362 6
-2.55695 -3.57745 0

-3.17526 -3.23009 6
-3.16555 -3.57469 0
-3.47477 -3.40253 6

1.98042 3.57428 0
1.68042 3.75103 0
1.98174 3.92614 0

2.58709 3.57778 0
2.28002 3.74703 0
2.57122 3.9287 0

-4.37918 0.263576 0
-4.37472 -0.0868121 0
-4.38472 -1.83356 0

-3.76433 -1.49826 6
-3.75546 -1.84064 6
-4.06808 -1.67113 0

2.58219 3.226 6
2.28464 3.39864 6
2.58709 3.57778 0

-3.16555 3.4096 6
-3.16053 3.05907 6
-3.46419 3.23264 6

-4.36438 -1.48693 0
-4.06808 -1.67113 0
-4.38472 -1.83356 0

4.09818 -0.787931 0
4.39187 -0.609349 0
4.39946 -0.966013 0

4.39187 -0.609349 0
4.40007 -0.251946 0
4.39946 -0.966013 0

-3.45565 -2.35687 6
-3.16229 -2.53454 6
-3.4775 -2.70638 6

4.09835 -0.431566 0
4.0989 -0.0813755 0
4.40007 -0.251946 0

2.885 3.4032 6
2.88077 3.76057 0
3.17593 3.57949 0

4.10805 2.01334 0
3.80243 2.18724 6
4.10357 2.36084 0

-4.36179 0.967026 0
-4.37254 0.619007 0
-4.35881 1.31737 0

-4.36292 -1.13678 0
-4.36438 -1.48693 0
-4.38472 -1.83356 0

2.88628 -2.88115 6
3.18961 -2.70394 6
3.18927 -3.05399 6

-4.06664 -0.962568 0
-4.06288 -1.31952 0
-4.36292 -1.13678 0

-4.06364 0.787946 0
-4.08245 0.436665 0
-4.37254 0.619007 0

4.09299 0.606772 0
4.10135 0.960827 0
4.39556 0.780321 0

4.08323 0.262055 0
4.09299 0.606772 0
4.39638 0.433413 0

3.49638 2.35871 6
3.19544 2.53048 6
3.49022 2.7093 6

3.49022 2.7093 6
3.48885 3.05128 6
3.79629 2.88019 6

-3.76184 2.70776 6
-3.75957 2.36084 6
-4.06644 2.53469 0

3.8036 1.4927 6
3.80449 1.84059 6
4.10777 1.66566 0

1.98061 -3.75777 0
2.28464 -3.58564 0
2.27897 -3.93616 0

4.09818 -0.787931 0
4.09835 -0.431566 0
4.39187 -0.609349 0

-3.15772 2.70696 6
-3.45729 2.53379 6
-3.46045 2.88345 6

-3.17165 -2.87878 6
-2.87287 -3.05556 6
-3.17526 -3.23009 6

2.88303 3.05536 6
2.58219 3.226 6
2.885 3.4032 6

-3.45288 2.18683 6
-3.75509 2.01334 6
-3.75957 2.36084 6

-2.87287 -3.05556 6
-2.56289 -3.22873 6
-2.86255 -3.39987 6

3.79544 -2.00799 6
3.79505 -1.67113 6
4.10768 -1.84064 0

4.4082 1.4903 0
4.10777 1.66566 0
4.41221 1.83893 0

-3.75509 2.01334 6
-3.75537 1.66566 6
-4.05865 1.84059 0

4.39946 -0.966013 0
4.40007 -0.251946 0
4.41113 -1.66007 0

3.19089 3.22889 6
3.17593 3.57949 0
3.48644 3.40354 6

-3.4775 -2.70638 6
-3.47504 -3.05318 6
-3.78013 -2.88104 6

4.41113 -1.66007 0
4.40123 0.0943877 0
4.41221 1.83893 0

-4.05865 1.84059 0
-4.36299 1.66836 0
-4.36494 2.01324 0

3.49089 -2.17651 6
3.79544 -2.00799 6
3.79661 -2.35106 6

2.28464 -3.58564 0
2.58709 -3.4065 6
2.58219 -3.75828 0

-4.05904 1.14024 0
-4.06364 0.787946 0
-4.36179 0.967026 0

3.79156 -2.70101 6
3.79661 -2.35106 6
4.09634 -2.52659 0

4.39556 0.780321 0
4.39878 1.13944 0
4.4082 1.4903 0

4.09262 -1.13905 0
4.09818 -0.787931 0
4.39946 -0.966013 0

3.17612 2.88091 6
2.88303 3.05536 6
3.19089 3.22889 6

-2.26184 3.92703 0
-2.2551 3.58067 0
-2.56289 3.75555 0

-4.05953 1.4927 0
-4.05904 1.14024 0
-4.35881 1.31737 0

-4.36676 2.35871 0
-4.36494 2.01324 0
-4.37292 2.7093 0

4.10768 -1.84064 0
4.41113 -1.66007 0
4.41355 -2.0086 0

3.18961 -2.70394 6
3.49375 -2.52644 6
3.48948 -2.87808 6

4.38592 -1.30984 0
4.39946 -0.966013 0
4.41113 -1.66007 0

-4.06288 -1.31952 0
-4.06808 -1.67113 0
-4.36438 -1.48693 0

-2.55695 -3.57745 0
-2.25878 -3.75207 0
-2.57006 -3.92849 0

-2.86255 3.58441 0
-2.8626 3.23769 6
-3.16555 3.4096 6

-2.2551 3.58067 0
-2.55695 3.40683 6
-2.56289 3.75555 0

-3.75771 -2.18159 6
-3.45565 -2.35687 6
-3.76679 -2.52659 6

2.58219 -3.75828 0
2.885 -3.58108 0
2.88303 -3.92892 0

3.49022 2.7093 6
3.17612 2.88091 6
3.48885 3.05128 6

-3.75546 -1.84064 6
-3.75771 -2.18159 6
-4.06769 -2.00799 0

3.48359 -3.23416 6
3.48948 -2.87808 6
3.78278 -3.05659 6

2.28002 3.74703 0
1.98174 3.92614 0
2.57122 3.9287 0

-3.46419 3.23264 6
-3.46045 2.88345 6
-3.76502 3.05582 6

4.10135 0.960827 0
4.10335 1.31612 0
4.39878 1.13944 0

-2.56289 3.75555 0
-2.86255 3.58441 0
-2.87287 3.92873 0

-4.35881 1.31737 0
-4.37254 0.619007 0
-4.36299 1.66836 0

3.48644 -3.58075 0
3.48359 -3.23416 6
3.78726 -3.4087 6

2.58219 -3.75828 0
2.58709 -3.4065 6
2.885 -3.58108 0

3.48885 3.05128 6
3.48644 3.40354 6
3.79032 3.227 6

-4.36299 1.66836 0
-4.37254 0.619007 0
-4.36494 2.01324 0

-2.25878 -3.75207 0
-1.94881 -3.91922 0
-2.57006 -3.92849 0

4.10768 -1.84064 0
4.09881 -1.49826 0
4.41113 -1.66007 0

3.80243 2.18724 6
3.49638 2.35871 6
3.79669 2.53469 6

3.79669 2.53469 6
3.79629 2.88019 6
4.1013 2.70776 0

-2.55695 3.40683 6
-2.8626 3.23769 6
-2.86255 3.58441 0

3.80449 1.84059 6
3.80243 2.18724 6
4.10805 2.01334 0

2.58709 -3.4065 6
2.88077 -3.22371 6
2.885 -3.58108 0

4.09881 -1.49826 0
4.09262 -1.13905 0
4.38592 -1.30984 0

-1.65304 3.93307 0
-2.26184 3.92703 0
-2.87287 3.92873 0

-4.37472 -0.0868121 0
-4.36541 -0.784378 0
-4.38472 -1.83356 0

-4.38472 -1.83356 0
-4.06769 -2.00799 0
-4.37225 -2.17651 0

3.79661 -2.35106 6
3.79544 -2.00799 6
4.10542 -2.18159 0

-2.87287 3.92873 0
-2.86255 3.58441 0
-3.17526 3.75419 0

-3.4775 -2.70638 6
-3.17165 -2.87878 6
-3.47504 -3.05318 6

4.41221 1.83893 0
4.10805 2.01334 0
4.41025 2.18683 0

-3.75957 2.36084 6
-3.75509 2.01334 6
-4.0607 2.18724 0

-3.76502 3.05582 6
-3.76184 2.70776 6
-4.06685 2.88019 0

-3.76679 -2.52659 6
-3.78013 -2.88104 6
-4.07158 -2.70101 0

3.19089 -3.75539 0
3.17593 -3.40479 6
3.48644 -3.58075 0

1.37976 3.92704 0
0.778387 3.92819 0
2.57122 3.9287 0

-3.45729 2.53379 6
-3.75957 2.36084 6
-3.76184 2.70776 6

-4.0607 2.18724 0
-4.36494 2.01324 0
-4.36676 2.35871 0

-2.55695 -3.57745 0
-2.57006 -3.92849 0
-2.8626 -3.74659 0

4.10335 1.31612 0
4.10777 1.66566 0
4.4082 1.4903 0

-2.8626 3.23769 6
-3.16053 3.05907 6
-3.16555 3.4096 6

-4.36541 -0.784378 0
-4.36292 -1.13678 0
-4.38472 -1.83356 0

4.10542 -2.18159 0
4.41355 -2.0086 0
4.40748 -2.35687 0

4.40123 0.0943877 0
4.39638 0.433413 0
4.4082 1.4903 0

3.78278 -3.05659 6
3.79156 -2.70101 6
4.08301 -2.88104 0

3.49375 -2.52644 6
3.79661 -2.35106 6
3.79156 -2.70101 6

0.175313 3.92954 0
-0.43072 3.93108 0
3.18927 3.9303 0

2.88077 -3.22371 6
3.18927 -3.05399 6
3.17593 -3.40479 6

4.41113 -1.66007 0
4.41221 1.83893 0
4.41355 -2.0086 0

-4.05865 1.84059 0
-4.05953 1.4927 0
-4.36299 1.66836 0

-3.47504 -3.05318 6
-3.47477 -3.40253 6
-3.78006 -3.23023 6

3.18927 -3.05399 6
3.48948 -2.87808 6
3.48359 -3.23416 6

4.40123 0.0943877 0
4.4082 1.4903 0
4.41221 1.83893 0

2.58709 3.57778 0
2.57122 3.9287 0
2.88077 3.76057 0

-4.06652 -2.35106 0
-4.07158 -2.70101 0
-4.36939 -2.52644 0

-3.75771 -2.18159 6
-3.76679 -2.52659 6
-4.06652 -2.35106 0

-2.86255 -3.39987 6
-2.55695 -3.57745 0
-2.8626 -3.74659 0

4.40007 -0.251946 0
4.40123 0.0943877 0
4.41113 -1.66007 0

-4.06685 2.88019 0
-4.06644 2.53469 0
-4.37292 2.7093 0

-3.16555 -3.57469 0
-3.16053 -3.92521 0
-3.46419 -3.75165 0

3.80243 2.18724 6
3.79669 2.53469 6
4.10357 2.36084 0

-3.16053 3.05907 6
-3.46045 2.88345 6
-3.46419 3.23264 6

2.885 3.4032 6
2.58709 3.57778 0
2.88077 3.76057 0

-4.36494 2.01324 0
-4.37254 0.619007 0
-4.37292 2.7093 0

-3.47477 3.58175 0
-3.46419 3.23264 6
-3.77114 3.40309 6

-3.17526 -3.23009 6
-2.86255 -3.39987 6
-3.16555 -3.57469 0

-4.06808 -1.67113 0
-4.06769 -2.00799 0
-4.38472 -1.83356 0

3.48948 -2.87808 6
3.79156 -2.70101 6
3.78278 -3.05659 6

3.79669 2.53469 6
3.49022 2.7093 6
3.79629 2.88019 6

-3.76679 -2.52659 6
-3.4775 -2.70638 6
-3.78013 -2.88104 6

2.27897 -3.93616 0
2.58219 -3.75828 0
2.88303 -3.92892 0

3.17593 3.57949 0
3.18927 3.9303 0
3.48359 3.75012 0

4.41025 2.18683 0
4.10357 2.36084 0
4.40585 2.53379 0

-3.78013 -2.88104 6
-3.78006 -3.23023 6
-4.08036 -3.05659 0

-4.37429 3.05128 0
-4.37292 2.7093 0
-4.37669 3.40354 0

-3.16555 -3.57469 0
-2.8626 -3.74659 0
-3.16053 -3.92521 0

4.10777 1.66566 0
4.10805 2.01334 0
4.41221 1.83893 0

3.79629 2.88019 6
3.79032 3.227 6
4.09811 3.05582 0

3.19089 3.22889 6
2.885 3.4032 6
3.17593 3.57949 0

-2.26184 3.92703 0
-2.56289 3.75555 0
-2.87287 3.92873 0

-3.75957 2.36084 6
-4.0607 2.18724 0
-4.06644 2.53469 0

3.79032 -3.75729 0
3.78726 -3.4087 6
4.09199 -3.58119 0

-4.0607 2.18724 0
-4.05865 1.84059 0
-4.36494 2.01324 0

3.48885 3.05128 6
3.19089 3.22889 6
3.48644 3.40354 6

3.79661 -2.35106 6
4.10542 -2.18159 0
4.09634 -2.52659 0

-3.46045 2.88345 6
-3.76184 2.70776 6
-3.76502 3.05582 6

-3.47504 -3.05318 6
-3.17526 -3.23009 6
-3.47477 -3.40253 6

4.09634 -2.52659 0
4.40748 -2.35687 0
4.38563 -2.70638 0

4.10542 -2.18159 0
4.10768 -1.84064 0
4.41355 -2.0086 0

-3.16053 -3.92521 0
-2.57006 -3.92849 0
-3.76502 -3.92846 0

2.27897 -3.93616 0
2.88303 -3.92892 0
3.48885 -3.93301 0

-3.17526 3.75419 0
-3.16555 3.4096 6
-3.47477 3.58175 0

-2.86255 3.58441 0
-3.16555 3.4096 6
-3.17526 3.75419 0

2.885 -3.58108 0
3.17593 -3.40479 6
3.19089 -3.75539 0

3.48644 3.40354 6
3.48359 3.75012 0
3.78726 3.57558 0

-3.78013 -2.88104 6
-3.47504 -3.05318 6
-3.78006 -3.23023 6

2.88303 -3.92892 0
2.885 -3.58108 0
3.19089 -3.75539 0

4.1013 2.70776 0
4.09811 3.05582 0
4.40268 2.88345 0

-4.06769 -2.00799 0
-4.06652 -2.35106 0
-4.37225 -2.17651 0

-4.06652 -2.35106 0
-3.76679 -2.52659 6
-4.07158 -2.70101 0

3.79629 2.88019 6
3.48885 3.05128 6
3.79032 3.227 6

4.10357 2.36084 0
3.79669 2.53469 6
4.1013 2.70776 0

-3.77114 3.40309 6
-3.76502 3.05582 6
-4.07281 3.227 0

-1.65304 3.93307 0
-2.87287 3.92873 0
-3.47504 3.9311 0

-4.38472 -1.83356 0
-4.37225 -2.17651 0
-4.36939 -2.52644 0

-3.46419 3.23264 6
-3.76502 3.05582 6
-3.77114 3.40309 6

4.10805 2.01334 0
4.10357 2.36084 0
4.41025 2.18683 0

-3.47477 -3.40253 6
-3.46419 -3.75165 0
-3.77114 -3.58119 0

3.78726 -3.4087 6
3.78278 -3.05659 6
4.08308 -3.23023 0

-3.17526 3.75419 0
-3.47477 3.58175 0
-3.47504 3.9311 0

-4.06644 2.53469 0
-4.0607 2.18724 0
-4.36676 2.35871 0

-4.07158 -2.70101 0
-4.08036 -3.05659 0
-4.37366 -2.87808 0

3.48885 -3.93301 0
3.48644 -3.58075 0
3.79032 -3.75729 0

4.41025 2.18683 0
4.40585 2.53379 0
4.40268 2.88345 0

2.88077 3.76057 0
2.57122 3.9287 0
3.18927 3.9303 0

-3.76184 2.70776 6
-4.06644 2.53469 0
-4.06685 2.88019 0

-4.37254 0.619007 0
-4.37918 0.263576 0
-4.37292 2.7093 0

3.78278 3.92769 0
3.18927 3.9303 0
4.3881 3.9311 0

-3.16555 3.4096 6
-3.46419 3.23264 6
-3.47477 3.58175 0

2.88303 -3.92892 0
3.19089 -3.75539 0
3.48885 -3.93301 0

3.79156 -2.70101 6
4.09634 -2.52659 0
4.08301 -2.88104 0

-3.78006 -3.23023 6
-3.77114 -3.58119 0
-4.07587 -3.4087 0

3.17593 -3.40479 6
3.48359 -3.23416 6
3.48644 -3.58075 0

4.38837 -3.40253 0
4.3881 -3.05318 0
4.39894 -3.75165 0

4.09634 -2.52659 0
4.10542 -2.18159 0
4.40748 -2.35687 0

-4.07281 3.227 0
-4.06685 2.88019 0
-4.37429 3.05128 0

-2.8626 -3.74659 0
-2.57006 -3.92849 0
-3.16053 -3.92521 0

3.79032 3.227 6
3.78726 3.57558 0
4.09199 3.40309 0

-4.37225 -2.17651 0
-4.06652 -2.35106 0
-4.36939 -2.52644 0

3.48359 -3.23416 6
3.78278 -3.05659 6
3.78726 -3.4087 6

3.17593 3.57949 0
2.88077 3.76057 0
3.18927 3.9303 0

-3.78006 3.75406 0
-3.77114 3.40309 6
-4.07587 3.57558 0

3.79032 3.227 6
3.48644 3.40354 6
3.78726 3.57558 0

-3.77114 -3.58119 0
-3.46419 -3.75165 0
-3.76502 -3.92846 0

4.10357 2.36084 0
4.1013 2.70776 0
4.40585 2.53379 0

-4.38472 -1.83356 0
-4.36939 -2.52644 0
-4.37366 -2.87808 0

4.08308 -3.23023 0
4.08301 -2.88104 0
4.3881 -3.05318 0

-4.38472 -1.83356 0
-4.37366 -2.87808 0
-4.37955 -3.23416 0

-4.07158 -2.70101 0
-3.78013 -2.88104 6
-4.08036 -3.05659 0

-3.47477 -3.40253 6
-3.16555 -3.57469 0
-3.46419 -3.75165 0

-2.87287 3.92873 0
-3.17526 3.75419 0
-3.47504 3.9311 0

4.1013 2.70776 0
3.79629 2.88019 6
4.09811 3.05582 0

4.38563 -2.70638 0
4.40748 -2.35687 0
4.3881 -3.05318 0

3.48644 3.40354 6
3.17593 3.57949 0
3.48359 3.75012 0

3.78726 3.57558 0
3.48359 3.75012 0
3.78278 3.92769 0

-4.07587 3.57558 0
-4.07281 3.227 0
-4.37669 3.40354 0

-4.06644 2.53469 0
-4.36676 2.35871 0
-4.37292 2.7093 0

3.78278 -3.05659 6
4.08301 -2.88104 0
4.08308 -3.23023 0

4.08301 -2.88104 0
4.09634 -2.52659 0
4.38563 -2.70638 0

-3.76502 3.05582 6
-4.06685 2.88019 0
-4.07281 3.227 0

-3.78006 -3.23023 6
-3.47477 -3.40253 6
-3.77114 -3.58119 0

-4.08036 -3.05659 0
-4.07587 -3.4087 0
-4.37955 -3.23416 0

4.09811 3.05582 0
4.09199 3.40309 0
4.39894 3.23264 0

4.41025 2.18683 0
4.40268 2.88345 0
4.39894 3.23264 0

-3.47477 3.58175 0
-3.77114 3.40309 6
-3.78006 3.75406 0

-4.36939 -2.52644 0
-4.07158 -2.70101 0
-4.37366 -2.87808 0

-4.08036 -3.05659 0
-3.78006 -3.23023 6
-4.07587 -3.4087 0

3.79032 -3.75729 0
4.09199 -3.58119 0
4.09811 -3.92846 0

-3.47504 3.9311 0
-3.47477 3.58175 0
-3.78006 3.75406 0

3.19089 -3.75539 0
3.48644 -3.58075 0
3.48885 -3.93301 0

4.08308 -3.23023 0
4.3881 -3.05318 0
4.38837 -3.40253 0

4.40585 2.53379 0
4.1013 2.70776 0
4.40268 2.88345 0

3.78726 3.57558 0
3.78278 3.92769 0
4.08308 3.75406 0

-3.77114 -3.58119 0
-3.76502 -3.92846 0
-4.07281 -3.75729 0

3.48644 -3.58075 0
3.78726 -3.4087 6
3.79032 -3.75729 0

4.09811 3.05582 0
3.79032 3.227 6
4.09199 3.40309 0

-4.08036 3.92769 0
-4.07587 3.57558 0
-4.37955 3.75012 0

-4.37918 0.263576 0
-4.38472 -1.83356 0
-4.37955 3.75012 0

-4.06685 2.88019 0
-4.37292 2.7093 0
-4.37429 3.05128 0

3.48359 3.75012 0
3.18927 3.9303 0
3.78278 3.92769 0

3.78726 -3.4087 6
4.08308 -3.23023 0
4.09199 -3.58119 0

4.09199 -3.58119 0
4.08308 -3.23023 0
4.38837 -3.40253 0

4.08301 -2.88104 0
4.38563 -2.70638 0
4.3881 -3.05318 0

-4.07281 3.227 0
-4.37429 3.05128 0
-4.37669 3.40354 0

-3.77114 3.40309 6
-4.07281 3.227 0
-4.07587 3.57558 0

-4.07281 -3.75729 0
-3.76502 -3.92846 0
-4.37429 -3.93301 0

4.09199 3.40309 0
4.08308 3.75406 0
4.38837 3.58175 0

-4.07587 -3.4087 0
-4.07281 -3.75729 0
-4.37669 -3.58075 0

-3.46419 -3.75165 0
-3.16053 -3.92521 0
-3.76502 -3.92846 0

4.08308 3.75406 0
3.78278 3.92769 0
4.3881 3.9311 0

-4.37366 -2.87808 0
-4.08036 -3.05659 0
-4.37955 -3.23416 0

4.09811 -3.92846 0
4.09199 -3.58119 0
4.39894 -3.75165 0

4.40268 2.88345 0
4.09811 3.05582 0
4.39894 3.23264 0

-3.47504 3.9311 0
-3.78006 3.75406 0
-4.08036 3.92769 0

-4.07587 -3.4087 0
-3.77114 -3.58119 0
-4.07281 -3.75729 0

3.18927 3.9303 0
-1.65304 3.93307 0
4.3881 3.9311 0

-4.37669 3.40354 0
-4.37292 2.7093 0
-4.37955 3.75012 0

4.09199 3.40309 0
3.78726 3.57558 0
4.08308 3.75406 0

-4.37955 -3.23416 0
-4.07587 -3.4087 0
-4.37669 -3.58075 0

4.40748 -2.35687 0
4.41355 -2.0086 0
4.39894 -3.75165 0

-4.37292 2.7093 0
-4.37918 0.263576 0
-4.37955 3.75012 0

-4.37669 -3.58075 0
-4.07281 -3.75729 0
-4.37429 -3.93301 0

4.39894 3.23264 0
4.09199 3.40309 0
4.38837 3.58175 0

-3.78006 3.75406 0
-4.07587 3.57558 0
-4.08036 3.92769 0

4.3881 -3.05318 0
4.40748 -2.35687 0
4.39894 -3.75165 0

4.38837 3.58175 0
4.08308 3.75406 0
4.3881 3.9311 0

3.48885 -3.93301 0
3.79032 -3.75729 0
4.09811 -3.92846 0

-4.07587 3.57558 0
-4.37669 3.40354 0
-4.37955 3.75012 0

4.09199 -3.58119 0
4.38837 -3.40253 0
4.39894 -3.75165 0

-4.37955 -3.23416 0
-4.37669 -3.58075 0
-4.37429 -3.93301 0

-2.57006 -3.92849 0
1.0734 -3.93625 0
-4.37429 -3.93301 0

4.39894 3.23264 0
4.38837 3.58175 0
4.3881 3.9311 0

# 3.93157 -3.93157 3.49214 -3.49214
