# x y adNum
0.0255611 0.0289144 7
0.344404 0.193147 6
0.454361 -0.0873035 6

0.0255611 0.0289144 7
-0.354257 -0.0523131 6
-0.283028 0.255572 6

-0.0954031 -0.280487 6
0.0255611 0.0289144 7
0.223703 -0.276894 5

-0.354257 -0.0523131 6
-0.0954031 -0.280487 6
-0.418587 -0.389696 5

-0.654116 0.105406 6
-0.354257 -0.0523131 6
-0.70321 -0.219449 7

0.0255611 0.0289144 7
-0.0954031 -0.280487 6
-0.354257 -0.0523131 6

0.454361 -0.0873035 6
0.792121 0.0599417 6
0.775519 -0.268899 6

0.0448965 0.352308 6
0.0255611 0.0289144 7
-0.283028 0.255572 6

0.151933 -0.611125 7
0.223703 -0.276894 5
0.499885 -0.466881 6

0.0255611 0.0289144 7
0.0448965 0.352308 6
0.344404 0.193147 6

-0.0974894 0.958334 7
-0.295138 0.587765 7
-0.396222 0.901397 5

0.223703 -0.276894 5
0.0255611 0.0289144 7
0.454361 -0.0873035 6

0.564094 -0.786664 6
0.499885 -0.466881 6
0.839118 -0.61311 6

-0.0954031 -0.280487 6
0.151933 -0.611125 7
-0.153907 -0.618561 6

-0.0954031 -0.280487 6
0.223703 -0.276894 5
0.151933 -0.611125 7

0.344404 0.193147 6
0.0448965 0.352308 6
0.395201 0.523829 6

0.0448965 0.352308 6
-0.295138 0.587765 7
0.0407027 0.661625 5

-0.418587 -0.389696 5
-0.0954031 -0.280487 6
-0.153907 -0.618561 6

0.344404 0.193147 6
0.395201 0.523829 6
0.668234 0.33689 6

-0.283028 0.255572 6
-0.654116 0.105406 6
-0.594031 0.418261 5

0.0448965 0.352308 6
-0.283028 0.255572 6
-0.295138 0.587765 7

-0.70321 -0.219449 7
-0.418587 -0.389696 5
-0.595688 -0.653876 7

-0.283028 0.255572 6
-0.354257 -0.0523131 6
-0.654116 0.105406 6

0.668234 0.33689 6
0.690281 0.730048 7
0.927387 0.524097 5

0.344404 0.193147 6
0.668234 0.33689 6
0.792121 0.0599417 6

0.395201 0.523829 6
0.0448965 0.352308 6
0.0407027 0.661625 5

-0.295138 0.587765 7
-0.283028 0.255572 6
-0.594031 0.418261 5

0.223703 -0.276894 5
0.454361 -0.0873035 6
0.499885 -0.466881 6

0.318276 0.835516 6
0.0407027 0.661625 5
-0.0974894 0.958334 7

-0.654116 0.105406 6
-0.70321 -0.219449 7
-0.994974 0.0493427 6

-0.354257 -0.0523131 6
-0.418587 -0.389696 5
-0.70321 -0.219449 7

-0.418587 -0.389696 5
-0.153907 -0.618561 6
-0.595688 -0.653876 7

-0.595688 -0.653876 7
-0.153907 -0.618561 6
-0.34396 -0.866582 5

0.395201 0.523829 6
0.318276 0.835516 6
0.690281 0.730048 7

-0.605135 -1.049 6
-0.34396 -0.866582 5
-0.249722 -1.20767 6

0.454361 -0.0873035 6
0.344404 0.193147 6
0.792121 0.0599417 6

-0.70321 -0.219449 7
-0.884069 -0.520147 5
-1.05778 -0.261911 5

0.499885 -0.466881 6
0.454361 -0.0873035 6
0.775519 -0.268899 6

-0.696978 0.713887 7
-0.594031 0.418261 5
-0.942167 0.366261 7

0.278743 -0.915704 5
0.151933 -0.611125 7
0.564094 -0.786664 6

0.668234 0.33689 6
0.395201 0.523829 6
0.690281 0.730048 7

0.395201 0.523829 6
0.0407027 0.661625 5
0.318276 0.835516 6

-0.595688 -0.653876 7
-0.605135 -1.049 6
-0.889929 -0.859648 6

-0.34396 -0.866582 5
-0.153907 -0.618561 6
-0.0181532 -0.97791 6

0.151933 -0.611125 7
0.278743 -0.915704 5
-0.0181532 -0.97791 6

0.499885 -0.466881 6
0.775519 -0.268899 6
0.839118 -0.61311 6

0.318276 0.835516 6
0.151933 1.13495 6
0.540982 1.04907 6

0.0407027 0.661625 5
-0.295138 0.587765 7
-0.0974894 0.958334 7

0.278743 -0.915704 5
0.564094 -0.786664 6
0.478548 -1.15607 6

0.151933 -0.611125 7
0.499885 -0.466881 6
0.564094 -0.786664 6

1.10346 0.203135 7
0.927387 0.524097 5
1.24436 0.500452 5

-0.153907 -0.618561 6
0.151933 -0.611125 7
-0.0181532 -0.97791 6

0.690281 0.730048 7
0.540982 1.04907 6
0.876544 1.02161 6

-0.396222 0.901397 5
-0.295138 0.587765 7
-0.696978 0.713887 7

-0.654116 0.105406 6
-0.994974 0.0493427 6
-0.942167 0.366261 7

0.305475 1.42073 6
0.151933 1.13495 6
0.0261945 1.58354 6

0.775519 -0.268899 6
1.0954 -0.128706 6
1.11762 -0.459888 6

-0.295138 0.587765 7
-0.594031 0.418261 5
-0.696978 0.713887 7

1.24436 0.500452 5
0.927387 0.524097 5
1.12935 0.825952 7

1.0954 -0.128706 6
0.792121 0.0599417 6
1.10346 0.203135 7

-0.594031 0.418261 5
-0.654116 0.105406 6
-0.942167 0.366261 7

-1.29427 0.178056 6
-0.994974 0.0493427 6
-1.34928 -0.212092 7

-0.70321 -0.219449 7
-0.595688 -0.653876 7
-0.884069 -0.520147 5

-0.595688 -0.653876 7
-0.34396 -0.866582 5
-0.605135 -1.049 6

0.836049 -0.987923 6
0.839118 -0.61311 6
1.12958 -0.829792 6

0.151933 1.13495 6
-0.0974894 0.958334 7
-0.150495 1.30955 5

0.668234 0.33689 6
0.927387 0.524097 5
1.10346 0.203135 7

-0.994974 0.0493427 6
-0.70321 -0.219449 7
-1.05778 -0.261911 5

-0.942167 0.366261 7
-1.29427 0.178056 6
-1.29604 0.496111 6

-0.884069 -0.520147 5
-0.889929 -0.859648 6
-1.19881 -0.64123 7

0.478548 -1.15607 6
0.564094 -0.786664 6
0.836049 -0.987923 6

0.775519 -0.268899 6
0.792121 0.0599417 6
1.0954 -0.128706 6

0.792121 0.0599417 6
0.668234 0.33689 6
1.10346 0.203135 7

-0.396222 0.901397 5
-0.689101 1.04595 5
-0.449101 1.26793 7

0.318276 0.835516 6
-0.0974894 0.958334 7
0.151933 1.13495 6

-0.696978 0.713887 7
-0.942167 0.366261 7
-1.0291 0.678001 5

0.564094 -0.786664 6
0.839118 -0.61311 6
0.836049 -0.987923 6

0.690281 0.730048 7
0.318276 0.835516 6
0.540982 1.04907 6

0.839118 -0.61311 6
0.775519 -0.268899 6
1.11762 -0.459888 6

1.0954 -0.128706 6
1.41962 0.016327 6
1.41766 -0.31035 6

-1.05778 -0.261911 5
-1.19881 -0.64123 7
-1.34928 -0.212092 7

-0.249722 -1.20767 6
-0.0181532 -0.97791 6
0.125569 -1.29274 7

-0.396222 0.901397 5
-0.696978 0.713887 7
-0.689101 1.04595 5

-0.689101 1.04595 5
-0.696978 0.713887 7
-1.01894 0.996433 6

-0.889929 -0.859648 6
-0.891199 -1.21563 6
-1.1818 -0.991995 6

-0.34396 -0.866582 5
-0.0181532 -0.97791 6
-0.249722 -1.20767 6

0.876544 1.02161 6
0.612011 1.34557 5
0.907271 1.40217 6

-0.884069 -0.520147 5
-0.595688 -0.653876 7
-0.889929 -0.859648 6

0.478548 -1.15607 6
0.762727 -1.30746 6
0.423119 -1.48102 6

0.278743 -0.915704 5
0.478548 -1.15607 6
0.125569 -1.29274 7

-0.150495 1.30955 5
-0.0974894 0.958334 7
-0.449101 1.26793 7

-1.0291 0.678001 5
-0.942167 0.366261 7
-1.29604 0.496111 6

-0.544294 -1.37967 6
-0.249722 -1.20767 6
-0.1762 -1.51094 6

1.11762 -0.459888 6
1.41766 -0.31035 6
1.40883 -0.665985 6

-0.605135 -1.049 6
-0.249722 -1.20767 6
-0.544294 -1.37967 6

-0.0181532 -0.97791 6
0.278743 -0.915704 5
0.125569 -1.29274 7

-0.689101 1.04595 5
-1.01894 0.996433 6
-0.877567 1.3161 6

-0.942167 0.366261 7
-0.994974 0.0493427 6
-1.29427 0.178056 6

1.51651 0.305162 6
1.24436 0.500452 5
1.50968 0.669874 6

0.540982 1.04907 6
0.305475 1.42073 6
0.612011 1.34557 5

1.41962 0.016327 6
1.10346 0.203135 7
1.51651 0.305162 6

0.125569 -1.29274 7
0.423119 -1.48102 6
0.127467 -1.64768 6

-1.29427 0.178056 6
-1.56842 0.00448571 5
-1.64469 0.363595 7

-0.0974894 0.958334 7
-0.396222 0.901397 5
-0.449101 1.26793 7

-1.29604 0.496111 6
-1.64469 0.363595 7
-1.5826 0.664868 5

0.690281 0.730048 7
0.876544 1.02161 6
1.12935 0.825952 7

-0.449101 1.26793 7
-0.689101 1.04595 5
-0.877567 1.3161 6

-1.05778 -0.261911 5
-0.884069 -0.520147 5
-1.19881 -0.64123 7

0.927387 0.524097 5
0.690281 0.730048 7
1.12935 0.825952 7

-0.994974 0.0493427 6
-1.05778 -0.261911 5
-1.34928 -0.212092 7

1.11762 -0.459888 6
1.0954 -0.128706 6
1.41766 -0.31035 6

-1.01894 0.996433 6
-1.0291 0.678001 5
-1.3377 0.891839 7

0.762727 -1.30746 6
0.836049 -0.987923 6
1.14214 -1.18099 6

0.151933 1.13495 6
-0.150495 1.30955 5
0.0261945 1.58354 6

-1.29427 0.178056 6
-1.34928 -0.212092 7
-1.56842 0.00448571 5

0.839118 -0.61311 6
1.11762 -0.459888 6
1.12958 -0.829792 6

1.0954 -0.128706 6
1.10346 0.203135 7
1.41962 0.016327 6

0.541416 1.67975 6
0.305475 1.42073 6
0.20815 1.82807 6

-0.696978 0.713887 7
-1.0291 0.678001 5
-1.01894 0.996433 6

-1.4848 -0.515714 5
-1.19881 -0.64123 7
-1.51361 -0.850977 6

1.14214 -1.18099 6
1.12958 -0.829792 6
1.43497 -1.03548 6

1.7372 -0.149182 6
1.41962 0.016327 6
1.83989 0.134544 6

1.12935 0.825952 7
1.16515 1.20593 6
1.43635 0.993369 6

0.540982 1.04907 6
0.151933 1.13495 6
0.305475 1.42073 6

-0.498899 -1.69725 6
-0.1762 -1.51094 6
-0.181676 -1.84339 6

0.876544 1.02161 6
0.540982 1.04907 6
0.612011 1.34557 5

-0.449101 1.26793 7
-0.877567 1.3161 6
-0.634071 1.5389 6

-0.605135 -1.049 6
-0.544294 -1.37967 6
-0.891199 -1.21563 6

-0.889929 -0.859648 6
-0.605135 -1.049 6
-0.891199 -1.21563 6

1.10346 0.203135 7
1.24436 0.500452 5
1.51651 0.305162 6

0.762727 -1.30746 6
1.14214 -1.18099 6
1.02987 -1.48151 6

0.478548 -1.15607 6
0.836049 -0.987923 6
0.762727 -1.30746 6

-0.891199 -1.21563 6
-0.544294 -1.37967 6
-0.840742 -1.55399 6

-0.249722 -1.20767 6
0.125569 -1.29274 7
-0.1762 -1.51094 6

0.125569 -1.29274 7
0.478548 -1.15607 6
0.423119 -1.48102 6

0.907271 1.40217 6
0.612011 1.34557 5
0.541416 1.67975 6

-1.19881 -0.64123 7
-0.889929 -0.859648 6
-1.1818 -0.991995 6

-0.840742 -1.55399 6
-0.544294 -1.37967 6
-0.498899 -1.69725 6

1.24436 0.500452 5
1.12935 0.825952 7
1.50968 0.669874 6

1.41766 -0.31035 6
1.7372 -0.149182 6
1.70729 -0.488822 6

1.12958 -0.829792 6
1.11762 -0.459888 6
1.40883 -0.665985 6

-1.56842 0.00448571 5
-1.73346 -0.317711 7
-1.86091 0.114024 6

-1.19881 -0.64123 7
-1.1818 -0.991995 6
-1.51361 -0.850977 6

-1.34928 -0.212092 7
-1.4848 -0.515714 5
-1.73346 -0.317711 7

-1.34928 -0.212092 7
-1.19881 -0.64123 7
-1.4848 -0.515714 5

-1.1818 -0.991995 6
-1.16088 -1.38113 6
-1.44737 -1.17767 6

-0.877567 1.3161 6
-1.24388 1.26526 7
-1.07352 1.56257 6

-1.01894 0.996433 6
-1.3377 0.891839 7
-1.24388 1.26526 7

-1.1818 -0.991995 6
-0.891199 -1.21563 6
-1.16088 -1.38113 6

0.0261945 1.58354 6
-0.150495 1.30955 5
-0.303418 1.63757 6

-1.0291 0.678001 5
-1.29604 0.496111 6
-1.3377 0.891839 7

0.836049 -0.987923 6
1.12958 -0.829792 6
1.14214 -1.18099 6

0.423119 -1.48102 6
0.719227 -1.65787 6
0.423188 -1.83347 6

1.40883 -0.665985 6
1.70729 -0.488822 6
1.70386 -0.843725 6

1.83989 0.134544 6
1.51651 0.305162 6
1.8069 0.473647 6

0.20815 1.82807 6
0.0261945 1.58354 6
-0.135426 1.93632 7

1.16515 1.20593 6
0.907271 1.40217 6
1.15508 1.59567 7

-0.1762 -1.51094 6
0.125569 -1.29274 7
0.127467 -1.64768 6

-0.449101 1.26793 7
-0.634071 1.5389 6
-0.303418 1.63757 6

-1.24388 1.26526 7
-1.3377 0.891839 7
-1.54448 1.17509 5

1.8069 0.473647 6
1.50968 0.669874 6
1.76565 0.870347 6

-0.150495 1.30955 5
-0.449101 1.26793 7
-0.303418 1.63757 6

-1.96507 0.611125 6
-1.64469 0.363595 7
-2.07926 0.35228 6

0.876544 1.02161 6
0.907271 1.40217 6
1.16515 1.20593 6

1.12935 0.825952 7
0.876544 1.02161 6
1.16515 1.20593 6

0.305475 1.42073 6
0.0261945 1.58354 6
0.20815 1.82807 6

-0.877567 1.3161 6
-1.01894 0.996433 6
-1.24388 1.26526 7

-1.29604 0.496111 6
-1.29427 0.178056 6
-1.64469 0.363595 7

-0.891199 -1.21563 6
-0.840742 -1.55399 6
-1.16088 -1.38113 6

-1.3377 0.891839 7
-1.29604 0.496111 6
-1.5826 0.664868 5

-1.73346 -0.317711 7
-1.4848 -0.515714 5
-1.81573 -0.673826 6

1.41766 -0.31035 6
1.41962 0.016327 6
1.7372 -0.149182 6

1.12958 -0.829792 6
1.40883 -0.665985 6
1.43497 -1.03548 6

0.612011 1.34557 5
0.305475 1.42073 6
0.541416 1.67975 6

1.50968 0.669874 6
1.12935 0.825952 7
1.43635 0.993369 6

-1.75192 0.921744 6
-1.5826 0.664868 5
-1.96507 0.611125 6

-1.56842 0.00448571 5
-1.34928 -0.212092 7
-1.73346 -0.317711 7

-1.51361 -0.850977 6
-1.1818 -0.991995 6
-1.44737 -1.17767 6

1.50968 0.669874 6
1.43635 0.993369 6
1.76565 0.870347 6

0.907271 1.40217 6
0.541416 1.67975 6
0.840409 1.76453 6

-0.840742 -1.55399 6
-0.818368 -1.88203 6
-1.13357 -1.74067 6

0.127467 -1.64768 6
0.423188 -1.83347 6
0.12587 -2.00363 6

-0.544294 -1.37967 6
-0.1762 -1.51094 6
-0.498899 -1.69725 6

-0.634071 1.5389 6
-0.877567 1.3161 6
-1.07352 1.56257 6

1.02987 -1.48151 6
1.14214 -1.18099 6
1.45199 -1.38696 7

2.03254 -0.300107 5
1.7372 -0.149182 6
2.18853 -0.0350791 7

1.70729 -0.488822 6
2.03254 -0.300107 5
1.99792 -0.639161 6

-1.64469 0.363595 7
-1.56842 0.00448571 5
-1.86091 0.114024 6

1.45199 -1.38696 7
1.43497 -1.03548 6
1.73555 -1.2292 6

1.40883 -0.665985 6
1.41766 -0.31035 6
1.70729 -0.488822 6

0.127467 -1.64768 6
0.423119 -1.48102 6
0.423188 -1.83347 6

-0.49413 -2.02422 6
-0.181676 -1.84339 6
-0.172914 -2.1852 6

0.762727 -1.30746 6
1.02987 -1.48151 6
0.719227 -1.65787 6

0.0261945 1.58354 6
-0.303418 1.63757 6
-0.135426 1.93632 7

2.12732 0.291429 6
1.8069 0.473647 6
2.03844 0.699683 5

0.423119 -1.48102 6
0.762727 -1.30746 6
0.719227 -1.65787 6

0.454361 2.00798 6
0.20815 1.82807 6
0.151933 2.18259 6

-0.515019 1.89098 6
-0.634071 1.5389 6
-0.829361 1.80112 5

-0.1762 -1.51094 6
0.127467 -1.64768 6
-0.181676 -1.84339 6

1.41962 0.016327 6
1.51651 0.305162 6
1.83989 0.134544 6

-1.16088 -1.38113 6
-1.13357 -1.74067 6
-1.43583 -1.55643 6

0.719227 -1.65787 6
1.00553 -1.85769 6
0.711528 -2.02098 6

-1.07352 1.56257 6
-1.38636 1.62428 6
-1.15543 1.89986 6

-2.00976 -0.189387 5
-1.73346 -0.317711 7
-2.09107 -0.520929 6

-1.81573 -0.673826 6
-1.51361 -0.850977 6
-1.82735 -1.01061 6

-0.181676 -1.84339 6
0.127467 -1.64768 6
0.12587 -2.00363 6

1.70729 -0.488822 6
1.7372 -0.149182 6
2.03254 -0.300107 5

1.51651 0.305162 6
1.50968 0.669874 6
1.8069 0.473647 6

-1.44737 -1.17767 6
-1.43583 -1.55643 6
-1.71525 -1.33031 6

1.14214 -1.18099 6
1.43497 -1.03548 6
1.45199 -1.38696 7

-1.38636 1.62428 6
-1.24388 1.26526 7
-1.66462 1.47449 6

-2.07926 0.35228 6
-1.86091 0.114024 6
-2.23988 0.0594444 6

-0.840742 -1.55399 6
-0.498899 -1.69725 6
-0.818368 -1.88203 6

1.43497 -1.03548 6
1.40883 -0.665985 6
1.70386 -0.843725 6

-0.135426 1.93632 7
-0.452924 2.18259 6
-0.128263 2.27797 5

-1.4848 -0.515714 5
-1.51361 -0.850977 6
-1.81573 -0.673826 6

0.907271 1.40217 6
0.840409 1.76453 6
1.15508 1.59567 7

-1.54448 1.17509 5
-1.3377 0.891839 7
-1.75192 0.921744 6

1.73555 -1.2292 6
1.70386 -0.843725 6
1.98109 -1.01125 6

-0.135426 1.93632 7
-0.303418 1.63757 6
-0.515019 1.89098 6

1.09913 1.95641 6
0.840409 1.76453 6
0.774513 2.10614 6

0.840409 1.76453 6
0.541416 1.67975 6
0.454361 2.00798 6

-0.303418 1.63757 6
-0.634071 1.5389 6
-0.515019 1.89098 6

-1.07352 1.56257 6
-1.24388 1.26526 7
-1.38636 1.62428 6

1.76565 0.870347 6
1.8343 1.16661 6
2.16686 0.99367 7

1.43635 0.993369 6
1.48202 1.30936 6
1.8343 1.16661 6

1.16515 1.20593 6
1.15508 1.59567 7
1.48202 1.30936 6

2.03254 -0.300107 5
2.18853 -0.0350791 7
2.3308 -0.431155 6

-0.804312 -2.21218 6
-0.49413 -2.02422 6
-0.478231 -2.35595 6

1.43635 0.993369 6
1.16515 1.20593 6
1.48202 1.30936 6

-1.3377 0.891839 7
-1.5826 0.664868 5
-1.75192 0.921744 6

-2.09107 -0.520929 6
-1.81573 -0.673826 6
-2.14251 -0.858665 7

0.20815 1.82807 6
-0.135426 1.93632 7
0.151933 2.18259 6

-0.634071 1.5389 6
-1.07352 1.56257 6
-0.829361 1.80112 5

-1.92163 1.21472 6
-1.75192 0.921744 6
-2.09829 0.917583 6

0.423188 -1.83347 6
0.711528 -2.02098 6
0.413059 -2.19282 6

1.02987 -1.48151 6
1.45199 -1.38696 7
1.27845 -1.66274 5

1.56856 -1.77049 6
1.45199 -1.38696 7
1.81139 -1.55143 6

0.12587 -2.00363 6
0.413059 -2.19282 6
0.123238 -2.3683 6

-1.86091 0.114024 6
-1.73346 -0.317711 7
-2.00976 -0.189387 5

-0.818368 -1.88203 6
-0.498899 -1.69725 6
-0.49413 -2.02422 6

1.48202 1.30936 6
1.46453 1.63025 5
1.78742 1.47928 6

1.83989 0.134544 6
2.12732 0.291429 6
2.18853 -0.0350791 7

-1.5826 0.664868 5
-1.64469 0.363595 7
-1.96507 0.611125 6

-0.829361 1.80112 5
-1.07352 1.56257 6
-1.15543 1.89986 6

-2.23988 0.0594444 6
-2.00976 -0.189387 5
-2.35578 -0.261854 6

1.48202 1.30936 6
1.15508 1.59567 7
1.46453 1.63025 5

0.541416 1.67975 6
0.20815 1.82807 6
0.454361 2.00798 6

-1.13357 -1.74067 6
-1.11975 -2.10051 6
-1.4108 -1.9441 6

-1.16088 -1.38113 6
-0.840742 -1.55399 6
-1.13357 -1.74067 6

-0.498899 -1.69725 6
-0.181676 -1.84339 6
-0.49413 -2.02422 6

1.99792 -0.639161 6
2.3308 -0.431155 6
2.26893 -0.785732 6

-1.54448 1.17509 5
-1.75192 0.921744 6
-1.92163 1.21472 6

-1.51361 -0.850977 6
-1.44737 -1.17767 6
-1.82735 -1.01061 6

0.719227 -1.65787 6
1.02987 -1.48151 6
1.00553 -1.85769 6

1.02987 -1.48151 6
1.27845 -1.66274 5
1.00553 -1.85769 6

1.70386 -0.843725 6
1.70729 -0.488822 6
1.99792 -0.639161 6

-1.66462 1.47449 6
-1.54448 1.17509 5
-1.92163 1.21472 6

-1.64469 0.363595 7
-1.86091 0.114024 6
-2.07926 0.35228 6

0.12587 -2.00363 6
0.423188 -1.83347 6
0.413059 -2.19282 6

-0.181676 -1.84339 6
0.12587 -2.00363 6
-0.172914 -2.1852 6

1.81139 -1.55143 6
1.73555 -1.2292 6
2.09138 -1.36136 6

-2.14251 -0.858665 7
-1.82735 -1.01061 6
-2.0902 -1.22757 7

-1.44737 -1.17767 6
-1.16088 -1.38113 6
-1.43583 -1.55643 6

1.27845 -1.66274 5
1.45199 -1.38696 7
1.56856 -1.77049 6

1.43497 -1.03548 6
1.70386 -0.843725 6
1.73555 -1.2292 6

-0.135426 1.93632 7
-0.515019 1.89098 6
-0.452924 2.18259 6

-1.86091 0.114024 6
-2.00976 -0.189387 5
-2.23988 0.0594444 6

-1.43583 -1.55643 6
-1.4108 -1.9441 6
-1.68708 -1.74783 6

0.423188 -1.83347 6
0.719227 -1.65787 6
0.711528 -2.02098 6

1.27845 -1.66274 5
1.56856 -1.77049 6
1.32526 -2.02448 6

1.83989 0.134544 6
1.8069 0.473647 6
2.12732 0.291429 6

1.46453 1.63025 5
1.42239 1.94646 6
1.76238 1.81822 6

-1.73346 -0.317711 7
-1.81573 -0.673826 6
-2.09107 -0.520929 6

2.30732 0.562225 6
2.03844 0.699683 5
2.16686 0.99367 7

1.8069 0.473647 6
1.76565 0.870347 6
2.03844 0.699683 5

-2.35578 -0.261854 6
-2.09107 -0.520929 6
-2.43352 -0.569603 6

-1.82735 -1.01061 6
-1.44737 -1.17767 6
-1.71525 -1.33031 6

1.7372 -0.149182 6
1.83989 0.134544 6
2.18853 -0.0350791 7

1.76565 0.870347 6
1.43635 0.993369 6
1.8343 1.16661 6

0.774513 2.10614 6
0.454361 2.00798 6
0.454361 2.3572 6

-1.38636 1.62428 6
-1.66462 1.47449 6
-1.66264 1.83337 6

1.70386 -0.843725 6
1.99792 -0.639161 6
1.98109 -1.01125 6

2.18853 -0.0350791 7
2.46917 0.144832 6
2.53629 -0.185247 6

1.15508 1.59567 7
1.09913 1.95641 6
1.42239 1.94646 6

0.454361 2.3572 6
0.151933 2.18259 6
0.110407 2.54369 7

-2.41741 0.354133 6
-2.23988 0.0594444 6
-2.57994 -0.00557618 6

-0.818368 -1.88203 6
-0.804312 -2.21218 6
-1.11975 -2.10051 6

2.16686 0.99367 7
1.8343 1.16661 6
2.15359 1.32014 6

-0.829361 1.80112 5
-1.15543 1.89986 6
-0.865926 2.12372 7

-1.24388 1.26526 7
-1.54448 1.17509 5
-1.66462 1.47449 6

-1.71525 -1.33031 6
-1.68708 -1.74783 6
-1.95148 -1.53324 5

-0.478231 -2.35595 6
-0.172914 -2.1852 6
-0.181018 -2.53563 6

2.12732 0.291429 6
2.03844 0.699683 5
2.30732 0.562225 6

-0.452924 2.18259 6
-0.515019 1.89098 6
-0.865926 2.12372 7

-1.15543 1.89986 6
-1.40767 2.06546 6
-1.16444 2.29216 6

-1.66264 1.83337 6
-1.66462 1.47449 6
-1.99511 1.52449 7

0.711528 -2.02098 6
1.02089 -2.20002 6
0.709885 -2.3705 6

0.454361 2.00798 6
0.151933 2.18259 6
0.454361 2.3572 6

-2.32151 0.691315 6
-2.07926 0.35228 6
-2.41741 0.354133 6

1.8343 1.16661 6
1.48202 1.30936 6
1.78742 1.47928 6

1.15508 1.59567 7
0.840409 1.76453 6
1.09913 1.95641 6

0.840409 1.76453 6
0.454361 2.00798 6
0.774513 2.10614 6

0.151933 2.18259 6
-0.135426 1.93632 7
-0.128263 2.27797 5

-2.09829 0.917583 6
-1.96507 0.611125 6
-2.32151 0.691315 6

-2.14251 -0.858665 7
-2.3879 -1.13017 6
-2.51391 -0.849146 5

-0.776082 -2.54584 5
-0.478231 -2.35595 6
-0.495104 -2.70399 6

-0.452924 2.18259 6
-0.865926 2.12372 7
-0.670473 2.39 5

-1.99511 1.52449 7
-1.92163 1.21472 6
-2.28588 1.16837 6

-1.75192 0.921744 6
-1.96507 0.611125 6
-2.09829 0.917583 6

-0.818368 -1.88203 6
-0.49413 -2.02422 6
-0.804312 -2.21218 6

-0.515019 1.89098 6
-0.829361 1.80112 5
-0.865926 2.12372 7

-1.81573 -0.673826 6
-1.82735 -1.01061 6
-2.14251 -0.858665 7

1.46453 1.63025 5
1.15508 1.59567 7
1.42239 1.94646 6

2.09138 -1.36136 6
1.98109 -1.01125 6
2.30025 -1.09747 6

1.78742 1.47928 6
1.76238 1.81822 6
2.07874 1.63153 6

-1.96507 0.611125 6
-2.07926 0.35228 6
-2.32151 0.691315 6

0.413059 -2.19282 6
0.709885 -2.3705 6
0.413057 -2.55308 6

1.00553 -1.85769 6
1.32526 -2.02448 6
1.02089 -2.20002 6

0.110407 2.54369 7
-0.128263 2.27797 5
-0.292543 2.53355 6

-0.865926 2.12372 7
-1.16444 2.29216 6
-0.951219 2.5352 6

-2.00976 -0.189387 5
-2.09107 -0.520929 6
-2.35578 -0.261854 6

1.56856 -1.77049 6
1.83502 -1.92421 6
1.62994 -2.1813 6

1.99792 -0.639161 6
2.03254 -0.300107 5
2.3308 -0.431155 6

-2.57994 -0.00557618 6
-2.35578 -0.261854 6
-2.71205 -0.36546 6

-0.172914 -2.1852 6
0.12587 -2.00363 6
0.123238 -2.3683 6

2.46917 0.144832 6
2.30732 0.562225 6
2.57136 0.436518 6

2.12732 0.291429 6
2.30732 0.562225 6
2.46917 0.144832 6

-1.13357 -1.74067 6
-0.818368 -1.88203 6
-1.11975 -2.10051 6

-2.0902 -1.22757 7
-2.24723 -1.6145 6
-2.48875 -1.42779 6

2.3308 -0.431155 6
2.53629 -0.185247 6
2.59595 -0.598888 6

2.03844 0.699683 5
1.76565 0.870347 6
2.16686 0.99367 7

1.73555 -1.2292 6
1.98109 -1.01125 6
2.09138 -1.36136 6

1.45199 -1.38696 7
1.73555 -1.2292 6
1.81139 -1.55143 6

1.8343 1.16661 6
1.78742 1.47928 6
2.15359 1.32014 6

1.09168 2.28811 6
0.774513 2.10614 6
0.776243 2.44286 6

-1.11975 -2.10051 6
-1.09585 -2.44787 6
-1.4182 -2.3088 6

1.98109 -1.01125 6
1.99792 -0.639161 6
2.26893 -0.785732 6

-1.43583 -1.55643 6
-1.13357 -1.74067 6
-1.4108 -1.9441 6

0.123238 -2.3683 6
0.413057 -2.55308 6
0.10721 -2.72726 6

-0.49413 -2.02422 6
-0.172914 -2.1852 6
-0.478231 -2.35595 6

1.56856 -1.77049 6
1.81139 -1.55143 6
1.83502 -1.92421 6

1.09913 1.95641 6
1.09168 2.28811 6
1.43096 2.2588 6

-2.32151 0.691315 6
-2.64588 0.611785 6
-2.56992 0.960339 7

-0.172914 -2.1852 6
0.123238 -2.3683 6
-0.181018 -2.53563 6

1.00553 -1.85769 6
1.27845 -1.66274 5
1.32526 -2.02448 6

-2.64588 0.611785 6
-2.41741 0.354133 6
-2.74401 0.272066 6

-2.28588 1.16837 6
-2.09829 0.917583 6
-2.56992 0.960339 7

-1.82735 -1.01061 6
-1.71525 -1.33031 6
-2.0902 -1.22757 7

-1.95148 -1.53324 5
-1.98917 -1.89423 6
-2.24723 -1.6145 6

0.711528 -2.02098 6
1.00553 -1.85769 6
1.02089 -2.20002 6

2.18853 -0.0350791 7
2.12732 0.291429 6
2.46917 0.144832 6

-1.38636 1.62428 6
-1.66264 1.83337 6
-1.40767 2.06546 6

-1.71525 -1.33031 6
-1.43583 -1.55643 6
-1.68708 -1.74783 6

2.26893 -0.785732 6
2.59595 -0.598888 6
2.66732 -0.911498 7

-2.07926 0.35228 6
-2.23988 0.0594444 6
-2.41741 0.354133 6

0.413059 -2.19282 6
0.711528 -2.02098 6
0.709885 -2.3705 6

2.49362 0.830311 6
2.16686 0.99367 7
2.4755 1.16879 6

-2.0902 -1.22757 7
-1.71525 -1.33031 6
-1.95148 -1.53324 5

0.709885 -2.3705 6
1.00458 -2.54243 6
0.705881 -2.72794 6

-1.66264 1.83337 6
-1.99511 1.52449 7
-1.9648 1.84162 5

0.776243 2.44286 6
0.454361 2.3572 6
0.431748 2.66851 6

-0.804312 -2.21218 6
-0.478231 -2.35595 6
-0.776082 -2.54584 5

0.123238 -2.3683 6
0.413059 -2.19282 6
0.413057 -2.55308 6

2.46917 0.144832 6
2.57136 0.436518 6
2.79468 0.0372566 7

-0.452924 2.18259 6
-0.670473 2.39 5
-0.292543 2.53355 6

-0.865926 2.12372 7
-1.15543 1.89986 6
-1.16444 2.29216 6

1.83502 -1.92421 6
1.81139 -1.55143 6
2.13679 -1.69894 6

-2.09107 -0.520929 6
-2.14251 -0.858665 7
-2.43352 -0.569603 6

-1.4108 -1.9441 6
-1.4182 -2.3088 6
-1.70604 -2.11148 6

-0.670473 2.39 5
-0.951219 2.5352 6
-0.571622 2.70002 6

-1.15543 1.89986 6
-1.38636 1.62428 6
-1.40767 2.06546 6

-1.66462 1.47449 6
-1.92163 1.21472 6
-1.99511 1.52449 7

2.4755 1.16879 6
2.15359 1.32014 6
2.4795 1.48992 6

2.57136 0.436518 6
2.30732 0.562225 6
2.49362 0.830311 6

1.42239 1.94646 6
1.43096 2.2588 6
1.75438 2.14672 6

1.78742 1.47928 6
1.46453 1.63025 5
1.76238 1.81822 6

-0.804312 -2.21218 6
-0.776082 -2.54584 5
-1.09585 -2.44787 6

1.09913 1.95641 6
0.774513 2.10614 6
1.09168 2.28811 6

-1.92163 1.21472 6
-2.09829 0.917583 6
-2.28588 1.16837 6

-2.71205 -0.36546 6
-2.43352 -0.569603 6
-2.86196 -0.62251 6

2.13679 -1.69894 6
2.09138 -1.36136 6
2.41674 -1.51082 7

2.3308 -0.431155 6
2.18853 -0.0350791 7
2.53629 -0.185247 6

1.76238 1.81822 6
1.75438 2.14672 6
2.07036 1.98315 6

1.09168 2.28811 6
1.06047 2.63354 6
1.39464 2.55699 6

0.151933 2.18259 6
-0.128263 2.27797 5
0.110407 2.54369 7

0.454361 2.3572 6
0.110407 2.54369 7
0.431748 2.66851 6

1.98109 -1.01125 6
2.26893 -0.785732 6
2.30025 -1.09747 6

1.06047 2.63354 6
0.776243 2.44286 6
0.734256 2.78597 6

-0.128263 2.27797 5
-0.452924 2.18259 6
-0.292543 2.53355 6

-2.74401 0.272066 6
-2.57994 -0.00557618 6
-2.88943 -0.121294 6

0.774513 2.10614 6
0.454361 2.3572 6
0.776243 2.44286 6

-1.99511 1.52449 7
-2.30962 1.49808 5
-2.28448 1.86112 7

-0.495104 -2.70399 6
-0.181018 -2.53563 6
-0.208953 -2.88114 6

2.53629 -0.185247 6
2.46917 0.144832 6
2.79468 0.0372566 7

-1.40767 2.06546 6
-1.70197 2.18511 6
-1.46937 2.4488 6

-2.23988 0.0594444 6
-2.35578 -0.261854 6
-2.57994 -0.00557618 6

2.30025 -1.09747 6
2.66732 -0.911498 7
2.57364 -1.21427 4

1.32532 -2.36581 6
1.32526 -2.02448 6
1.62994 -2.1813 6

0.110407 2.54369 7
-0.181526 2.81872 6
0.135928 2.87863 6

2.53629 -0.185247 6
2.79468 0.0372566 7
2.82465 -0.34751 6

-2.30962 1.49808 5
-2.28588 1.16837 6
-2.60023 1.30752 6

2.30732 0.562225 6
2.16686 0.99367 7
2.49362 0.830311 6

-2.81882 -0.938777 6
-2.3879 -1.13017 6
-2.76237 -1.25529 6

-2.14251 -0.858665 7
-2.0902 -1.22757 7
-2.3879 -1.13017 6

-1.66264 1.83337 6
-1.9648 1.84162 5
-1.70197 2.18511 6

1.83502 -1.92421 6
2.13679 -1.69894 6
2.11548 -2.03286 5

2.15359 1.32014 6
1.78742 1.47928 6
2.07874 1.63153 6

-2.43352 -0.569603 6
-2.14251 -0.858665 7
-2.51391 -0.849146 5

1.02089 -2.20002 6
1.32532 -2.36581 6
1.00458 -2.54243 6

0.413057 -2.55308 6
0.705881 -2.72794 6
0.390728 -2.90761 6

2.16686 0.99367 7
2.15359 1.32014 6
2.4755 1.16879 6

-1.4182 -2.3088 6
-1.35318 -2.6455 7
-1.7353 -2.44759 6

-1.68708 -1.74783 6
-1.70604 -2.11148 6
-1.98917 -1.89423 6

2.26893 -0.785732 6
2.3308 -0.431155 6
2.59595 -0.598888 6

2.4795 1.48992 6
2.07874 1.63153 6
2.36339 1.78377 6

1.42239 1.94646 6
1.09913 1.95641 6
1.43096 2.2588 6

-2.86196 -0.62251 6
-2.51391 -0.849146 5
-2.81882 -0.938777 6

-1.11975 -2.10051 6
-0.804312 -2.21218 6
-1.09585 -2.44787 6

-0.947256 -2.80132 7
-0.495104 -2.70399 6
-0.585346 -2.99447 6

1.43096 2.2588 6
1.39464 2.55699 6
1.7722 2.48151 7

-1.16444 2.29216 6
-1.46937 2.4488 6
-1.23612 2.68422 7

-0.292543 2.53355 6
-0.571622 2.70002 6
-0.181526 2.81872 6

2.59595 -0.598888 6
2.82465 -0.34751 6
2.92989 -0.700513 6

-0.670473 2.39 5
-0.865926 2.12372 7
-0.951219 2.5352 6

-1.9648 1.84162 5
-2.28448 1.86112 7
-2.03226 2.16587 6

-1.4108 -1.9441 6
-1.11975 -2.10051 6
-1.4182 -2.3088 6

1.02089 -2.20002 6
1.32526 -2.02448 6
1.32532 -2.36581 6

-0.776082 -2.54584 5
-0.495104 -2.70399 6
-0.947256 -2.80132 7

2.82279 0.712074 6
2.49362 0.830311 6
2.78478 1.03499 5

-1.70604 -2.11148 6
-1.7353 -2.44759 6
-2.03576 -2.23351 6

-1.68708 -1.74783 6
-1.4108 -1.9441 6
-1.70604 -2.11148 6

1.83502 -1.92421 6
2.11548 -2.03286 5
1.95004 -2.32968 7

-2.32151 0.691315 6
-2.41741 0.354133 6
-2.64588 0.611785 6

1.00458 -2.54243 6
1.29861 -2.70152 6
1.00059 -2.8958 6

1.32526 -2.02448 6
1.56856 -1.77049 6
1.62994 -2.1813 6

0.10721 -2.72726 6
0.390728 -2.90761 6
0.0851691 -3.08241 6

-0.181018 -2.53563 6
0.123238 -2.3683 6
0.10721 -2.72726 6

1.81139 -1.55143 6
2.09138 -1.36136 6
2.13679 -1.69894 6

-2.24723 -1.6145 6
-2.30871 -1.96689 6
-2.57723 -1.77509 6

-2.98604 0.556914 7
-2.74401 0.272066 6
-3.05817 0.225975 5

0.709885 -2.3705 6
1.02089 -2.20002 6
1.00458 -2.54243 6

-0.951219 2.5352 6
-1.23612 2.68422 7
-0.867772 2.85697 6

-2.35578 -0.261854 6
-2.43352 -0.569603 6
-2.71205 -0.36546 6

2.11548 -2.03286 5
2.13679 -1.69894 6
2.45868 -1.8706 6

0.431748 2.66851 6
0.135928 2.87863 6
0.43918 3.01167 6

-2.09829 0.917583 6
-2.32151 0.691315 6
-2.56992 0.960339 7

-2.71205 -0.36546 6
-2.86196 -0.62251 6
-3.17478 -0.436518 7

-1.95148 -1.53324 5
-1.68708 -1.74783 6
-1.98917 -1.89423 6

0.413057 -2.55308 6
0.709885 -2.3705 6
0.705881 -2.72794 6

-0.478231 -2.35595 6
-0.181018 -2.53563 6
-0.495104 -2.70399 6

-1.70197 2.18511 6
-2.03226 2.16587 6
-1.86324 2.47538 6

-1.99511 1.52449 7
-2.28588 1.16837 6
-2.30962 1.49808 5

-2.56992 0.960339 7
-2.86567 0.881904 5
-2.91605 1.21912 7

-2.41741 0.354133 6
-2.57994 -0.00557618 6
-2.74401 0.272066 6

-2.28448 1.86112 7
-2.30962 1.49808 5
-2.57467 1.69817 6

2.66732 -0.911498 7
2.59595 -0.598888 6
2.92989 -0.700513 6

-0.292543 2.53355 6
-0.670473 2.39 5
-0.571622 2.70002 6

-2.0902 -1.22757 7
-1.95148 -1.53324 5
-2.24723 -1.6145 6

-0.181018 -2.53563 6
0.10721 -2.72726 6
-0.208953 -2.88114 6

-0.571622 2.70002 6
-0.867772 2.85697 6
-0.514421 3.00839 6

-1.40767 2.06546 6
-1.66264 1.83337 6
-1.70197 2.18511 6

2.79468 0.0372566 7
2.90203 0.387077 6
3.1025 0.140285 5

1.76238 1.81822 6
1.42239 1.94646 6
1.75438 2.14672 6

-0.181526 2.81872 6
-0.571622 2.70002 6
-0.514421 3.00839 6

2.57136 0.436518 6
2.82279 0.712074 6
2.90203 0.387077 6

-1.98917 -1.89423 6
-2.03576 -2.23351 6
-2.30871 -1.96689 6

0.705881 -2.72794 6
1.00059 -2.8958 6
0.685313 -3.07561 6

2.30025 -1.09747 6
2.26893 -0.785732 6
2.66732 -0.911498 7

0.110407 2.54369 7
-0.292543 2.53355 6
-0.181526 2.81872 6

1.75438 2.14672 6
1.7722 2.48151 7
2.05556 2.34168 6

-2.28588 1.16837 6
-2.56992 0.960339 7
-2.60023 1.30752 6

2.30025 -1.09747 6
2.57364 -1.21427 4
2.41674 -1.51082 7

1.09168 2.28811 6
0.776243 2.44286 6
1.06047 2.63354 6

1.63463 -2.51854 6
1.62994 -2.1813 6
1.95004 -2.32968 7

2.83151 -1.34338 7
2.66732 -0.911498 7
3.01091 -1.03894 6

2.59595 -0.598888 6
2.53629 -0.185247 6
2.82465 -0.34751 6

2.07874 1.63153 6
1.76238 1.81822 6
2.07036 1.98315 6

-1.09585 -2.44787 6
-0.947256 -2.80132 7
-1.35318 -2.6455 7

2.09138 -1.36136 6
2.30025 -1.09747 6
2.41674 -1.51082 7

1.06047 2.63354 6
0.996373 2.9836 6
1.3293 2.88123 6

-1.16444 2.29216 6
-1.40767 2.06546 6
-1.46937 2.4488 6

2.82465 -0.34751 6
3.09934 -0.205045 6
3.19077 -0.538947 6

2.78478 1.03499 5
2.4755 1.16879 6
2.81168 1.36092 6

-1.70197 2.18511 6
-1.9648 1.84162 5
-2.03226 2.16587 6

-2.3879 -1.13017 6
-2.0902 -1.22757 7
-2.48875 -1.42779 6

2.07036 1.98315 6
2.05556 2.34168 6
2.34104 2.19812 6

0.776243 2.44286 6
0.431748 2.66851 6
0.734256 2.78597 6

0.431748 2.66851 6
0.110407 2.54369 7
0.135928 2.87863 6

-1.46937 2.4488 6
-1.86324 2.47538 6
-1.67044 2.72919 6

-2.48875 -1.42779 6
-2.57723 -1.77509 6
-2.83526 -1.58804 5

2.13679 -1.69894 6
2.41674 -1.51082 7
2.45868 -1.8706 6

1.39464 2.55699 6
1.3293 2.88123 6
1.67146 2.77119 5

-2.57994 -0.00557618 6
-2.71205 -0.36546 6
-2.88943 -0.121294 6

2.15359 1.32014 6
2.07874 1.63153 6
2.4795 1.48992 6

2.07874 1.63153 6
2.07036 1.98315 6
2.36339 1.78377 6

-2.86567 0.881904 5
-2.64588 0.611785 6
-2.98604 0.556914 7

-2.64588 0.611785 6
-2.74401 0.272066 6
-2.98604 0.556914 7

2.57136 0.436518 6
2.49362 0.830311 6
2.82279 0.712074 6

0.996373 2.9836 6
0.734256 2.78597 6
0.718288 3.16974 6

1.43096 2.2588 6
1.09168 2.28811 6
1.39464 2.55699 6

0.734256 2.78597 6
0.431748 2.66851 6
0.43918 3.01167 6

2.79468 0.0372566 7
2.57136 0.436518 6
2.90203 0.387077 6

3.14056 0.643873 6
2.82279 0.712074 6
3.09278 1.03658 7

-2.60023 1.30752 6
-2.91605 1.21912 7
-2.85587 1.56315 6

-2.43352 -0.569603 6
-2.51391 -0.849146 5
-2.86196 -0.62251 6

-0.208953 -2.88114 6
0.0851691 -3.08241 6
-0.24752 -3.19548 6

0.10721 -2.72726 6
0.413057 -2.55308 6
0.390728 -2.90761 6

1.00458 -2.54243 6
1.32532 -2.36581 6
1.29861 -2.70152 6

0.135928 2.87863 6
-0.200505 3.14067 6
0.11639 3.21868 6

-1.9648 1.84162 5
-1.99511 1.52449 7
-2.28448 1.86112 7

-2.51391 -0.849146 5
-2.3879 -1.13017 6
-2.81882 -0.938777 6

-0.495104 -2.70399 6
-0.208953 -2.88114 6
-0.585346 -2.99447 6

-0.951219 2.5352 6
-1.16444 2.29216 6
-1.23612 2.68422 7

-1.09585 -2.44787 6
-0.776082 -2.54584 5
-0.947256 -2.80132 7

2.11548 -2.03286 5
2.45868 -1.8706 6
2.35441 -2.19542 6

2.90203 0.387077 6
3.14056 0.643873 6
3.34008 0.366453 7

2.81168 1.36092 6
2.4795 1.48992 6
2.7723 1.67948 7

-0.867772 2.85697 6
-1.14216 3.04027 6
-0.831442 3.19333 6

-2.34529 2.21788 5
-2.28448 1.86112 7
-2.60541 2.04819 6

1.93911 -2.66745 6
1.95004 -2.32968 7
2.24823 -2.53293 6

2.49362 0.830311 6
2.4755 1.16879 6
2.78478 1.03499 5

-2.91605 1.21912 7
-2.86567 0.881904 5
-3.17478 0.960339 6

-2.56992 0.960339 7
-2.64588 0.611785 6
-2.86567 0.881904 5

-1.4182 -2.3088 6
-1.09585 -2.44787 6
-1.35318 -2.6455 7

1.29861 -2.70152 6
1.32532 -2.36581 6
1.63463 -2.51854 6

2.79468 0.0372566 7
3.1025 0.140285 5
3.09934 -0.205045 6

-0.571622 2.70002 6
-0.951219 2.5352 6
-0.867772 2.85697 6

1.62994 -2.1813 6
1.83502 -1.92421 6
1.95004 -2.32968 7

0.390728 -2.90761 6
0.685313 -3.07561 6
0.392959 -3.26172 6

-3.05817 0.225975 5
-2.88943 -0.121294 6
-3.18927 -0.0772746 6

-2.86196 -0.62251 6
-2.81882 -0.938777 6
-3.17478 -0.785732 6

-1.70604 -2.11148 6
-1.4182 -2.3088 6
-1.7353 -2.44759 6

-1.66323 -2.74913 5
-1.35318 -2.6455 7
-1.53997 -3.04481 7

-2.30871 -1.96689 6
-2.37831 -2.27544 6
-2.69136 -2.06711 6

1.32532 -2.36581 6
1.62994 -2.1813 6
1.63463 -2.51854 6

2.57364 -1.21427 4
2.66732 -0.911498 7
2.83151 -1.34338 7

-1.98917 -1.89423 6
-1.70604 -2.11148 6
-2.03576 -2.23351 6

-2.03226 2.16587 6
-2.34529 2.21788 5
-2.19467 2.51753 6

-1.35318 -2.6455 7
-0.947256 -2.80132 7
-1.2339 -2.94562 5

1.29861 -2.70152 6
1.63463 -2.51854 6
1.58959 -2.85489 6

-2.24723 -1.6145 6
-1.98917 -1.89423 6
-2.30871 -1.96689 6

-1.14216 3.04027 6
-1.23612 2.68422 7
-1.45476 2.93951 5

-2.3879 -1.13017 6
-2.48875 -1.42779 6
-2.76237 -1.25529 6

-0.514421 3.00839 6
-0.831442 3.19333 6
-0.525948 3.33842 6

-3.17478 -0.436518 7
-2.86196 -0.62251 6
-3.17478 -0.785732 6

-2.48875 -1.42779 6
-2.24723 -1.6145 6
-2.57723 -1.77509 6

1.29861 -2.70152 6
1.58959 -2.85489 6
1.3028 -3.05674 6

2.92989 -0.700513 6
3.19077 -0.538947 6
3.28993 -0.879609 6

2.07036 1.98315 6
1.75438 2.14672 6
2.05556 2.34168 6

-2.86567 0.881904 5
-2.98604 0.556914 7
-3.17478 0.960339 6

1.75438 2.14672 6
1.43096 2.2588 6
1.7722 2.48151 7

-2.74401 0.272066 6
-2.88943 -0.121294 6
-3.05817 0.225975 5

-1.2339 -2.94562 5
-0.947256 -2.80132 7
-0.889702 -3.12489 6

2.35441 -2.19542 6
2.45868 -1.8706 6
2.76016 -2.01777 7

-0.181526 2.81872 6
-0.514421 3.00839 6
-0.200505 3.14067 6

-0.208953 -2.88114 6
0.10721 -2.72726 6
0.0851691 -3.08241 6

0.705881 -2.72794 6
1.00458 -2.54243 6
1.00059 -2.8958 6

-3.18927 -0.0772746 6
-2.88943 -0.121294 6
-3.17478 -0.436518 7

-2.76237 -1.25529 6
-2.48875 -1.42779 6
-2.83526 -1.58804 5

-1.7353 -2.44759 6
-1.66323 -2.74913 5
-2.06622 -2.55186 7

0.718288 3.16974 6
0.43918 3.01167 6
0.412976 3.36339 6

2.16922 2.64787 6
1.7722 2.48151 7
1.9665 2.88102 6

-2.30962 1.49808 5
-2.60023 1.30752 6
-2.57467 1.69817 6

2.90203 0.387077 6
2.82279 0.712074 6
3.14056 0.643873 6

2.41674 -1.51082 7
2.83151 -1.34338 7
2.722 -1.66027 5

-1.46937 2.4488 6
-1.70197 2.18511 6
-1.86324 2.47538 6

-2.60023 1.30752 6
-2.56992 0.960339 7
-2.91605 1.21912 7

2.41674 -1.51082 7
2.57364 -1.21427 4
2.83151 -1.34338 7

2.78478 1.03499 5
2.81168 1.36092 6
3.09278 1.03658 7

3.09934 -0.205045 6
3.39451 -0.0125896 6
3.44943 -0.354619 6

2.82465 -0.34751 6
2.79468 0.0372566 7
3.09934 -0.205045 6

2.7723 1.67948 7
2.36339 1.78377 6
2.57804 2.00307 5

2.05556 2.34168 6
2.16922 2.64787 6
2.4754 2.48395 6

-2.03576 -2.23351 6
-2.06622 -2.55186 7
-2.37831 -2.27544 6

2.4755 1.16879 6
2.4795 1.48992 6
2.81168 1.36092 6

-1.23612 2.68422 7
-1.46937 2.4488 6
-1.67044 2.72919 6

0.0851691 -3.08241 6
0.392959 -3.26172 6
0.0980887 -3.42123 6

0.390728 -2.90761 6
0.705881 -2.72794 6
0.685313 -3.07561 6

2.92989 -0.700513 6
2.82465 -0.34751 6
3.19077 -0.538947 6

3.09278 1.03658 7
2.81168 1.36092 6
3.12512 1.39271 6

1.06047 2.63354 6
0.734256 2.78597 6
0.996373 2.9836 6

0.135928 2.87863 6
-0.181526 2.81872 6
-0.200505 3.14067 6

-2.57723 -1.77509 6
-2.69136 -2.06711 6
-2.99584 -1.86078 7

1.00059 -2.8958 6
1.3028 -3.05674 6
0.971692 -3.24 6

2.83151 -1.34338 7
3.11902 -1.38858 5
3.02462 -1.74874 6

-0.200505 3.14067 6
-0.525948 3.33842 6
-0.211958 3.46789 6

-2.60541 2.04819 6
-2.57467 1.69817 6
-2.89425 1.9109 6

1.39464 2.55699 6
1.06047 2.63354 6
1.3293 2.88123 6

0.734256 2.78597 6
0.43918 3.01167 6
0.718288 3.16974 6

-3.18927 -0.0772746 6
-3.45719 -0.281642 5
-3.50943 0.0490953 6

2.66732 -0.911498 7
2.92989 -0.700513 6
3.01091 -1.03894 6

1.7722 2.48151 7
1.39464 2.55699 6
1.67146 2.77119 5

2.45868 -1.8706 6
2.41674 -1.51082 7
2.722 -1.66027 5

-3.17155 1.47264 5
-2.91605 1.21912 7
-3.33213 1.20853 6

-3.05817 0.225975 5
-3.18927 -0.0772746 6
-3.36089 0.334334 7

-0.889702 -3.12489 6
-0.585346 -2.99447 6
-0.555442 -3.32016 6

0.685313 -3.07561 6
0.971692 -3.24 6
0.689347 -3.44136 6

1.9665 2.88102 6
1.67146 2.77119 5
1.61532 3.09825 7

-1.86324 2.47538 6
-2.19467 2.51753 6
-1.9991 2.82238 6

-2.88943 -0.121294 6
-2.71205 -0.36546 6
-3.17478 -0.436518 7

-1.19114 -3.2736 6
-0.889702 -3.12489 6
-0.866444 -3.4596 6

-0.585346 -2.99447 6
-0.208953 -2.88114 6
-0.24752 -3.19548 6

1.95004 -2.32968 7
2.11548 -2.03286 5
2.35441 -2.19542 6

3.1025 0.140285 5
2.90203 0.387077 6
3.34008 0.366453 7

-1.67044 2.72919 6
-1.9991 2.82238 6
-1.80903 3.08941 6

2.36339 1.78377 6
2.07036 1.98315 6
2.34104 2.19812 6

-1.23612 2.68422 7
-1.67044 2.72919 6
-1.45476 2.93951 5

-1.7353 -2.44759 6
-1.35318 -2.6455 7
-1.66323 -2.74913 5

-0.24752 -3.19548 6
0.0980887 -3.42123 6
-0.211958 -3.51639 0

2.76016 -2.01777 7
2.722 -1.66027 5
3.02462 -1.74874 6

3.14056 0.643873 6
3.37274 0.881518 5
3.54852 0.620507 6

1.3293 2.88123 6
1.25724 3.20779 6
1.61532 3.09825 7

0.43918 3.01167 6
0.135928 2.87863 6
0.11639 3.21868 6

-2.03226 2.16587 6
-2.28448 1.86112 7
-2.34529 2.21788 5

-0.947256 -2.80132 7
-0.585346 -2.99447 6
-0.889702 -3.12489 6

2.35441 -2.19542 6
2.76016 -2.01777 7
2.57136 -2.3572 6

3.11902 -1.38858 5
3.01091 -1.03894 6
3.38573 -1.20945 6

2.34104 2.19812 6
2.05556 2.34168 6
2.4754 2.48395 6

0.11639 3.21868 6
-0.211958 3.46789 6
0.0980887 3.56306 0

2.82279 0.712074 6
2.78478 1.03499 5
3.09278 1.03658 7

2.4795 1.48992 6
2.36339 1.78377 6
2.7723 1.67948 7

-0.867772 2.85697 6
-1.23612 2.68422 7
-1.14216 3.04027 6

-1.66323 -2.74913 5
-1.53997 -3.04481 7
-1.96507 -2.88102 6

-3.17478 -0.785732 6
-2.81882 -0.938777 6
-3.09041 -1.14755 6

3.09934 -0.205045 6
3.1025 0.140285 5
3.39451 -0.0125896 6

-2.19467 2.51753 6
-2.34529 2.21788 5
-2.55529 2.46965 7

-3.09041 -1.14755 6
-2.76237 -1.25529 6
-3.12862 -1.45909 6

-0.200505 3.14067 6
-0.514421 3.00839 6
-0.525948 3.33842 6

1.25724 3.20779 6
0.996373 2.9836 6
0.979272 3.37609 6

-2.57467 1.69817 6
-2.60023 1.30752 6
-2.85587 1.56315 6

-3.45158 -0.639976 6
-3.17478 -0.785732 6
-3.39985 -1.0027 6

1.58959 -2.85489 6
1.88095 -2.99286 5
1.60757 -3.21744 7

2.7723 1.67948 7
2.87379 2.00798 5
3.10345 1.7394 6

2.36339 1.78377 6
2.34104 2.19812 6
2.57804 2.00307 5

-1.35318 -2.6455 7
-1.2339 -2.94562 5
-1.53997 -3.04481 7

-3.45719 -0.281642 5
-3.17478 -0.436518 7
-3.45158 -0.639976 6

1.58959 -2.85489 6
1.63463 -2.51854 6
1.93911 -2.66745 6

-2.85587 1.56315 6
-3.17155 1.47264 5
-3.20162 1.79188 6

-3.12862 -1.45909 6
-2.83526 -1.58804 5
-2.99584 -1.86078 7

-2.43199 -2.58603 6
-2.06622 -2.55186 7
-2.26516 -2.85763 6

-0.831442 3.19333 6
-1.14216 3.04027 6
-1.16975 3.37523 6

-2.03576 -2.23351 6
-1.7353 -2.44759 6
-2.06622 -2.55186 7

1.95004 -2.32968 7
2.35441 -2.19542 6
2.24823 -2.53293 6

0.0851691 -3.08241 6
0.390728 -2.90761 6
0.392959 -3.26172 6

1.63463 -2.51854 6
1.95004 -2.32968 7
1.93911 -2.66745 6

1.00059 -2.8958 6
1.29861 -2.70152 6
1.3028 -3.05674 6

-2.30871 -1.96689 6
-2.03576 -2.23351 6
-2.37831 -2.27544 6

-1.86324 2.47538 6
-2.03226 2.16587 6
-2.19467 2.51753 6

-2.81882 -0.938777 6
-2.76237 -1.25529 6
-3.09041 -1.14755 6

0.392959 -3.26172 6
0.689347 -3.44136 6
0.412976 -3.62089 0

3.1025 0.140285 5
3.34008 0.366453 7
3.39451 -0.0125896 6

-0.514421 3.00839 6
-0.867772 2.85697 6
-0.831442 3.19333 6

-1.67044 2.72919 6
-1.86324 2.47538 6
-1.9991 2.82238 6

-2.28448 1.86112 7
-2.57467 1.69817 6
-2.60541 2.04819 6

-2.19467 2.51753 6
-2.55529 2.46965 7
-2.33274 2.81556 6

-3.2926 0.657038 5
-2.98604 0.556914 7
-3.36089 0.334334 7

-3.17478 0.960339 6
-2.98604 0.556914 7
-3.2926 0.657038 5

-0.585346 -2.99447 6
-0.24752 -3.19548 6
-0.555442 -3.32016 6

3.37274 0.881518 5
3.09278 1.03658 7
3.42263 1.20738 6

-0.831442 3.19333 6
-1.16975 3.37523 6
-0.866444 3.52468 0

-2.57467 1.69817 6
-2.85587 1.56315 6
-2.89425 1.9109 6

-3.33213 1.20853 6
-3.17478 0.960339 6
-3.55141 0.899974 7

-2.98604 0.556914 7
-3.05817 0.225975 5
-3.36089 0.334334 7

2.2165 -2.89611 7
2.24823 -2.53293 6
2.52073 -2.74512 6

2.81168 1.36092 6
2.7723 1.67948 7
3.12512 1.39271 6

-1.53997 -3.04481 7
-1.2339 -2.94562 5
-1.19114 -3.2736 6

-2.37831 -2.27544 6
-2.43199 -2.58603 6
-2.72298 -2.39522 6

-3.39985 -1.0027 6
-3.09041 -1.14755 6
-3.47721 -1.30955 7

-2.85587 1.56315 6
-2.91605 1.21912 7
-3.17155 1.47264 5

3.14056 0.643873 6
3.09278 1.03658 7
3.37274 0.881518 5

0.979272 3.37609 6
0.718288 3.16974 6
0.689347 3.54292 0

-0.866444 -3.4596 6
-0.555442 -3.32016 6
-0.525948 -3.64587 0

0.685313 -3.07561 6
1.00059 -2.8958 6
0.971692 -3.24 6

1.88095 -2.99286 5
1.93911 -2.66745 6
2.2165 -2.89611 7

3.28993 -0.879609 6
3.54479 -0.690858 6
3.64577 -1.05789 6

0.689347 3.54292 0
0.412976 3.36339 6
0.392959 3.72257 0

0.43918 3.01167 6
0.11639 3.21868 6
0.412976 3.36339 6

-2.69136 -2.06711 6
-2.72298 -2.39522 6
-3.00701 -2.208 6

-2.57723 -1.77509 6
-2.30871 -1.96689 6
-2.69136 -2.06711 6

2.83151 -1.34338 7
3.01091 -1.03894 6
3.11902 -1.38858 5

3.19077 -0.538947 6
3.44943 -0.354619 6
3.54479 -0.690858 6

3.01091 -1.03894 6
2.92989 -0.700513 6
3.28993 -0.879609 6

3.11902 -1.38858 5
3.38573 -1.20945 6
3.34995 -1.58902 6

-2.76237 -1.25529 6
-2.83526 -1.58804 5
-3.12862 -1.45909 6

-0.24752 -3.19548 6
0.0851691 -3.08241 6
0.0980887 -3.42123 6

2.24823 -2.53293 6
2.35441 -2.19542 6
2.57136 -2.3572 6

2.7723 1.67948 7
2.57804 2.00307 5
2.87379 2.00798 5

3.42263 1.20738 6
3.12512 1.39271 6
3.4191 1.54898 6

2.45868 -1.8706 6
2.722 -1.66027 5
2.76016 -2.01777 7

3.19077 -0.538947 6
3.09934 -0.205045 6
3.44943 -0.354619 6

1.52087 3.41473 5
1.25724 3.20779 6
1.25845 3.59425 0

-1.2339 -2.94562 5
-0.889702 -3.12489 6
-1.19114 -3.2736 6

0.392959 -3.26172 6
0.685313 -3.07561 6
0.689347 -3.44136 6

1.7722 2.48151 7
1.67146 2.77119 5
1.9665 2.88102 6

2.05556 2.34168 6
1.7722 2.48151 7
2.16922 2.64787 6

1.3293 2.88123 6
0.996373 2.9836 6
1.25724 3.20779 6

3.39451 -0.0125896 6
3.66166 0.16628 6
3.71922 -0.174295 6

-3.18927 -0.0772746 6
-3.17478 -0.436518 7
-3.45719 -0.281642 5

-1.96507 -2.88102 6
-1.80938 -3.21805 6
-2.12949 -3.19047 5

-0.525948 3.33842 6
-0.866444 3.52468 0
-0.555442 3.66412 0

-1.48498 3.25704 6
-1.45476 2.93951 5
-1.80903 3.08941 6

-3.55141 0.899974 7
-3.2926 0.657038 5
-3.62615 0.554891 5

3.02462 -1.74874 6
3.34995 -1.58902 6
3.17622 -2.00798 7

-2.34529 2.21788 5
-2.60541 2.04819 6
-2.55529 2.46965 7

-2.55529 2.46965 7
-2.60541 2.04819 6
-2.84711 2.28258 6

-3.36089 0.334334 7
-3.18927 -0.0772746 6
-3.50943 0.0490953 6

-3.47721 -1.30955 7
-3.12862 -1.45909 6
-3.34092 -1.67523 6

2.52073 -2.74512 6
2.57136 -2.3572 6
2.79154 -2.61696 5

0.11639 3.21868 6
-0.200505 3.14067 6
-0.211958 3.46789 6

-3.45719 -0.281642 5
-3.45158 -0.639976 6
-3.7638 -0.320632 7

0.0980887 -3.42123 6
0.412976 -3.62089 0
0.11639 -3.7656 0

3.01091 -1.03894 6
3.28993 -0.879609 6
3.38573 -1.20945 6

3.66166 0.16628 6
3.34008 0.366453 7
3.78107 0.436518 5

3.12512 1.39271 6
2.7723 1.67948 7
3.10345 1.7394 6

-2.06622 -2.55186 7
-1.66323 -2.74913 5
-1.96507 -2.88102 6

2.4754 2.48395 6
2.16922 2.64787 6
2.47988 2.81171 6

0.996373 2.9836 6
0.718288 3.16974 6
0.979272 3.37609 6

1.25845 3.59425 0
0.979272 3.37609 6
0.971692 3.74428 0

0.971692 -3.24 6
1.25845 -3.39003 6
0.979272 -3.6082 0

2.722 -1.66027 5
2.83151 -1.34338 7
3.02462 -1.74874 6

-0.889702 -3.12489 6
-0.555442 -3.32016 6
-0.866444 -3.4596 6

2.4754 2.48395 6
2.47988 2.81171 6
2.80811 2.62551 6

1.67146 2.77119 5
1.3293 2.88123 6
1.61532 3.09825 7

-3.20162 1.79188 6
-3.17155 1.47264 5
-3.50945 1.60943 7

3.37274 0.881518 5
3.42263 1.20738 6
3.70933 0.936128 6

1.3028 -3.05674 6
1.58959 -2.85489 6
1.60757 -3.21744 7

2.87379 2.00798 5
2.57804 2.00307 5
2.78677 2.31705 7

2.34104 2.19812 6
2.4754 2.48395 6
2.78677 2.31705 7

-0.555442 3.66412 0
-0.889702 3.85939 0
-0.585346 3.98981 0

-1.80938 -3.21805 6
-1.53997 -3.04481 7
-1.49447 -3.38656 6

1.58959 -2.85489 6
1.93911 -2.66745 6
1.88095 -2.99286 5

-2.91605 1.21912 7
-3.17478 0.960339 6
-3.33213 1.20853 6

-3.62615 0.554891 5
-3.36089 0.334334 7
-3.77964 0.261911 7

-3.17478 -0.436518 7
-3.17478 -0.785732 6
-3.45158 -0.639976 6

-0.555442 -3.32016 6
-0.24752 -3.19548 6
-0.211958 -3.51639 0

1.61532 3.09825 7
1.52087 3.41473 5
1.82696 3.4869 6

0.412976 3.36339 6
0.11639 3.21868 6
0.0980887 3.56306 0

-3.17478 -0.785732 6
-3.09041 -1.14755 6
-3.39985 -1.0027 6

3.02462 -1.74874 6
3.11902 -1.38858 5
3.34995 -1.58902 6

-1.9991 2.82238 6
-2.33274 2.81556 6
-2.16628 3.12945 7

-2.83526 -1.58804 5
-2.57723 -1.77509 6
-2.99584 -1.86078 7

-0.211958 -3.51639 0
0.11639 -3.7656 0
-0.200505 -3.84361 0

1.3028 -3.05674 6
1.60757 -3.21744 7
1.25845 -3.39003 6

2.87379 2.00798 5
2.78677 2.31705 7
3.14159 2.1853 6

-3.17478 0.960339 6
-3.2926 0.657038 5
-3.55141 0.899974 7

-3.50943 0.0490953 6
-3.45719 -0.281642 5
-3.7638 -0.320632 7

-3.34092 -1.67523 6
-2.99584 -1.86078 7
-3.29411 -2.01021 6

-2.37831 -2.27544 6
-2.06622 -2.55186 7
-2.43199 -2.58603 6

3.44943 -0.354619 6
3.71922 -0.174295 6
3.80906 -0.496762 6

-2.89425 1.9109 6
-3.20162 1.79188 6
-3.16863 2.12974 6

-1.80903 3.08941 6
-2.16628 3.12945 7
-1.79247 3.41438 6

0.689347 -3.44136 6
0.979272 -3.6082 0
0.718288 -3.81454 0

2.57804 2.00307 5
2.34104 2.19812 6
2.78677 2.31705 7

-0.211958 3.46789 6
-0.555442 3.66412 0
-0.24752 3.7888 0

-1.16975 3.37523 6
-1.14216 3.04027 6
-1.48498 3.25704 6

-1.16975 -3.60905 0
-0.866444 -3.4596 6
-0.831442 -3.79095 0

-1.49447 -3.38656 6
-1.19114 -3.2736 6
-1.16975 -3.60905 0

-1.16975 3.37523 6
-1.49447 3.59772 0
-1.19114 3.71068 0

-3.33213 1.20853 6
-3.55141 0.899974 7
-3.62379 1.287 5

-1.14216 3.04027 6
-1.45476 2.93951 5
-1.48498 3.25704 6

0.0980887 3.56306 0
-0.24752 3.7888 0
0.0851691 3.90187 0

-1.45476 2.93951 5
-1.67044 2.72919 6
-1.80903 3.08941 6

-3.09041 -1.14755 6
-3.12862 -1.45909 6
-3.47721 -1.30955 7

3.34008 0.366453 7
3.54852 0.620507 6
3.78107 0.436518 5

3.10345 1.7394 6
3.14159 2.1853 6
3.37946 1.90039 6

-2.69136 -2.06711 6
-2.37831 -2.27544 6
-2.72298 -2.39522 6

1.88095 -2.99286 5
2.2165 -2.89611 7
2.03018 -3.2635 6

2.57136 -2.3572 6
2.76016 -2.01777 7
2.93565 -2.26683 6

3.34008 0.366453 7
3.14056 0.643873 6
3.54852 0.620507 6

0.718288 3.16974 6
0.412976 3.36339 6
0.689347 3.54292 0

-0.525948 3.33842 6
-0.831442 3.19333 6
-0.866444 3.52468 0

1.25845 -3.39003 6
1.52087 -3.56956 0
1.25724 -3.7765 0

3.28993 -0.879609 6
3.19077 -0.538947 6
3.54479 -0.690858 6

0.971692 -3.24 6
1.3028 -3.05674 6
1.25845 -3.39003 6

2.2165 -2.89611 7
2.57136 -3.05562 6
2.33712 -3.23973 6

3.39451 -0.0125896 6
3.34008 0.366453 7
3.66166 0.16628 6

1.9665 2.88102 6
1.61532 3.09825 7
1.94667 3.18773 5

0.971692 3.74428 0
0.689347 3.54292 0
0.685313 3.90867 0

-2.77935 -2.71889 6
-2.43199 -2.58603 6
-2.55374 -2.96896 6

0.0980887 -3.42123 6
0.392959 -3.26172 6
0.412976 -3.62089 0

3.09278 1.03658 7
3.12512 1.39271 6
3.42263 1.20738 6

-0.866444 3.52468 0
-1.19114 3.71068 0
-0.889702 3.85939 0

-2.60541 2.04819 6
-2.89425 1.9109 6
-2.84711 2.28258 6

-3.74165 -0.668515 6
-3.39985 -1.0027 6
-3.71392 -1.04476 5

0.689347 -3.44136 6
0.971692 -3.24 6
0.979272 -3.6082 0

-2.84711 2.28258 6
-2.89425 1.9109 6
-3.16863 2.12974 6

-2.06622 -2.55186 7
-1.96507 -2.88102 6
-2.26516 -2.85763 6

1.93911 -2.66745 6
2.24823 -2.53293 6
2.2165 -2.89611 7

3.54479 -0.690858 6
3.80906 -0.496762 6
3.86904 -0.856424 6

3.99572 -0.0173297 0
3.66166 0.16628 6
4.0835 0.261911 0

-2.33274 2.81556 6
-2.55529 2.46965 7
-2.67634 2.76829 5

-1.9991 2.82238 6
-2.19467 2.51753 6
-2.33274 2.81556 6

-0.831442 -3.79095 0
-0.525948 -3.64587 0
-0.514421 -3.9759 0

-3.2926 0.657038 5
-3.36089 0.334334 7
-3.62615 0.554891 5

-3.77964 0.261911 7
-3.50943 0.0490953 6
-3.86742 -0.0173297 5

0.412976 -3.62089 0
0.718288 -3.81454 0
0.43918 -3.97262 0

1.9665 2.88102 6
1.94667 3.18773 5
2.28553 3.05973 7

-3.55141 0.899974 7
-3.89264 0.715578 7
-3.84874 1.06236 6

-2.26516 -2.85763 6
-1.96507 -2.88102 6
-2.12949 -3.19047 5

-2.33274 2.81556 6
-2.67634 2.76829 5
-2.56992 3.05562 6

-2.89425 1.9109 6
-2.85587 1.56315 6
-3.20162 1.79188 6

-2.55374 -2.96896 6
-2.26516 -2.85763 6
-2.43305 -3.28285 6

-0.555442 -3.32016 6
-0.211958 -3.51639 0
-0.525948 -3.64587 0

3.70933 0.936128 6
3.42263 1.20738 6
3.73154 1.29068 6

-1.96507 -2.88102 6
-1.53997 -3.04481 7
-1.80938 -3.21805 6

-1.53997 -3.04481 7
-1.19114 -3.2736 6
-1.49447 -3.38656 6

-2.72298 -2.39522 6
-2.77935 -2.71889 6
-3.06986 -2.55589 6

-3.7638 -0.320632 7
-3.45158 -0.639976 6
-3.74165 -0.668515 6

-0.211958 3.46789 6
-0.525948 3.33842 6
-0.555442 3.66412 0

3.47864 -1.83337 6
3.34995 -1.58902 6
3.65503 -1.45334 6

3.38573 -1.20945 6
3.64577 -1.05789 6
3.65503 -1.45334 6

3.54852 0.620507 6
3.70933 0.936128 6
3.9705 0.715578 0

2.93565 -2.26683 6
2.76016 -2.01777 7
3.17622 -2.00798 7

0.0980887 3.56306 0
-0.211958 3.46789 6
-0.24752 3.7888 0

-3.47721 -1.30955 7
-3.69923 -1.51344 5
-3.93919 -1.2742 0

2.24823 -2.53293 6
2.57136 -2.3572 6
2.52073 -2.74512 6

3.44943 -0.354619 6
3.39451 -0.0125896 6
3.71922 -0.174295 6

-1.79247 -3.56991 0
-1.49447 -3.38656 6
-1.48498 -3.72725 0

2.79154 -2.61696 5
2.93565 -2.26683 6
3.12413 -2.53234 5

-3.62615 0.554891 5
-3.77964 0.261911 7
-3.89264 0.715578 7

-2.99584 -1.86078 7
-2.69136 -2.06711 6
-3.00701 -2.208 6

2.16922 2.64787 6
1.9665 2.88102 6
2.28553 3.05973 7

2.78677 2.31705 7
2.80811 2.62551 6
3.12012 2.52739 6

-3.12862 -1.45909 6
-2.99584 -1.86078 7
-3.34092 -1.67523 6

-1.19114 -3.2736 6
-0.866444 -3.4596 6
-1.16975 -3.60905 0

2.47988 2.81171 6
2.16922 2.64787 6
2.28553 3.05973 7

1.61532 3.09825 7
1.25724 3.20779 6
1.52087 3.41473 5

1.60757 -3.21744 7
1.88095 -2.99286 5
2.03018 -3.2635 6

2.57136 -3.05562 6
2.52073 -2.74512 6
2.98436 -2.85354 7

1.82696 3.4869 6
1.52087 3.41473 5
1.60757 3.76684 0

0.412976 3.36339 6
0.0980887 3.56306 0
0.392959 3.72257 0

1.25845 -3.39003 6
1.60757 -3.21744 7
1.52087 -3.56956 0

3.71922 -0.174295 6
3.99572 -0.0173297 0
4.09934 -0.320632 0

-4.05407 -0.496762 0
-3.74165 -0.668515 6
-3.9941 -0.856424 0

3.12512 1.39271 6
3.10345 1.7394 6
3.4191 1.54898 6

-3.20162 1.79188 6
-3.50945 1.60943 7
-3.49975 1.95651 6

2.76016 -2.01777 7
3.02462 -1.74874 6
3.17622 -2.00798 7

-1.80903 3.08941 6
-1.9991 2.82238 6
-2.16628 3.12945 7

-0.211958 -3.51639 0
0.0980887 -3.42123 6
0.11639 -3.7656 0

-2.93588 2.61079 6
-2.84711 2.28258 6
-3.20731 2.45046 6

-3.45158 -0.639976 6
-3.39985 -1.0027 6
-3.74165 -0.668515 6

-0.525948 -3.64587 0
-0.211958 -3.51639 0
-0.200505 -3.84361 0

-3.36089 0.334334 7
-3.50943 0.0490953 6
-3.77964 0.261911 7

-1.80938 -3.21805 6
-1.79247 -3.56991 0
-2.10007 -3.52415 0

3.38573 -1.20945 6
3.28993 -0.879609 6
3.64577 -1.05789 6

3.33668 -2.29385 6
3.17622 -2.00798 7
3.60757 -2.12161 6

0.392959 3.72257 0
0.0851691 3.90187 0
0.685313 3.90867 0

2.80811 2.62551 6
2.47988 2.81171 6
2.83778 2.92801 5

-3.89264 0.715578 7
-3.77964 0.261911 7
-4.08206 0.436518 0

-3.39985 -1.0027 6
-3.47721 -1.30955 7
-3.71392 -1.04476 5

-2.10007 3.46014 6
-2.16628 3.12945 7
-2.4151 3.36782 6

1.94667 3.18773 5
1.82696 3.4869 6
2.2066 3.39835 6

-1.48498 3.25704 6
-1.79247 3.41438 6
-1.49447 3.59772 0

3.78107 0.436518 5
3.9705 0.715578 0
4.0835 0.261911 0

3.73154 1.29068 6
3.4191 1.54898 6
3.70924 1.66417 6

1.25724 3.20779 6
0.979272 3.37609 6
1.25845 3.59425 0

1.60757 3.76684 0
1.25845 3.59425 0
1.3028 3.92754 0

0.0851691 3.90187 0
-0.24752 3.7888 0
-0.585346 3.98981 0

-3.69923 -1.51344 5
-3.34092 -1.67523 6
-3.63474 -1.82963 6

3.64577 -1.05789 6
3.86904 -0.856424 6
3.92394 -1.2742 7

2.28553 3.05973 7
1.94667 3.18773 5
2.2066 3.39835 6

-3.33213 1.20853 6
-3.62379 1.287 5
-3.50945 1.60943 7

3.54852 0.620507 6
3.37274 0.881518 5
3.70933 0.936128 6

-1.48498 -3.72725 0
-1.16975 -3.60905 0
-1.14216 -3.94401 0

2.57136 -2.3572 6
2.93565 -2.26683 6
2.79154 -2.61696 5

3.42263 1.20738 6
3.4191 1.54898 6
3.73154 1.29068 6

3.10345 1.7394 6
2.87379 2.00798 5
3.14159 2.1853 6

-3.00701 -2.208 6
-3.06986 -2.55589 6
-3.32422 -2.36652 6

1.60757 -3.21744 7
2.03018 -3.2635 6
1.82696 -3.49738 0

3.54479 -0.690858 6
3.44943 -0.354619 6
3.80906 -0.496762 6

2.78677 2.31705 7
2.4754 2.48395 6
2.80811 2.62551 6

-2.55529 2.46965 7
-2.84711 2.28258 6
-2.93588 2.61079 6

1.52087 -3.56956 0
1.60757 -3.21744 7
1.82696 -3.49738 0

0.971692 3.74428 0
0.685313 3.90867 0
1.3028 3.92754 0

3.14159 2.1853 6
3.12012 2.52739 6
3.44564 2.23461 6

-3.20731 2.45046 6
-3.16863 2.12974 6
-3.50597 2.2849 6

-2.43305 -3.28285 6
-2.12949 -3.19047 5
-2.10007 -3.52415 0

-0.200505 -3.84361 0
0.11639 -3.7656 0
0.43918 -3.97262 0

-0.831442 -3.79095 0
-0.514421 -3.9759 0
-1.14216 -3.94401 0

-1.16975 3.37523 6
-1.48498 3.25704 6
-1.49447 3.59772 0

-2.67634 2.76829 5
-2.55529 2.46965 7
-2.93588 2.61079 6

-3.86742 -0.0173297 5
-4.14392 -0.174295 0
-4.20148 0.16628 0

-1.48498 3.25704 6
-1.80903 3.08941 6
-1.79247 3.41438 6

-3.62379 1.287 5
-3.84874 1.06236 6
-3.86901 1.48201 6

-3.50943 0.0490953 6
-3.7638 -0.320632 7
-3.86742 -0.0173297 5

-2.99584 -1.86078 7
-3.00701 -2.208 6
-3.29411 -2.01021 6

3.64577 -1.05789 6
3.54479 -0.690858 6
3.86904 -0.856424 6

3.14159 2.1853 6
2.78677 2.31705 7
3.12012 2.52739 6

-3.17155 1.47264 5
-3.33213 1.20853 6
-3.50945 1.60943 7

-3.7638 -0.320632 7
-4.05407 -0.496762 0
-4.14392 -0.174295 0

0.979272 3.37609 6
0.689347 3.54292 0
0.971692 3.74428 0

0.979272 -3.6082 0
1.25724 -3.7765 0
0.996373 -4.00068 0

-1.79247 3.41438 6
-2.10007 3.46014 6
-1.80938 3.76623 0

0.43918 -3.97262 0
0.718288 -3.81454 0
0.996373 -4.00068 0

3.4191 1.54898 6
3.10345 1.7394 6
3.37946 1.90039 6

-2.77935 -2.71889 6
-2.87235 -3.05562 5
-3.14811 -2.8635 6

3.17622 -2.00798 7
3.34995 -1.58902 6
3.47864 -1.83337 6

-3.93919 -1.2742 0
-3.69923 -1.51344 5
-3.99806 -1.67698 0

-0.866444 -3.4596 6
-0.525948 -3.64587 0
-0.831442 -3.79095 0

0.412976 -3.62089 0
0.689347 -3.44136 6
0.718288 -3.81454 0

-0.200505 -3.84361 0
0.43918 -3.97262 0
-0.514421 -3.9759 0

-1.79247 3.41438 6
-2.16628 3.12945 7
-2.10007 3.46014 6

-2.72298 -2.39522 6
-2.43199 -2.58603 6
-2.77935 -2.71889 6

-2.26516 -2.85763 6
-2.12949 -3.19047 5
-2.43305 -3.28285 6

-3.50945 1.60943 7
-3.86901 1.48201 6
-3.81553 1.80291 6

-0.555442 3.66412 0
-0.866444 3.52468 0
-0.889702 3.85939 0

-0.866444 3.52468 0
-1.16975 3.37523 6
-1.19114 3.71068 0

-2.43199 -2.58603 6
-2.26516 -2.85763 6
-2.55374 -2.96896 6

0.392959 3.72257 0
0.0980887 3.56306 0
0.0851691 3.90187 0

-3.00701 -2.208 6
-2.72298 -2.39522 6
-3.06986 -2.55589 6

2.79154 -2.61696 5
3.12413 -2.53234 5
2.98436 -2.85354 7

3.17622 -2.00798 7
3.47864 -1.83337 6
3.60757 -2.12161 6

-2.56992 3.05562 6
-2.67634 2.76829 5
-2.93502 3.03433 7

1.25724 -3.7765 0
1.52087 -3.56956 0
1.61532 -3.88604 0

3.37946 1.90039 6
3.44564 2.23461 6
3.71723 1.98441 6

3.34995 -1.58902 6
3.38573 -1.20945 6
3.65503 -1.45334 6

3.65503 -1.45334 6
3.92394 -1.2742 7
3.86507 -1.67698 6

0.685313 3.90867 0
0.0851691 3.90187 0
-0.585346 3.98981 0

1.94667 3.18773 5
1.61532 3.09825 7
1.82696 3.4869 6

2.2165 -2.89611 7
2.52073 -2.74512 6
2.57136 -3.05562 6

2.03018 -3.2635 6
2.33712 -3.23973 6
2.2066 -3.58594 0

3.9705 0.715578 0
3.70933 0.936128 6
4.0144 1.06236 0

1.82696 3.4869 6
1.60757 3.76684 0
2.03018 3.72078 0

-2.93502 3.03433 7
-2.93588 2.61079 6
-3.19251 2.83383 6

-3.55141 0.899974 7
-3.62615 0.554891 5
-3.89264 0.715578 7

3.71922 -0.174295 6
3.66166 0.16628 6
3.99572 -0.0173297 0

-0.889702 3.85939 0
-1.19114 3.71068 0
-1.53997 3.93947 0

0.979272 -3.6082 0
1.25845 -3.39003 6
1.25724 -3.7765 0

3.80906 -0.496762 6
4.09934 -0.320632 0
4.12149 -0.668515 0

0.689347 3.54292 0
0.392959 3.72257 0
0.685313 3.90867 0

-0.24752 3.7888 0
-0.555442 3.66412 0
-0.585346 3.98981 0

0.996373 -4.00068 0
1.25724 -3.7765 0
1.61532 -3.88604 0

1.82696 -3.49738 0
2.2066 -3.58594 0
1.94667 -3.79656 0

2.80811 2.62551 6
2.83778 2.92801 5
3.17622 2.88102 6

-2.16628 3.12945 7
-2.33274 2.81556 6
-2.56992 3.05562 6

-3.62379 1.287 5
-3.55141 0.899974 7
-3.84874 1.06236 6

-3.29411 -2.01021 6
-3.32422 -2.36652 6
-3.61264 -2.14628 6

0.718288 -3.81454 0
0.979272 -3.6082 0
0.996373 -4.00068 0

3.86904 -0.856424 6
4.12149 -0.668515 0
4.14922 -1.04476 0

-3.06986 -2.55589 6
-3.14811 -2.8635 6
-3.47721 -2.70641 6

-3.9941 -0.856424 0
-3.71392 -1.04476 5
-3.93919 -1.2742 0

-1.80938 -3.21805 6
-1.49447 -3.38656 6
-1.79247 -3.56991 0

2.98436 -2.85354 7
3.12413 -2.53234 5
3.35225 -2.74637 6

2.03018 -3.2635 6
2.2165 -2.89611 7
2.33712 -3.23973 6

2.33712 -3.23973 6
2.76692 -3.28767 6
2.52466 -3.53126 0

4.0144 1.06236 0
3.73154 1.29068 6
3.99412 1.48201 0

-0.525948 -3.64587 0
-0.200505 -3.84361 0
-0.514421 -3.9759 0

-3.47721 -1.30955 7
-3.34092 -1.67523 6
-3.69923 -1.51344 5

0.11639 -3.7656 0
0.412976 -3.62089 0
0.43918 -3.97262 0

3.12012 2.52739 6
3.17622 2.88102 6
3.4311 2.58134 6

-3.34092 -1.67523 6
-3.29411 -2.01021 6
-3.63474 -1.82963 6

-1.79247 -3.56991 0
-1.80903 -3.89487 0
-2.16628 -3.85483 0

-3.16863 2.12974 6
-3.20162 1.79188 6
-3.49975 1.95651 6

-2.56992 3.05562 6
-2.93502 3.03433 7
-2.75846 3.32003 5

-3.49975 1.95651 6
-3.81553 1.80291 6
-3.82403 2.12745 6

-1.49447 -3.38656 6
-1.16975 -3.60905 0
-1.48498 -3.72725 0

-0.514421 -3.9759 0
0.996373 -4.00068 0
-3.49435 -3.99267 0

3.66166 0.16628 6
3.78107 0.436518 5
4.0835 0.261911 0

1.3028 3.92754 0
0.685313 3.90867 0
1.88095 3.99142 0

2.52466 3.45303 6
2.2066 3.39835 6
2.33712 3.74455 0

3.12413 -2.53234 5
2.93565 -2.26683 6
3.33668 -2.29385 6

-0.585346 3.98981 0
-0.889702 3.85939 0
-1.53997 3.93947 0

-3.84874 1.06236 6
-4.15381 0.936128 0
-4.13159 1.29068 0

1.88095 3.99142 0
-0.585346 3.98981 0
-2.55374 4.01532 0

3.78107 0.436518 5
3.54852 0.620507 6
3.9705 0.715578 0

-2.84711 2.28258 6
-3.16863 2.12974 6
-3.20731 2.45046 6

-3.99806 -1.67698 0
-3.63474 -1.82963 6
-3.95519 -1.97199 0

2.52073 -2.74512 6
2.79154 -2.61696 5
2.98436 -2.85354 7

-1.49447 3.59772 0
-1.80938 3.76623 0
-1.53997 3.93947 0

-4.15381 0.936128 0
-3.89264 0.715578 7
-4.31462 0.620507 0

2.93565 -2.26683 6
3.17622 -2.00798 7
3.33668 -2.29385 6

4.23698 0.554891 0
3.9705 0.715578 0
4.31172 0.899974 0

2.61894 3.15396 6
2.28553 3.05973 7
2.52466 3.45303 6

3.35225 -2.74637 6
3.33668 -2.29385 6
3.59778 -2.49673 6

3.4191 1.54898 6
3.37946 1.90039 6
3.70924 1.66417 6

3.86904 -0.856424 6
3.80906 -0.496762 6
4.12149 -0.668515 0

-1.48498 -3.72725 0
-1.14216 -3.94401 0
-1.80903 -3.89487 0

3.99412 1.48201 0
3.70924 1.66417 6
4.04761 1.80291 0

2.83778 2.92801 5
2.47988 2.81171 6
2.61894 3.15396 6

-3.19251 2.83383 6
-3.20731 2.45046 6
-3.48304 2.64084 6

-3.29411 -2.01021 6
-3.00701 -2.208 6
-3.32422 -2.36652 6

-1.80938 3.76623 0
-2.10007 3.46014 6
-2.12949 3.79382 0

-3.7638 -0.320632 7
-3.74165 -0.668515 6
-4.05407 -0.496762 0

-3.74165 -0.668515 6
-3.71392 -1.04476 5
-3.9941 -0.856424 0

4.0835 0.261911 0
4.23698 0.554891 0
4.35371 0.0490953 0

-2.55374 -2.96896 6
-2.43305 -3.28285 6
-2.75089 -3.34295 7

-2.87235 -3.05562 5
-2.55374 -2.96896 6
-2.75089 -3.34295 7

4.09934 -0.320632 0
3.99572 -0.0173297 0
4.35371 0.0490953 0

3.44564 2.23461 6
3.4311 2.58134 6
3.75153 2.32964 6

1.52087 3.41473 5
1.25845 3.59425 0
1.60757 3.76684 0

-3.32422 -2.36652 6
-3.47721 -2.70641 6
-3.66229 -2.46824 6

-3.71392 -1.04476 5
-3.47721 -1.30955 7
-3.93919 -1.2742 0

2.47988 2.81171 6
2.28553 3.05973 7
2.61894 3.15396 6

-4.08206 0.436518 0
-3.77964 0.261911 7
-4.20148 0.16628 0

-2.12949 -3.19047 5
-1.80938 -3.21805 6
-2.10007 -3.52415 0

1.25845 3.59425 0
0.971692 3.74428 0
1.3028 3.92754 0

-3.86742 -0.0173297 5
-3.7638 -0.320632 7
-4.14392 -0.174295 0

-2.77935 -2.71889 6
-2.55374 -2.96896 6
-2.87235 -3.05562 5

-1.16975 -3.60905 0
-0.831442 -3.79095 0
-1.14216 -3.94401 0

3.37946 1.90039 6
3.14159 2.1853 6
3.44564 2.23461 6

3.12012 2.52739 6
2.80811 2.62551 6
3.17622 2.88102 6

-3.9941 -0.856424 0
-4.21737 -1.05789 0
-4.31835 -0.690858 0

3.80906 -0.496762 6
3.71922 -0.174295 6
4.09934 -0.320632 0

4.16391 -1.51344 0
3.92394 -1.2742 7
4.38593 -1.30955 0

-0.514421 -3.9759 0
0.43918 -3.97262 0
0.996373 -4.00068 0

3.65503 -1.45334 6
3.64577 -1.05789 6
3.92394 -1.2742 7

3.70933 0.936128 6
3.73154 1.29068 6
4.0144 1.06236 0

-3.86901 1.48201 6
-4.13159 1.29068 0
-4.1539 1.66417 0

2.76692 -3.28767 6
2.57136 -3.05562 6
3.03378 -3.12842 5

2.03018 3.72078 0
1.60757 3.76684 0
1.88095 3.99142 0

-4.08206 0.436518 0
-4.20148 0.16628 0
-4.31462 0.620507 0

-2.87235 -3.05562 5
-2.75089 -3.34295 7
-3.17478 -3.23023 6

-3.06986 -2.55589 6
-2.77935 -2.71889 6
-3.14811 -2.8635 6

-4.21737 -1.05789 0
-3.93919 -1.2742 0
-4.20811 -1.45334 0

-3.50945 1.60943 7
-3.62379 1.287 5
-3.86901 1.48201 6

1.52087 -3.56956 0
1.82696 -3.49738 0
1.61532 -3.88604 0

-2.16628 3.12945 7
-2.56992 3.05562 6
-2.4151 3.36782 6

-4.05407 -0.496762 0
-4.31835 -0.690858 0
-4.41371 -0.354619 0

3.0877 3.17244 7
2.61894 3.15396 6
2.88681 3.39614 5

2.2066 -3.58594 0
2.52466 -3.53126 0
2.28553 -3.92455 0

4.14922 -1.04476 0
4.12149 -0.668515 0
4.41156 -0.639976 0

-1.49447 3.59772 0
-1.79247 3.41438 6
-1.80938 3.76623 0

4.09934 -0.320632 0
4.35371 0.0490953 0
4.40594 -0.281642 0

1.60757 3.76684 0
1.3028 3.92754 0
1.88095 3.99142 0

-2.43305 3.70144 0
-2.4151 3.36782 6
-2.75089 3.64133 0

-3.16863 2.12974 6
-3.49975 1.95651 6
-3.50597 2.2849 6

-3.77964 0.261911 7
-3.86742 -0.0173297 5
-4.20148 0.16628 0

3.47864 -1.83337 6
3.86507 -1.67698 6
3.90795 -1.97199 6

2.33712 -3.23973 6
2.57136 -3.05562 6
2.76692 -3.28767 6

-3.69923 -1.51344 5
-3.63474 -1.82963 6
-3.99806 -1.67698 0

-2.4151 -3.61646 0
-2.10007 -3.52415 0
-2.16628 -3.85483 0

-3.50597 2.2849 6
-3.82403 2.12745 6
-3.80162 2.47087 6

-3.63474 -1.82963 6
-3.29411 -2.01021 6
-3.61264 -2.14628 6

2.03018 3.72078 0
1.88095 3.99142 0
2.33712 3.74455 0

-4.20148 0.16628 0
-4.14392 -0.174295 0
-4.41371 -0.354619 0

-2.16628 -3.85483 0
-1.80903 -3.89487 0
-2.56992 -3.92866 0

3.70924 1.66417 6
3.37946 1.90039 6
3.71723 1.98441 6

1.82696 -3.49738 0
2.03018 -3.2635 6
2.2066 -3.58594 0

-3.84874 1.06236 6
-3.89264 0.715578 7
-4.15381 0.936128 0

3.47864 -1.83337 6
3.65503 -1.45334 6
3.86507 -1.67698 6

-2.93502 3.03433 7
-3.23383 3.20616 6
-3.06035 3.45881 6

-1.53997 3.93947 0
-1.80938 3.76623 0
-2.12949 3.79382 0

4.31172 0.899974 0
4.0144 1.06236 0
4.23935 1.287 0

-3.49975 1.95651 6
-3.50945 1.60943 7
-3.81553 1.80291 6

-1.79247 -3.56991 0
-1.48498 -3.72725 0
-1.80903 -3.89487 0

4.04761 1.80291 0
3.71723 1.98441 6
4.03911 2.12745 0

-2.67634 2.76829 5
-2.93588 2.61079 6
-2.93502 3.03433 7

3.73154 1.29068 6
3.70924 1.66417 6
3.99412 1.48201 0

-1.19114 3.71068 0
-1.49447 3.59772 0
-1.53997 3.93947 0

1.61532 -3.88604 0
1.82696 -3.49738 0
1.94667 -3.79656 0

2.2066 3.39835 6
1.82696 3.4869 6
2.03018 3.72078 0

-3.81553 1.80291 6
-4.1539 1.66417 0
-4.14591 1.98441 0

1.61532 -3.88604 0
1.94667 -3.79656 0
2.28553 -3.92455 0

-2.12949 3.79382 0
-2.43305 3.70144 0
-2.55374 4.01532 0

-4.15381 0.936128 0
-4.31462 0.620507 0
-4.44051 1.20738 0

4.35371 0.0490953 0
4.23698 0.554891 0
4.31172 0.899974 0

3.86507 -1.67698 6
4.16391 -1.51344 0
4.2284 -1.82963 0

3.03378 -3.12842 5
2.98436 -2.85354 7
3.37168 -3.0793 7

0.685313 3.90867 0
-0.585346 3.98981 0
1.88095 3.99142 0

-4.31462 0.620507 0
-4.20148 0.16628 0
-4.41371 -0.354619 0

-2.93588 2.61079 6
-3.20731 2.45046 6
-3.19251 2.83383 6

4.0835 0.261911 0
3.9705 0.715578 0
4.23698 0.554891 0

3.99412 1.48201 0
4.04761 1.80291 0
4.35368 1.60943 0

2.28553 3.05973 7
2.2066 3.39835 6
2.52466 3.45303 6

3.71723 1.98441 6
3.44564 2.23461 6
3.75153 2.32964 6

0.996373 -4.00068 0
3.78676 -3.98728 0
4.36879 -3.99267 0

3.92394 -1.2742 7
3.86904 -0.856424 6
4.14922 -1.04476 0

3.17622 2.88102 6
2.83778 2.92801 5
3.0877 3.17244 7

-1.80903 -3.89487 0
-1.14216 -3.94401 0
-2.56992 -3.92866 0

-2.4151 3.36782 6
-2.56992 3.05562 6
-2.75846 3.32003 5

3.44564 2.23461 6
3.12012 2.52739 6
3.4311 2.58134 6

-2.75089 -3.34295 7
-2.43305 -3.28285 6
-2.4151 -3.61646 0

3.03378 -3.12842 5
3.37168 -3.0793 7
3.17622 -3.40484 7

3.59778 -2.49673 6
3.60757 -2.12161 6
3.90517 -2.29562 6

4.14922 -1.04476 0
4.41156 -0.639976 0
4.38593 -1.30955 0

3.66355 -2.86539 6
3.59778 -2.49673 6
3.89958 -2.63814 5

-3.23383 3.20616 6
-3.19251 2.83383 6
-3.49435 2.99162 6

-3.86901 1.48201 6
-3.84874 1.06236 6
-4.13159 1.29068 0

-3.89264 0.715578 7
-4.08206 0.436518 0
-4.31462 0.620507 0

3.12413 -2.53234 5
3.33668 -2.29385 6
3.35225 -2.74637 6

-3.14811 -2.8635 6
-3.17478 -3.23023 6
-3.46167 -3.03294 6

1.94667 -3.79656 0
2.2066 -3.58594 0
2.28553 -3.92455 0

2.88681 3.39614 5
2.52466 3.45303 6
2.76692 3.69662 0

-3.9941 -0.856424 0
-3.93919 -1.2742 0
-4.21737 -1.05789 0

-3.95519 -1.97199 0
-3.61264 -2.14628 6
-3.95796 -2.29562 0

2.2066 -3.58594 0
2.33712 -3.23973 6
2.52466 -3.53126 0

-4.13159 1.29068 0
-4.44051 1.20738 0
-4.44404 1.54898 0

-2.12949 3.79382 0
-2.10007 3.46014 6
-2.43305 3.70144 0

-4.20811 -1.45334 0
-3.99806 -1.67698 0
-4.38449 -1.83337 0

-3.14811 -2.8635 6
-2.87235 -3.05562 5
-3.17478 -3.23023 6

-2.43305 -3.28285 6
-2.10007 -3.52415 0
-2.4151 -3.61646 0

-2.10007 3.46014 6
-2.4151 3.36782 6
-2.43305 3.70144 0

-2.75089 3.64133 0
-2.75846 3.32003 5
-3.06035 3.45881 6

-2.56992 -3.92866 0
-1.14216 -3.94401 0
-2.93502 -3.94995 0

3.99572 -0.0173297 0
4.0835 0.261911 0
4.35371 0.0490953 0

-4.14591 1.98441 0
-4.1539 1.66417 0
-4.44404 1.54898 0

2.57136 -3.05562 6
2.98436 -2.85354 7
3.03378 -3.12842 5

-2.43305 3.70144 0
-2.75089 3.64133 0
-2.55374 4.01532 0

-3.93919 -1.2742 0
-3.99806 -1.67698 0
-4.20811 -1.45334 0

3.90795 -1.97199 6
4.2284 -1.82963 0
4.25049 -2.14628 0

-3.20731 2.45046 6
-3.50597 2.2849 6
-3.48304 2.64084 6

-4.05407 -0.496762 0
-3.9941 -0.856424 0
-4.31835 -0.690858 0

-3.32422 -2.36652 6
-3.06986 -2.55589 6
-3.47721 -2.70641 6

3.60757 -2.12161 6
3.47864 -1.83337 6
3.90795 -1.97199 6

-3.50597 2.2849 6
-3.49975 1.95651 6
-3.82403 2.12745 6

-3.47721 -2.70641 6
-3.14811 -2.8635 6
-3.46167 -3.03294 6

4.35371 0.0490953 0
4.31172 0.899974 0
4.40594 -0.281642 0

3.86507 -1.67698 6
3.92394 -1.2742 7
4.16391 -1.51344 0

3.33668 -2.29385 6
3.60757 -2.12161 6
3.59778 -2.49673 6

3.9705 0.715578 0
4.0144 1.06236 0
4.31172 0.899974 0

-3.81553 1.80291 6
-3.86901 1.48201 6
-4.1539 1.66417 0

-4.14392 -0.174295 0
-4.05407 -0.496762 0
-4.41371 -0.354619 0

-2.10007 -3.52415 0
-1.79247 -3.56991 0
-2.16628 -3.85483 0

3.47765 2.94521 7
3.0877 3.17244 7
3.37529 3.29821 5

2.83778 2.92801 5
2.61894 3.15396 6
3.0877 3.17244 7

4.23935 1.287 0
3.99412 1.48201 0
4.35368 1.60943 0

2.2066 3.39835 6
2.03018 3.72078 0
2.33712 3.74455 0

-2.75089 -3.34295 7
-2.75846 -3.66426 0
-3.06035 -3.52547 0

4.09934 -0.320632 0
4.40594 -0.281642 0
4.41156 -0.639976 0

3.4311 2.58134 6
3.47765 2.94521 7
3.74318 2.6619 6

3.17622 2.88102 6
3.0877 3.17244 7
3.47765 2.94521 7

-3.61264 -2.14628 6
-3.32422 -2.36652 6
-3.66229 -2.46824 6

3.60757 -2.12161 6
3.90795 -1.97199 6
3.90517 -2.29562 6

-3.61264 -2.14628 6
-3.66229 -2.46824 6
-3.95796 -2.29562 0

-3.63474 -1.82963 6
-3.61264 -2.14628 6
-3.95519 -1.97199 0

-2.75846 -3.66426 0
-2.4151 -3.61646 0
-2.56992 -3.92866 0

4.40594 -0.281642 0
4.35368 1.60943 0
4.36339 1.95651 0

3.75153 2.32964 6
3.74318 2.6619 6
4.06152 2.47087 0

2.76692 3.69662 0
2.33712 3.74455 0
2.57136 3.92866 0

-4.41371 -0.354619 0
-4.31835 -0.690858 0
-4.38449 -1.83337 0

-4.38449 -1.83337 0
-3.95519 -1.97199 0
-4.25556 -2.12161 0

3.37168 3.90499 0
1.88095 3.99142 0
4.40146 3.95135 0

-3.49435 2.99162 6
-3.48304 2.64084 6
-3.78752 2.80401 6

-3.66229 -2.46824 6
-3.77964 -2.88102 7
-3.96356 -2.63814 0

4.0144 1.06236 0
3.99412 1.48201 0
4.23935 1.287 0

-3.82403 2.12745 6
-3.81553 1.80291 6
-4.14591 1.98441 0

2.98436 -2.85354 7
3.35225 -2.74637 6
3.37168 -3.0793 7

3.4311 2.58134 6
3.17622 2.88102 6
3.47765 2.94521 7

3.70924 1.66417 6
3.71723 1.98441 6
4.04761 1.80291 0

-1.53997 3.93947 0
-2.12949 3.79382 0
-2.55374 4.01532 0

-4.21737 -1.05789 0
-4.20811 -1.45334 0
-4.38449 -1.83337 0

4.12149 -0.668515 0
4.09934 -0.320632 0
4.41156 -0.639976 0

2.61894 3.15396 6
2.52466 3.45303 6
2.88681 3.39614 5

4.16391 -1.51344 0
4.38593 -1.30955 0
4.2284 -1.82963 0

3.92394 -1.2742 7
4.14922 -1.04476 0
4.38593 -1.30955 0

3.17622 3.57944 0
2.76692 3.69662 0
3.03378 3.85586 0

-3.82403 2.12745 6
-4.14591 1.98441 0
-4.11161 2.32964 0

3.37168 -3.0793 7
3.35225 -2.74637 6
3.66355 -2.86539 6

4.35368 1.60943 0
4.04761 1.80291 0
4.36339 1.95651 0

0.996373 -4.00068 0
1.61532 -3.88604 0
2.28553 -3.92455 0

4.31172 0.899974 0
4.23935 1.287 0
4.35368 1.60943 0

-3.48304 2.64084 6
-3.50597 2.2849 6
-3.80162 2.47087 6

-4.31835 -0.690858 0
-4.21737 -1.05789 0
-4.38449 -1.83337 0

-3.23383 3.20616 6
-3.54474 3.34839 6
-3.44655 3.61594 0

2.52466 -3.53126 0
2.88681 -3.58814 0
2.61894 -3.83032 0

-2.93502 3.03433 7
-3.19251 2.83383 6
-3.23383 3.20616 6

-3.80162 2.47087 6
-4.11161 2.32964 0
-4.11996 2.6619 0

3.90517 -2.29562 6
4.25049 -2.14628 0
4.20085 -2.46824 0

2.52466 3.45303 6
2.33712 3.74455 0
2.76692 3.69662 0

-2.4151 3.36782 6
-2.75846 3.32003 5
-2.75089 3.64133 0

-2.75846 -3.66426 0
-2.56992 -3.92866 0
-2.93502 -3.94995 0

3.71723 1.98441 6
3.75153 2.32964 6
4.03911 2.12745 0

2.28553 -3.92455 0
3.0877 -3.81184 0
3.78676 -3.98728 0

2.52466 -3.53126 0
2.76692 -3.28767 6
2.88681 -3.58814 0

-4.1539 1.66417 0
-4.13159 1.29068 0
-4.44404 1.54898 0

-3.17478 -3.23023 6
-3.06035 -3.52547 0
-3.44655 -3.36835 6

4.40146 -3.03294 0
4.41156 -0.639976 0
4.41658 -3.36835 0

4.36339 1.95651 0
4.03911 2.12745 0
4.35717 2.2849 0

-3.46167 -3.03294 6
-3.44655 -3.36835 6
-3.77964 -3.23023 6

-2.75089 -3.34295 7
-2.4151 -3.61646 0
-2.75846 -3.66426 0

3.90517 -2.29562 6
3.90795 -1.97199 6
4.25049 -2.14628 0

3.75153 2.32964 6
3.4311 2.58134 6
3.74318 2.6619 6

-2.55374 4.01532 0
-2.75089 3.64133 0
-2.87235 3.92866 0

-4.31462 0.620507 0
-4.41371 -0.354619 0
-4.44051 1.20738 0

-3.54474 3.34839 6
-3.49435 2.99162 6
-3.80258 3.169 6

-3.19251 2.83383 6
-3.48304 2.64084 6
-3.49435 2.99162 6

-4.13159 1.29068 0
-4.15381 0.936128 0
-4.44051 1.20738 0

4.2284 -1.82963 0
4.38593 -1.30955 0
4.25049 -2.14628 0

3.35225 -2.74637 6
3.59778 -2.49673 6
3.66355 -2.86539 6

-3.47721 -2.70641 6
-3.46167 -3.03294 6
-3.77964 -2.88102 7

2.88681 -3.58814 0
2.76692 -3.28767 6
3.17622 -3.40484 7

3.74318 2.6619 6
3.78676 2.997 5
4.07562 2.80401 0

3.90795 -1.97199 6
3.86507 -1.67698 6
4.2284 -1.82963 0

-3.06035 -3.52547 0
-2.93502 -3.94995 0
-3.23383 -3.77813 0

2.88681 3.39614 5
2.76692 3.69662 0
3.17622 3.57944 0

3.89958 -2.63814 5
4.20085 -2.46824 0
4.0835 -2.88102 0

2.28553 -3.92455 0
2.61894 -3.83032 0
3.0877 -3.81184 0

-2.75846 3.32003 5
-2.93502 3.03433 7
-3.06035 3.45881 6

2.28553 -3.92455 0
2.52466 -3.53126 0
2.61894 -3.83032 0

3.0877 -3.81184 0
3.17622 -3.40484 7
3.37529 -3.68607 0

4.40594 -0.281642 0
4.31172 0.899974 0
4.35368 1.60943 0

2.33712 3.74455 0
1.88095 3.99142 0
2.57136 3.92866 0

-3.95796 -2.29562 0
-3.96356 -2.63814 0
-4.26536 -2.49673 0

3.17622 -3.40484 7
3.37168 -3.0793 7
3.54333 -3.36 6

2.76692 -3.28767 6
3.03378 -3.12842 5
3.17622 -3.40484 7

3.54333 -3.36 6
3.37168 -3.0793 7
3.78464 -3.14481 6

4.06152 2.47087 0
4.07562 2.80401 0
4.38009 2.64084 0

-3.17478 -3.23023 6
-2.75089 -3.34295 7
-3.06035 -3.52547 0

-2.4151 -3.61646 0
-2.16628 -3.85483 0
-2.56992 -3.92866 0

-4.11161 2.32964 0
-4.14591 1.98441 0
-4.4175 2.23461 0

4.04761 1.80291 0
4.03911 2.12745 0
4.36339 1.95651 0

3.78676 2.997 5
3.47765 2.94521 7
3.68528 3.31291 6

-3.17478 3.75405 0
-3.06035 3.45881 6
-3.44655 3.61594 0

-3.99806 -1.67698 0
-3.95519 -1.97199 0
-4.38449 -1.83337 0

-3.46167 -3.03294 6
-3.17478 -3.23023 6
-3.44655 -3.36835 6

3.59778 -2.49673 6
3.90517 -2.29562 6
3.89958 -2.63814 5

-3.48304 2.64084 6
-3.80162 2.47087 6
-3.78752 2.80401 6

-4.14591 1.98441 0
-4.44404 1.54898 0
-4.4175 2.23461 0

3.89958 -2.63814 5
3.90517 -2.29562 6
4.20085 -2.46824 0

3.37529 3.29821 5
3.0877 3.17244 7
3.17622 3.57944 0

-3.80258 3.169 6
-3.78752 2.80401 6
-4.07637 2.997 0

-3.80162 2.47087 6
-3.82403 2.12745 6
-4.11161 2.32964 0

-3.77964 -2.88102 7
-3.46167 -3.03294 6
-3.77964 -3.23023 6

4.25049 -2.14628 0
4.38593 -1.30955 0
4.38593 -2.70641 0

-3.66229 -2.46824 6
-3.47721 -2.70641 6
-3.77964 -2.88102 7

4.03911 2.12745 0
3.75153 2.32964 6
4.06152 2.47087 0

-0.585346 3.98981 0
-1.53997 3.93947 0
-2.55374 4.01532 0

-3.95519 -1.97199 0
-3.95796 -2.29562 0
-4.25556 -2.12161 0

2.76692 3.69662 0
2.57136 3.92866 0
3.03378 3.85586 0

-2.87235 3.92866 0
-2.75089 3.64133 0
-3.17478 3.75405 0

-3.44655 -3.36835 6
-3.23383 -3.77813 0
-3.54474 -3.6359 0

-3.95796 -2.29562 0
-3.66229 -2.46824 6
-3.96356 -2.63814 0

2.61894 -3.83032 0
2.88681 -3.58814 0
3.0877 -3.81184 0

3.0877 3.17244 7
2.88681 3.39614 5
3.17622 3.57944 0

4.36339 1.95651 0
4.35717 2.2849 0
4.38009 2.64084 0

3.74318 2.6619 6
3.47765 2.94521 7
3.78676 2.997 5

3.47765 2.94521 7
3.37529 3.29821 5
3.68528 3.31291 6

3.68528 3.31291 6
3.37529 3.29821 5
3.54333 3.62429 0

-4.38449 -1.83337 0
-4.25556 -2.12161 0
-4.26536 -2.49673 0

-3.06035 -3.52547 0
-2.75846 -3.66426 0
-2.93502 -3.94995 0

4.40594 -0.281642 0
4.38009 2.64084 0
4.41658 3.61594 0

3.54333 3.62429 0
3.17622 3.57944 0
3.37168 3.90499 0

-4.11161 2.32964 0
-4.4175 2.23461 0
-4.43204 2.58134 0

3.37529 -3.68607 0
3.54333 -3.36 6
3.68528 -3.67137 0

4.20085 -2.46824 0
4.25049 -2.14628 0
4.38593 -2.70641 0

-3.54474 3.34839 6
-3.91416 3.49098 6
-3.77964 3.75405 0

-3.23383 3.20616 6
-3.49435 2.99162 6
-3.54474 3.34839 6

-4.25556 -2.12161 0
-3.95796 -2.29562 0
-4.26536 -2.49673 0

3.78464 -3.14481 6
3.66355 -2.86539 6
4.0835 -2.88102 0

-3.46167 3.95135 0
-3.44655 3.61594 0
-3.77964 3.75405 0

-3.78752 2.80401 6
-3.80162 2.47087 6
-4.11996 2.6619 0

2.88681 -3.58814 0
3.17622 -3.40484 7
3.0877 -3.81184 0

4.0835 -2.88102 0
4.20085 -2.46824 0
4.38593 -2.70641 0

3.78676 2.997 5
3.68528 3.31291 6
4.06056 3.169 0

3.03378 3.85586 0
2.57136 3.92866 0
3.37168 3.90499 0

-2.75089 3.64133 0
-3.06035 3.45881 6
-3.17478 3.75405 0

-4.11996 2.6619 0
-4.43204 2.58134 0
-4.38549 2.94521 0

3.37529 -3.68607 0
3.68528 -3.67137 0
3.78676 -3.98728 0

4.03911 2.12745 0
4.06152 2.47087 0
4.35717 2.2849 0

-1.14216 -3.94401 0
-0.514421 -3.9759 0
-3.49435 -3.99267 0

3.37168 -3.0793 7
3.66355 -2.86539 6
3.78464 -3.14481 6

-2.55374 4.01532 0
-2.87235 3.92866 0
-3.46167 3.95135 0

-2.93502 -3.94995 0
-1.14216 -3.94401 0
-3.49435 -3.99267 0

4.06056 3.169 0
3.68528 3.31291 6
3.94897 3.49098 0

-4.26536 -2.49673 0
-3.96356 -2.63814 0
-4.19959 -2.86539 0

4.40594 -0.281642 0
4.36339 1.95651 0
4.38009 2.64084 0

4.06152 2.47087 0
3.74318 2.6619 6
4.07562 2.80401 0

-3.06035 3.45881 6
-3.23383 3.20616 6
-3.44655 3.61594 0

-3.49435 2.99162 6
-3.78752 2.80401 6
-3.80258 3.169 6

-4.4175 2.23461 0
-4.44404 1.54898 0
-4.43204 2.58134 0

-4.26536 -2.49673 0
-4.19959 -2.86539 0
-4.3198 -3.36 0

-3.77964 -3.23023 6
-3.44655 -3.36835 6
-3.54474 -3.6359 0

3.37529 3.29821 5
3.17622 3.57944 0
3.54333 3.62429 0

-4.11996 2.6619 0
-4.11161 2.32964 0
-4.43204 2.58134 0

-4.19959 -2.86539 0
-3.77964 -2.88102 7
-4.07849 -3.14481 0

-3.44655 -3.36835 6
-3.06035 -3.52547 0
-3.23383 -3.77813 0

3.66355 -2.86539 6
3.89958 -2.63814 5
4.0835 -2.88102 0

4.35717 2.2849 0
4.06152 2.47087 0
4.38009 2.64084 0

-3.91416 3.49098 6
-3.80258 3.169 6
-4.17786 3.31291 0

3.78464 -3.14481 6
4.0835 -3.23023 0
3.94897 -3.4933 0

3.68528 -3.67137 0
3.54333 -3.36 6
3.94897 -3.4933 0

3.17622 -3.40484 7
3.54333 -3.36 6
3.37529 -3.68607 0

-3.54474 -3.6359 0
-3.23383 -3.77813 0
-3.49435 -3.99267 0

-3.78752 2.80401 6
-4.11996 2.6619 0
-4.07637 2.997 0

-3.54474 3.34839 6
-3.80258 3.169 6
-3.91416 3.49098 6

2.57136 3.92866 0
1.88095 3.99142 0
3.37168 3.90499 0

4.0835 -2.88102 0
4.38593 -2.70641 0
4.40146 -3.03294 0

3.54333 3.62429 0
3.37168 3.90499 0
3.78464 3.83947 0

-4.07849 -3.14481 0
-3.77964 -3.23023 6
-3.91416 -3.4933 0

-3.96356 -2.63814 0
-3.77964 -2.88102 7
-4.19959 -2.86539 0

4.07562 2.80401 0
3.78676 2.997 5
4.06056 3.169 0

4.07562 2.80401 0
4.06056 3.169 0
4.36879 2.99162 0

-4.07637 2.997 0
-4.38549 2.94521 0
-4.17786 3.31291 0

-4.3198 -3.36 0
-3.91416 -3.4933 0
-4.17786 -3.67137 0

-3.77964 -2.88102 7
-3.77964 -3.23023 6
-4.07849 -3.14481 0

-3.77964 -3.23023 6
-3.54474 -3.6359 0
-3.91416 -3.4933 0

4.0835 -3.23023 0
4.0835 -2.88102 0
4.40146 -3.03294 0

3.94897 3.49098 0
3.54333 3.62429 0
3.78464 3.83947 0

3.0877 -3.81184 0
3.37529 -3.68607 0
3.78676 -3.98728 0

4.38593 -2.70641 0
4.38593 -1.30955 0
4.40146 -3.03294 0

3.68528 3.31291 6
3.54333 3.62429 0
3.94897 3.49098 0

3.17622 3.57944 0
3.03378 3.85586 0
3.37168 3.90499 0

-4.07849 3.83947 0
-3.91416 3.49098 6
-4.3198 3.62429 0

4.36879 2.99162 0
4.06056 3.169 0
4.31839 3.34839 0

3.78464 -3.14481 6
4.0835 -2.88102 0
4.0835 -3.23023 0

-4.07637 2.997 0
-4.11996 2.6619 0
-4.38549 2.94521 0

-2.87235 3.92866 0
-3.17478 3.75405 0
-3.46167 3.95135 0

-3.54474 -3.6359 0
-3.49435 -3.99267 0
-3.80258 -3.81529 0

3.78676 -3.98728 0
3.68528 -3.67137 0
4.06056 -3.81529 0

4.06056 -3.81529 0
3.94897 -3.4933 0
4.31839 -3.6359 0

-3.17478 3.75405 0
-3.44655 3.61594 0
-3.46167 3.95135 0

3.54333 -3.36 6
3.78464 -3.14481 6
3.94897 -3.4933 0

4.38009 2.64084 0
4.36879 2.99162 0
4.41658 3.61594 0

-3.91416 -3.4933 0
-3.54474 -3.6359 0
-3.80258 -3.81529 0

4.0835 -3.23023 0
4.40146 -3.03294 0
4.41658 -3.36835 0

-3.44655 3.61594 0
-3.54474 3.34839 6
-3.77964 3.75405 0

-4.38449 -1.83337 0
-4.26536 -2.49673 0
-4.3198 -3.36 0

4.38009 2.64084 0
4.07562 2.80401 0
4.36879 2.99162 0

4.31839 3.34839 0
3.94897 3.49098 0
4.0835 3.75405 0

-3.23383 -3.77813 0
-2.93502 -3.94995 0
-3.49435 -3.99267 0

4.0835 3.75405 0
3.78464 3.83947 0
4.40146 3.95135 0

-3.80258 3.169 6
-4.07637 2.997 0
-4.17786 3.31291 0

-4.19959 -2.86539 0
-4.07849 -3.14481 0
-4.3198 -3.36 0

4.38593 -1.30955 0
4.41156 -0.639976 0
4.40146 -3.03294 0

4.36879 2.99162 0
4.31839 3.34839 0
4.41658 3.61594 0

3.78464 3.83947 0
3.37168 3.90499 0
4.40146 3.95135 0

-3.46167 3.95135 0
-3.77964 3.75405 0
-4.07849 3.83947 0

-3.77964 3.75405 0
-3.91416 3.49098 6
-4.07849 3.83947 0

4.06056 3.169 0
3.94897 3.49098 0
4.31839 3.34839 0

-4.07849 -3.14481 0
-3.91416 -3.4933 0
-4.3198 -3.36 0

-3.91416 -3.4933 0
-3.80258 -3.81529 0
-4.17786 -3.67137 0

0.996373 -4.00068 0
2.28553 -3.92455 0
3.78676 -3.98728 0

4.0835 -3.23023 0
4.41658 -3.36835 0
4.31839 -3.6359 0

3.94897 3.49098 0
3.78464 3.83947 0
4.0835 3.75405 0

3.78676 -3.98728 0
4.06056 -3.81529 0
4.36879 -3.99267 0

4.41658 -3.36835 0
4.41156 -0.639976 0
4.41658 3.61594 0

-4.17786 3.31291 0
-4.38549 2.94521 0
-4.3198 3.62429 0

-4.17786 -3.67137 0
-3.80258 -3.81529 0
-4.07637 -3.98728 0

3.68528 -3.67137 0
3.94897 -3.4933 0
4.06056 -3.81529 0

4.31839 3.34839 0
4.0835 3.75405 0
4.41658 3.61594 0

-4.38549 2.94521 0
-4.43204 2.58134 0
-4.3198 3.62429 0

-3.91416 3.49098 6
-4.17786 3.31291 0
-4.3198 3.62429 0

4.41658 3.61594 0
4.0835 3.75405 0
4.40146 3.95135 0

3.94897 -3.4933 0
4.0835 -3.23023 0
4.31839 -3.6359 0

4.06056 -3.81529 0
4.31839 -3.6359 0
4.36879 -3.99267 0

-3.80258 -3.81529 0
-3.49435 -3.99267 0
-4.07637 -3.98728 0

-4.3198 -3.36 0
-4.17786 -3.67137 0
-4.07637 -3.98728 0

4.41156 -0.639976 0
4.40594 -0.281642 0
4.41658 3.61594 0

4.31839 -3.6359 0
4.41658 -3.36835 0
4.36879 -3.99267 0

# 3.93157 -3.93157 3.49214 -3.49214
