# x y adNum
0.151214 -0.261911 6
0.151214 0.0873035 6
0.453642 -0.0873035 6

0.151214 0.0873035 6
-0.151214 -0.0873035 6
-0.151214 0.261911 6

-0.151214 -0.0873035 6
0.151214 0.0873035 6
0.151214 -0.261911 6

0.151214 -0.261911 6
0.453642 -0.436518 6
0.151214 -0.611125 6

-0.453642 0.0873035 6
-0.756071 -0.0873035 6
-0.756071 0.261911 6

-0.453642 0.0873035 6
-0.151214 -0.0873035 6
-0.453642 -0.261911 6

0.151214 0.0873035 6
0.151214 0.436518 6
0.453642 0.261911 6

0.151214 0.0873035 6
-0.151214 0.261911 6
0.151214 0.436518 6

-0.151214 0.611125 6
-0.151214 0.261911 6
-0.453642 0.436518 6

-0.151214 -0.0873035 6
0.151214 -0.261911 6
-0.151214 -0.436518 6

0.453642 0.611125 6
0.151214 0.436518 6
0.151214 0.785732 6

-0.151214 0.261911 6
-0.151214 -0.0873035 6
-0.453642 0.0873035 6

0.453642 -0.0873035 6
0.756071 0.0873035 6
0.756071 -0.261911 6

0.453642 -0.0873035 6
0.151214 0.0873035 6
0.453642 0.261911 6

-0.151214 -0.0873035 6
-0.151214 -0.436518 6
-0.453642 -0.261911 6

-0.453642 -0.261911 6
-0.453642 -0.611125 6
-0.756071 -0.436518 6

0.151214 -0.261911 6
0.453642 -0.0873035 6
0.453642 -0.436518 6

0.756071 0.0873035 6
0.453642 0.261911 6
0.756071 0.436518 6

-0.453642 -0.611125 6
-0.151214 -0.436518 6
-0.151214 -0.785732 6

-0.151214 -0.436518 6
0.151214 -0.261911 6
0.151214 -0.611125 6

-0.151214 0.611125 6
-0.453642 0.785732 6
-0.151214 0.960339 6

0.151214 0.436518 6
-0.151214 0.261911 6
-0.151214 0.611125 6

-0.151214 0.261911 6
-0.453642 0.0873035 6
-0.453642 0.436518 6

-0.453642 -0.611125 6
-0.453642 -0.960339 6
-0.756071 -0.785732 6

0.453642 -0.785732 6
0.453642 -0.436518 6
0.756071 -0.611125 6

0.453642 0.261911 6
0.151214 0.436518 6
0.453642 0.611125 6

0.151214 -0.611125 6
0.453642 -0.785732 6
0.151214 -0.960339 6

0.453642 -0.0873035 6
0.453642 0.261911 6
0.756071 0.0873035 6

-0.453642 0.785732 6
-0.453642 0.436518 6
-0.756071 0.611125 6

-0.453642 0.0873035 6
-0.453642 -0.261911 6
-0.756071 -0.0873035 6

-0.453642 -0.261911 6
-0.151214 -0.436518 6
-0.453642 -0.611125 6

1.0585 -0.0873035 6
0.756071 0.0873035 6
1.0585 0.261911 6

0.453642 -0.436518 6
0.453642 -0.0873035 6
0.756071 -0.261911 6

0.756071 -0.261911 6
1.0585 -0.0873035 6
1.0585 -0.436518 6

-0.453642 0.436518 6
-0.453642 0.0873035 6
-0.756071 0.261911 6

-1.0585 0.0873035 6
-0.756071 -0.0873035 6
-1.0585 -0.261911 6

0.453642 0.611125 6
0.453642 0.960339 6
0.756071 0.785732 6

0.151214 0.436518 6
-0.151214 0.611125 6
0.151214 0.785732 6

-1.0585 -0.261911 6
-0.756071 -0.436518 6
-1.0585 -0.611125 6

-0.151214 -0.436518 6
0.151214 -0.611125 6
-0.151214 -0.785732 6

0.453642 0.261911 6
0.453642 0.611125 6
0.756071 0.436518 6

0.453642 0.960339 6
0.151214 0.785732 6
0.151214 1.13495 6

-0.756071 0.261911 6
-1.0585 0.0873035 6
-1.0585 0.436518 6

-0.756071 -0.0873035 6
-0.453642 -0.261911 6
-0.756071 -0.436518 6

-0.453642 -0.960339 6
-0.151214 -0.785732 6
-0.151214 -1.13495 6

0.151214 -0.611125 6
0.453642 -0.436518 6
0.453642 -0.785732 6

0.756071 -0.261911 6
0.756071 0.0873035 6
1.0585 -0.0873035 6

-0.151214 0.611125 6
-0.453642 0.436518 6
-0.453642 0.785732 6

0.453642 -0.785732 6
0.756071 -0.960339 6
0.453642 -1.13495 6

0.453642 -0.436518 6
0.756071 -0.261911 6
0.756071 -0.611125 6

-0.453642 0.785732 6
-0.756071 0.960339 6
-0.453642 1.13495 6

-0.453642 0.436518 6
-0.756071 0.261911 6
-0.756071 0.611125 6

1.0585 0.261911 6
0.756071 0.436518 6
1.0585 0.611125 6

0.151214 0.785732 6
-0.151214 0.611125 6
-0.151214 0.960339 6

0.756071 0.0873035 6
0.756071 0.436518 6
1.0585 0.261911 6

-0.151214 -0.785732 6
0.151214 -0.611125 6
0.151214 -0.960339 6

0.453642 0.611125 6
0.151214 0.785732 6
0.453642 0.960339 6

-0.151214 0.960339 6
-0.453642 1.13495 6
-0.151214 1.30955 6

-0.756071 0.960339 6
-0.756071 0.611125 6
-1.0585 0.785732 6

-0.756071 0.261911 6
-0.756071 -0.0873035 6
-1.0585 0.0873035 6

-0.453642 -0.611125 6
-0.151214 -0.785732 6
-0.453642 -0.960339 6

-0.151214 -0.785732 6
0.151214 -0.960339 6
-0.151214 -1.13495 6

0.756071 -0.611125 6
0.756071 -0.261911 6
1.0585 -0.436518 6

0.756071 1.13495 6
0.453642 0.960339 6
0.453642 1.30955 6

0.756071 0.436518 6
0.453642 0.611125 6
0.756071 0.785732 6

1.36093 0.0873035 6
1.0585 0.261911 6
1.36093 0.436518 6

-0.756071 -0.436518 6
-0.453642 -0.611125 6
-0.756071 -0.785732 6

-0.756071 -1.13495 6
-0.453642 -0.960339 6
-0.453642 -1.30955 6

-1.0585 0.0873035 6
-1.36093 -0.0873035 6
-1.36093 0.261911 6

-0.756071 -0.0873035 6
-0.756071 -0.436518 6
-1.0585 -0.261911 6

0.151214 -0.960339 6
0.453642 -1.13495 6
0.151214 -1.30955 6

1.0585 -0.0873035 6
1.36093 0.0873035 6
1.36093 -0.261911 6

-0.756071 0.611125 6
-0.756071 0.261911 6
-1.0585 0.436518 6

-1.36093 -0.0873035 6
-1.0585 -0.261911 6
-1.36093 -0.436518 6

0.756071 0.436518 6
0.756071 0.785732 6
1.0585 0.611125 6

0.151214 0.785732 6
-0.151214 0.960339 6
0.151214 1.13495 6

1.36093 0.436518 6
1.0585 0.611125 6
1.36093 0.785732 6

-0.756071 -0.436518 6
-0.756071 -0.785732 6
-1.0585 -0.611125 6

0.756071 -0.960339 6
0.756071 -0.611125 6
1.0585 -0.785732 6

-0.151214 0.960339 6
-0.453642 0.785732 6
-0.453642 1.13495 6

-0.453642 0.785732 6
-0.756071 0.611125 6
-0.756071 0.960339 6

-1.0585 0.436518 6
-1.36093 0.261911 6
-1.36093 0.611125 6

0.453642 -0.785732 6
0.756071 -0.611125 6
0.756071 -0.960339 6

0.756071 -0.611125 6
1.0585 -0.436518 6
1.0585 -0.785732 6

-0.453642 -1.30955 6
-0.151214 -1.13495 6
-0.151214 -1.48416 6

0.151214 -0.960339 6
0.453642 -0.785732 6
0.453642 -1.13495 6

-0.756071 1.30955 6
-0.756071 0.960339 6
-1.0585 1.13495 6

-0.756071 -0.785732 6
-0.756071 -1.13495 6
-1.0585 -0.960339 6

-0.453642 1.13495 6
-0.756071 1.30955 6
-0.453642 1.48416 6

0.453642 1.30955 6
0.151214 1.13495 6
0.151214 1.48416 6

0.756071 0.785732 6
0.756071 1.13495 6
1.0585 0.960339 6

-1.36093 -0.436518 6
-1.0585 -0.611125 6
-1.36093 -0.785732 6

-0.756071 0.611125 6
-1.0585 0.436518 6
-1.0585 0.785732 6

1.0585 -0.785732 6
1.0585 -0.436518 6
1.36093 -0.611125 6

0.453642 -1.13495 6
0.756071 -1.30955 6
0.453642 -1.48416 6

0.151214 1.13495 6
-0.151214 0.960339 6
-0.151214 1.30955 6

-0.151214 -1.13495 6
0.151214 -0.960339 6
0.151214 -1.30955 6

1.0585 -0.436518 6
1.36093 -0.261911 6
1.36093 -0.611125 6

0.756071 -1.30955 6
0.756071 -0.960339 6
1.0585 -1.13495 6

0.453642 0.960339 6
0.151214 1.13495 6
0.453642 1.30955 6

0.756071 0.785732 6
0.453642 0.960339 6
0.756071 1.13495 6

0.756071 1.13495 6
0.756071 1.48416 6
1.0585 1.30955 6

-0.756071 -0.785732 6
-0.453642 -0.960339 6
-0.756071 -1.13495 6

0.151214 -1.30955 6
0.453642 -1.48416 6
0.151214 -1.65877 6

-1.0585 0.436518 6
-1.0585 0.0873035 6
-1.36093 0.261911 6

-1.0585 0.0873035 6
-1.0585 -0.261911 6
-1.36093 -0.0873035 6

-0.756071 -1.48416 6
-0.453642 -1.30955 6
-0.453642 -1.65877 6

1.0585 -0.0873035 6
1.0585 0.261911 6
1.36093 0.0873035 6

-0.151214 1.30955 6
-0.453642 1.48416 6
-0.151214 1.65877 6

-1.66336 0.0873035 6
-1.36093 -0.0873035 6
-1.66336 -0.261911 6

-1.0585 1.13495 6
-1.0585 0.785732 6
-1.36093 0.960339 6

-0.453642 -0.960339 6
-0.151214 -1.13495 6
-0.453642 -1.30955 6

-0.756071 -1.13495 6
-0.756071 -1.48416 6
-1.0585 -1.30955 6

1.66336 -0.0873035 6
1.36093 0.0873035 6
1.66336 0.261911 6

1.0585 -0.436518 6
1.0585 -0.0873035 6
1.36093 -0.261911 6

1.66336 0.261911 6
1.36093 0.436518 6
1.66336 0.611125 6

-1.36093 0.261911 6
-1.66336 0.0873035 6
-1.66336 0.436518 6

-1.0585 -0.611125 6
-0.756071 -0.785732 6
-1.0585 -0.960339 6

1.0585 0.611125 6
0.756071 0.785732 6
1.0585 0.960339 6

-1.0585 -0.261911 6
-1.0585 -0.611125 6
-1.36093 -0.436518 6

1.36093 -0.261911 6
1.66336 -0.0873035 6
1.66336 -0.436518 6

0.756071 1.48416 6
0.453642 1.30955 6
0.453642 1.65877 6

-0.151214 -1.13495 6
0.151214 -1.30955 6
-0.151214 -1.48416 6

1.0585 0.261911 6
1.0585 0.611125 6
1.36093 0.436518 6

-1.0585 0.785732 6
-1.0585 0.436518 6
-1.36093 0.611125 6

-1.66336 -0.261911 6
-1.36093 -0.436518 6
-1.66336 -0.611125 6

0.453642 1.65877 6
0.151214 1.48416 6
0.151214 1.83337 6

0.151214 1.13495 6
-0.151214 1.30955 6
0.151214 1.48416 6

-0.453642 1.48416 6
-0.756071 1.65877 6
-0.453642 1.83337 6

-1.0585 -0.611125 6
-1.0585 -0.960339 6
-1.36093 -0.785732 6

1.0585 -1.13495 6
1.0585 -0.785732 6
1.36093 -0.960339 6

-0.756071 1.30955 6
-1.0585 1.48416 6
-0.756071 1.65877 6

-0.453642 1.13495 6
-0.756071 0.960339 6
-0.756071 1.30955 6

-1.36093 0.611125 6
-1.66336 0.436518 6
-1.66336 0.785732 6

-0.453642 -1.65877 6
-0.151214 -1.48416 6
-0.151214 -1.83337 6

0.453642 -1.13495 6
0.756071 -0.960339 6
0.756071 -1.30955 6

1.0585 0.611125 6
1.0585 0.960339 6
1.36093 0.785732 6

-0.756071 0.960339 6
-1.0585 0.785732 6
-1.0585 1.13495 6

0.151214 -1.30955 6
0.453642 -1.13495 6
0.453642 -1.48416 6

0.756071 -1.65877 6
0.756071 -1.30955 6
1.0585 -1.48416 6

1.36093 -0.611125 6
1.66336 -0.436518 6
1.66336 -0.785732 6

-0.151214 1.30955 6
-0.453642 1.13495 6
-0.453642 1.48416 6

-0.756071 -1.13495 6
-0.453642 -1.30955 6
-0.756071 -1.48416 6

0.756071 -0.960339 6
1.0585 -0.785732 6
1.0585 -1.13495 6

1.0585 1.65877 6
0.756071 1.48416 6
0.756071 1.83337 6

-1.0585 -0.960339 6
-1.0585 -1.30955 6
-1.36093 -1.13495 6

1.66336 0.611125 6
1.36093 0.785732 6
1.66336 0.960339 6

1.0585 0.960339 6
1.0585 1.30955 6
1.36093 1.13495 6

0.756071 1.13495 6
0.453642 1.30955 6
0.756071 1.48416 6

1.0585 -1.48416 6
1.0585 -1.13495 6
1.36093 -1.30955 6

0.453642 -1.48416 6
0.756071 -1.65877 6
0.453642 -1.83337 6

-1.66336 -0.611125 6
-1.36093 -0.785732 6
-1.66336 -0.960339 6

-1.0585 0.785732 6
-1.36093 0.611125 6
-1.36093 0.960339 6

-1.0585 1.48416 6
-1.0585 1.13495 6
-1.36093 1.30955 6

1.0585 0.960339 6
0.756071 1.13495 6
1.0585 1.30955 6

0.151214 1.48416 6
-0.151214 1.30955 6
-0.151214 1.65877 6

0.151214 -1.65877 6
0.453642 -1.83337 6
0.151214 -2.00798 6

-0.151214 -1.48416 6
0.151214 -1.30955 6
0.151214 -1.65877 6

1.0585 -0.785732 6
1.36093 -0.611125 6
1.36093 -0.960339 6

-1.96578 -0.0873035 6
-1.66336 -0.261911 6
-1.96578 -0.436518 6

-1.36093 0.261911 6
-1.36093 -0.0873035 6
-1.66336 0.0873035 6

1.36093 -0.261911 6
1.36093 0.0873035 6
1.66336 -0.0873035 6

-1.66336 0.0873035 6
-1.96578 -0.0873035 6
-1.96578 0.261911 6

-1.0585 -1.65877 6
-0.756071 -1.48416 6
-0.756071 -1.83337 6

-1.0585 -0.960339 6
-0.756071 -1.13495 6
-1.0585 -1.30955 6

-1.36093 -0.0873035 6
-1.36093 -0.436518 6
-1.66336 -0.261911 6

0.453642 1.30955 6
0.151214 1.48416 6
0.453642 1.65877 6

1.66336 -0.0873035 6
1.96578 0.0873035 6
1.96578 -0.261911 6

1.36093 -1.30955 6
1.36093 -0.960339 6
1.66336 -1.13495 6

1.36093 0.0873035 6
1.36093 0.436518 6
1.66336 0.261911 6

1.0585 1.30955 6
0.756071 1.48416 6
1.0585 1.65877 6

-1.36093 0.611125 6
-1.36093 0.261911 6
-1.66336 0.436518 6

-0.151214 1.65877 6
-0.453642 1.83337 6
-0.151214 2.00798 6

1.96578 0.0873035 6
1.66336 0.261911 6
1.96578 0.436518 6

-0.453642 -1.30955 6
-0.151214 -1.48416 6
-0.453642 -1.65877 6

-1.36093 -1.13495 6
-1.36093 -1.48416 6
-1.66336 -1.30955 6

-1.96578 -0.436518 6
-1.66336 -0.611125 6
-1.96578 -0.785732 6

-1.36093 1.30955 6
-1.36093 0.960339 6
-1.66336 1.13495 6

-0.756071 -1.83337 6
-0.453642 -1.65877 6
-0.453642 -2.00798 6

1.36093 -0.611125 6
1.36093 -0.261911 6
1.66336 -0.436518 6

-1.66336 0.436518 6
-1.96578 0.261911 6
-1.96578 0.611125 6

-1.36093 -0.785732 6
-1.0585 -0.960339 6
-1.36093 -1.13495 6

1.36093 0.785732 6
1.0585 0.960339 6
1.36093 1.13495 6

0.756071 1.83337 6
0.453642 1.65877 6
0.453642 2.00798 6

1.66336 -0.436518 6
1.96578 -0.261911 6
1.96578 -0.611125 6

1.36093 0.436518 6
1.36093 0.785732 6
1.66336 0.611125 6

1.96578 0.436518 6
1.66336 0.611125 6
1.96578 0.785732 6

-1.36093 -0.436518 6
-1.36093 -0.785732 6
-1.66336 -0.611125 6

0.453642 -1.48416 6
0.756071 -1.30955 6
0.756071 -1.65877 6

-0.756071 1.30955 6
-1.0585 1.13495 6
-1.0585 1.48416 6

0.453642 2.00798 6
0.151214 1.83337 6
0.151214 2.18259 6

-0.453642 1.48416 6
-0.756071 1.30955 6
-0.756071 1.65877 6

0.756071 -1.65877 6
1.0585 -1.48416 6
1.0585 -1.83337 6

-1.36093 -0.785732 6
-1.36093 -1.13495 6
-1.66336 -0.960339 6

0.756071 -1.30955 6
1.0585 -1.13495 6
1.0585 -1.48416 6

-0.151214 1.65877 6
-0.453642 1.48416 6
-0.453642 1.83337 6

0.151214 1.48416 6
-0.151214 1.65877 6
0.151214 1.83337 6

1.36093 0.785732 6
1.36093 1.13495 6
1.66336 0.960339 6

-0.151214 -1.48416 6
0.151214 -1.65877 6
-0.151214 -1.83337 6

0.756071 -1.65877 6
1.0585 -1.83337 6
0.756071 -2.00798 6

-0.756071 1.65877 6
-1.0585 1.48416 6
-1.0585 1.83337 6

-1.36093 0.960339 6
-1.36093 0.611125 6
-1.66336 0.785732 6

1.0585 1.30955 6
1.0585 1.65877 6
1.36093 1.48416 6

1.36093 -0.960339 6
1.36093 -0.611125 6
1.66336 -0.785732 6

-1.0585 1.13495 6
-1.36093 0.960339 6
-1.36093 1.30955 6

-1.66336 0.785732 6
-1.96578 0.611125 6
-1.96578 0.960339 6

-0.453642 -2.00798 6
-0.151214 -1.83337 6
-0.151214 -2.18259 6

0.151214 -1.65877 6
0.453642 -1.48416 6
0.453642 -1.83337 6

1.66336 -0.785732 6
1.96578 -0.611125 6
1.96578 -0.960339 6

-0.756071 1.65877 6
-1.0585 1.83337 6
-0.756071 2.00798 6

-2.26821 0.0873035 6
-1.96578 -0.0873035 6
-2.26821 -0.261911 6

1.0585 -1.13495 6
1.36093 -0.960339 6
1.36093 -1.30955 6

1.36093 1.13495 6
1.36093 1.48416 6
1.66336 1.30955 6

-1.0585 -1.30955 6
-0.756071 -1.48416 6
-1.0585 -1.65877 6

-1.96578 -0.785732 6
-1.66336 -0.960339 6
-1.96578 -1.13495 6

0.453642 -1.83337 6
0.756071 -2.00798 6
0.453642 -2.18259 6

-1.0585 -1.30955 6
-1.0585 -1.65877 6
-1.36093 -1.48416 6

-1.66336 0.0873035 6
-1.66336 -0.261911 6
-1.96578 -0.0873035 6

0.756071 1.48416 6
0.453642 1.65877 6
0.756071 1.83337 6

1.96578 0.785732 6
1.66336 0.960339 6
1.96578 1.13495 6

1.66336 -0.0873035 6
1.66336 0.261911 6
1.96578 0.0873035 6

1.36093 -0.960339 6
1.66336 -0.785732 6
1.66336 -1.13495 6

1.0585 1.65877 6
1.0585 2.00798 6
1.36093 1.83337 6

-1.66336 0.436518 6
-1.66336 0.0873035 6
-1.96578 0.261911 6

0.151214 1.83337 6
-0.151214 1.65877 6
-0.151214 2.00798 6

2.26821 -0.0873035 6
1.96578 0.0873035 6
2.26821 0.261911 6

-0.756071 -1.48416 6
-0.453642 -1.65877 6
-0.756071 -1.83337 6

-1.0585 -1.65877 6
-0.756071 -1.83337 6
-1.0585 -2.00798 6

-0.151214 2.00798 6
-0.453642 2.18259 6
-0.151214 2.3572 6

-1.36093 0.960339 6
-1.66336 0.785732 6
-1.66336 1.13495 6

-1.0585 -2.00798 6
-0.756071 -1.83337 6
-0.756071 -2.18259 6

1.66336 -0.436518 6
1.66336 -0.0873035 6
1.96578 -0.261911 6

-1.96578 0.261911 6
-2.26821 0.0873035 6
-2.26821 0.436518 6

-1.36093 -1.13495 6
-1.0585 -1.30955 6
-1.36093 -1.48416 6

-0.151214 -1.83337 6
0.151214 -1.65877 6
0.151214 -2.00798 6

1.96578 -0.261911 6
2.26821 -0.0873035 6
2.26821 -0.436518 6

0.453642 1.65877 6
0.151214 1.83337 6
0.453642 2.00798 6

-0.453642 1.83337 6
-0.756071 2.00798 6
-0.453642 2.18259 6

2.26821 0.261911 6
1.96578 0.436518 6
2.26821 0.611125 6

1.36093 1.13495 6
1.0585 1.30955 6
1.36093 1.48416 6

-1.36093 1.65877 6
-1.36093 1.30955 6
-1.66336 1.48416 6

-1.66336 -0.960339 6
-1.36093 -1.13495 6
-1.66336 -1.30955 6

-1.96578 0.611125 6
-2.26821 0.436518 6
-2.26821 0.785732 6

1.36093 -1.65877 6
1.36093 -1.30955 6
1.66336 -1.48416 6

1.66336 0.261911 6
1.66336 0.611125 6
1.96578 0.436518 6

1.66336 0.960339 6
1.36093 1.13495 6
1.66336 1.30955 6

-1.66336 1.48416 6
-1.66336 1.13495 6
-1.96578 1.30955 6

-1.66336 -0.261911 6
-1.66336 -0.611125 6
-1.96578 -0.436518 6

-0.453642 -1.65877 6
-0.151214 -1.83337 6
-0.453642 -2.00798 6

1.0585 2.00798 6
0.756071 1.83337 6
0.756071 2.18259 6

-2.26821 -0.261911 6
-1.96578 -0.436518 6
-2.26821 -0.611125 6

0.151214 -2.00798 6
0.453642 -2.18259 6
0.151214 -2.3572 6

1.66336 -1.48416 6
1.66336 -1.13495 6
1.96578 -1.30955 6

1.66336 -0.785732 6
1.66336 -0.436518 6
1.96578 -0.611125 6

0.756071 2.18259 6
0.453642 2.00798 6
0.453642 2.3572 6

-1.66336 0.785732 6
-1.66336 0.436518 6
-1.96578 0.611125 6

-0.151214 2.00798 6
-0.453642 1.83337 6
-0.453642 2.18259 6

-1.0585 1.83337 6
-1.0585 1.48416 6
-1.36093 1.65877 6

-0.756071 -2.18259 6
-0.453642 -2.00798 6
-0.453642 -2.3572 6

1.0585 -1.83337 6
1.0585 -1.48416 6
1.36093 -1.65877 6

1.96578 -0.611125 6
2.26821 -0.436518 6
2.26821 -0.785732 6

1.36093 1.48416 6
1.36093 1.83337 6
1.66336 1.65877 6

-1.66336 -0.611125 6
-1.66336 -0.960339 6
-1.96578 -0.785732 6

-1.36093 -1.48416 6
-1.36093 -1.83337 6
-1.66336 -1.65877 6

1.66336 0.611125 6
1.66336 0.960339 6
1.96578 0.785732 6

0.453642 2.3572 6
0.151214 2.18259 6
0.151214 2.5318 6

-0.756071 2.00798 6
-1.0585 2.18259 6
-0.756071 2.3572 6

1.96578 -0.960339 6
2.26821 -0.785732 6
2.26821 -1.13495 6

0.453642 -1.83337 6
0.756071 -1.65877 6
0.756071 -2.00798 6

-1.0585 1.48416 6
-1.36093 1.30955 6
-1.36093 1.65877 6

-0.151214 -1.83337 6
0.151214 -2.00798 6
-0.151214 -2.18259 6

0.756071 -2.00798 6
1.0585 -1.83337 6
1.0585 -2.18259 6

2.26821 0.611125 6
1.96578 0.785732 6
2.26821 0.960339 6

-0.453642 1.83337 6
-0.756071 1.65877 6
-0.756071 2.00798 6

1.36093 -1.30955 6
1.66336 -1.13495 6
1.66336 -1.48416 6

1.0585 -1.48416 6
1.36093 -1.30955 6
1.36093 -1.65877 6

0.151214 1.83337 6
-0.151214 2.00798 6
0.151214 2.18259 6

-0.453642 -2.3572 6
-0.151214 -2.18259 6
-0.151214 -2.5318 6

-2.26821 -0.611125 6
-1.96578 -0.785732 6
-2.26821 -0.960339 6

0.756071 -2.00798 6
1.0585 -2.18259 6
0.756071 -2.3572 6

-1.36093 1.30955 6
-1.66336 1.13495 6
-1.66336 1.48416 6

-1.66336 1.13495 6
-1.66336 0.785732 6
-1.96578 0.960339 6

-1.66336 -1.30955 6
-1.66336 -1.65877 6
-1.96578 -1.48416 6

1.66336 -1.13495 6
1.66336 -0.785732 6
1.96578 -0.960339 6

-2.26821 -0.960339 6
-1.96578 -1.13495 6
-2.26821 -1.30955 6

0.151214 -2.00798 6
0.453642 -1.83337 6
0.453642 -2.18259 6

1.66336 1.30955 6
1.66336 1.65877 6
1.96578 1.48416 6

-1.0585 1.83337 6
-1.36093 2.00798 6
-1.0585 2.18259 6

-1.36093 2.00798 6
-1.36093 1.65877 6
-1.66336 1.83337 6

-1.96578 0.960339 6
-2.26821 0.785732 6
-2.26821 1.13495 6

0.453642 -2.18259 6
0.756071 -2.3572 6
0.453642 -2.5318 6

1.36093 -2.00798 6
1.36093 -1.65877 6
1.66336 -1.83337 6

-1.96578 0.611125 6
-1.96578 0.261911 6
-2.26821 0.436518 6

-1.0585 -1.65877 6
-1.0585 -2.00798 6
-1.36093 -1.83337 6

1.0585 1.65877 6
0.756071 1.83337 6
1.0585 2.00798 6

0.151214 2.18259 6
-0.151214 2.00798 6
-0.151214 2.3572 6

1.66336 -1.13495 6
1.96578 -0.960339 6
1.96578 -1.30955 6

1.66336 0.960339 6
1.66336 1.30955 6
1.96578 1.13495 6

-2.26821 0.0873035 6
-2.57064 -0.0873035 6
-2.57064 0.261911 6

-1.66336 -0.960339 6
-1.66336 -1.30955 6
-1.96578 -1.13495 6

-1.36093 -1.48416 6
-1.0585 -1.65877 6
-1.36093 -1.83337 6

1.96578 -0.261911 6
1.96578 0.0873035 6
2.26821 -0.0873035 6

-2.57064 -0.0873035 6
-2.26821 -0.261911 6
-2.57064 -0.436518 6

-1.96578 0.261911 6
-1.96578 -0.0873035 6
-2.26821 0.0873035 6

-1.36093 -1.83337 6
-1.0585 -2.00798 6
-1.36093 -2.18259 6

1.36093 1.48416 6
1.0585 1.65877 6
1.36093 1.83337 6

2.26821 0.960339 6
1.96578 1.13495 6
2.26821 1.30955 6

1.36093 1.83337 6
1.0585 2.00798 6
1.36093 2.18259 6

2.26821 -0.0873035 6
2.57064 0.0873035 6
2.57064 -0.261911 6

1.96578 0.0873035 6
1.96578 0.436518 6
2.26821 0.261911 6

1.36093 1.83337 6
1.36093 2.18259 6
1.66336 2.00798 6

-1.96578 -0.0873035 6
-1.96578 -0.436518 6
-2.26821 -0.261911 6

-2.26821 0.436518 6
-2.57064 0.261911 6
-2.57064 0.611125 6

0.756071 1.83337 6
0.453642 2.00798 6
0.756071 2.18259 6

-1.66336 -1.30955 6
-1.36093 -1.48416 6
-1.66336 -1.65877 6

-0.756071 -1.83337 6
-0.453642 -2.00798 6
-0.756071 -2.18259 6

1.96578 -0.611125 6
1.96578 -0.261911 6
2.26821 -0.436518 6

2.57064 0.0873035 6
2.26821 0.261911 6
2.57064 0.436518 6

1.0585 2.3572 6
0.756071 2.18259 6
0.756071 2.5318 6

-1.66336 1.83337 6
-1.66336 1.48416 6
-1.96578 1.65877 6

-1.96578 1.65877 6
-1.96578 1.30955 6
-2.26821 1.48416 6

1.66336 1.30955 6
1.36093 1.48416 6
1.66336 1.65877 6

-1.36093 -1.83337 6
-1.36093 -2.18259 6
-1.66336 -2.00798 6

-1.0585 -2.3572 6
-0.756071 -2.18259 6
-0.756071 -2.5318 6

2.26821 -0.436518 6
2.57064 -0.261911 6
2.57064 -0.611125 6

1.96578 0.436518 6
1.96578 0.785732 6
2.26821 0.611125 6

1.96578 1.13495 6
1.66336 1.30955 6
1.96578 1.48416 6

-1.96578 -0.436518 6
-1.96578 -0.785732 6
-2.26821 -0.611125 6

2.57064 0.436518 6
2.26821 0.611125 6
2.57064 0.785732 6

-0.453642 2.18259 6
-0.756071 2.3572 6
-0.453642 2.5318 6

-0.453642 -2.00798 6
-0.151214 -2.18259 6
-0.453642 -2.3572 6

-0.151214 -2.18259 6
0.151214 -2.00798 6
0.151214 -2.3572 6

-0.151214 2.3572 6
-0.453642 2.5318 6
-0.151214 2.70641 6

-1.66336 1.13495 6
-1.96578 0.960339 6
-1.96578 1.30955 6

-2.26821 0.785732 6
-2.57064 0.611125 6
-2.57064 0.960339 6

1.66336 -1.83337 6
1.66336 -1.48416 6
1.96578 -1.65877 6

0.453642 2.00798 6
0.151214 2.18259 6
0.453642 2.3572 6

-1.66336 -1.65877 6
-1.66336 -2.00798 6
-1.96578 -1.83337 6

-2.57064 -0.436518 6
-2.26821 -0.611125 6
-2.57064 -0.785732 6

0.151214 -2.3572 6
0.453642 -2.5318 6
0.151214 -2.70641 6

1.96578 -1.65877 6
1.96578 -1.30955 6
2.26821 -1.48416 6

1.96578 -0.960339 6
1.96578 -0.611125 6
2.26821 -0.785732 6

2.26821 -0.785732 6
2.57064 -0.611125 6
2.57064 -0.960339 6

-1.96578 0.960339 6
-1.96578 0.611125 6
-2.26821 0.785732 6

1.0585 -2.18259 6
1.0585 -1.83337 6
1.36093 -2.00798 6

-1.0585 1.83337 6
-1.36093 1.65877 6
-1.36093 2.00798 6

0.756071 2.5318 6
0.453642 2.3572 6
0.453642 2.70641 6

-0.756071 2.00798 6
-1.0585 1.83337 6
-1.0585 2.18259 6

-1.0585 2.18259 6
-1.36093 2.3572 6
-1.0585 2.5318 6

-0.756071 -2.5318 6
-0.453642 -2.3572 6
-0.453642 -2.70641 6

1.0585 -1.83337 6
1.36093 -1.65877 6
1.36093 -2.00798 6

-0.453642 2.18259 6
-0.756071 2.00798 6
-0.756071 2.3572 6

1.66336 1.65877 6
1.66336 2.00798 6
1.96578 1.83337 6

-1.0585 2.18259 6
-1.36093 2.00798 6
-1.36093 2.3572 6

-1.96578 -1.13495 6
-1.66336 -1.30955 6
-1.96578 -1.48416 6

0.756071 -2.3572 6
1.0585 -2.5318 6
0.756071 -2.70641 6

0.453642 -2.18259 6
0.756071 -2.00798 6
0.756071 -2.3572 6

1.96578 0.785732 6
1.96578 1.13495 6
2.26821 0.960339 6

0.453642 2.70641 6
0.151214 2.5318 6
0.151214 2.88102 6

-1.96578 -0.785732 6
-1.96578 -1.13495 6
-2.26821 -0.960339 6

-0.453642 -2.70641 6
-0.151214 -2.5318 6
-0.151214 -2.88102 6

-1.36093 1.65877 6
-1.66336 1.48416 6
-1.66336 1.83337 6

-0.151214 -2.18259 6
0.151214 -2.3572 6
-0.151214 -2.5318 6

1.36093 -1.65877 6
1.66336 -1.48416 6
1.66336 -1.83337 6

-0.756071 2.3572 6
-1.0585 2.5318 6
-0.756071 2.70641 6

-1.36093 2.3572 6
-1.36093 2.00798 6
-1.66336 2.18259 6

0.453642 -2.5318 6
0.756071 -2.70641 6
0.453642 -2.88102 6

1.36093 -2.3572 6
1.36093 -2.00798 6
1.66336 -2.18259 6

0.151214 2.18259 6
-0.151214 2.3572 6
0.151214 2.5318 6

-2.26821 0.0873035 6
-2.26821 -0.261911 6
-2.57064 -0.0873035 6

-1.66336 -1.65877 6
-1.36093 -1.83337 6
-1.66336 -2.00798 6

1.66336 -1.48416 6
1.96578 -1.30955 6
1.96578 -1.65877 6

1.96578 -1.30955 6
1.96578 -0.960339 6
2.26821 -1.13495 6

2.26821 -0.0873035 6
2.26821 0.261911 6
2.57064 0.0873035 6

-2.26821 1.13495 6
-2.57064 0.960339 6
-2.57064 1.30955 6

-1.96578 1.30955 6
-1.96578 0.960339 6
-2.26821 1.13495 6

-1.36093 -2.18259 6
-1.0585 -2.00798 6
-1.0585 -2.3572 6

-1.96578 -1.48416 6
-1.66336 -1.65877 6
-1.96578 -1.83337 6

2.87307 -0.0873035 6
2.57064 0.0873035 6
2.87307 0.261911 6

0.151214 -2.3572 6
0.453642 -2.18259 6
0.453642 -2.5318 6

2.26821 0.261911 6
2.26821 0.611125 6
2.57064 0.436518 6

-0.151214 2.3572 6
-0.453642 2.18259 6
-0.453642 2.5318 6

2.26821 -1.13495 6
2.57064 -0.960339 6
2.57064 -1.30955 6

1.36093 2.18259 6
1.0585 2.00798 6
1.0585 2.3572 6

1.66336 1.65877 6
1.36093 1.83337 6
1.66336 2.00798 6

-2.57064 -0.785732 6
-2.26821 -0.960339 6
-2.57064 -1.13495 6

-1.66336 1.48416 6
-1.96578 1.30955 6
-1.96578 1.65877 6

1.66336 -2.18259 6
1.66336 -1.83337 6
1.96578 -2.00798 6

-1.0585 -2.70641 6
-0.756071 -2.5318 6
-0.756071 -2.88102 6

2.57064 -0.261911 6
2.87307 -0.0873035 6
2.87307 -0.436518 6

-2.87307 0.0873035 6
-2.57064 -0.0873035 6
-2.87307 -0.261911 6

-1.36093 -2.18259 6
-1.36093 -2.5318 6
-1.66336 -2.3572 6

-1.0585 -2.00798 6
-0.756071 -2.18259 6
-1.0585 -2.3572 6

1.66336 2.00798 6
1.66336 2.3572 6
1.96578 2.18259 6

2.26821 -0.436518 6
2.26821 -0.0873035 6
2.57064 -0.261911 6

1.36093 2.5318 6
1.0585 2.3572 6
1.0585 2.70641 6

1.0585 2.00798 6
0.756071 2.18259 6
1.0585 2.3572 6

-2.26821 0.785732 6
-2.26821 0.436518 6
-2.57064 0.611125 6

-2.26821 0.436518 6
-2.26821 0.0873035 6
-2.57064 0.261911 6

-1.96578 -1.48416 6
-1.96578 -1.83337 6
-2.26821 -1.65877 6

1.96578 -1.30955 6
2.26821 -1.13495 6
2.26821 -1.48416 6

2.57064 0.785732 6
2.26821 0.960339 6
2.57064 1.13495 6

1.96578 1.48416 6
1.96578 1.83337 6
2.26821 1.65877 6

0.151214 2.5318 6
-0.151214 2.3572 6
-0.151214 2.70641 6

-2.57064 0.261911 6
-2.87307 0.0873035 6
-2.87307 0.436518 6

1.0585 -2.18259 6
1.36093 -2.3572 6
1.0585 -2.5318 6

1.36093 2.18259 6
1.0585 2.3572 6
1.36093 2.5318 6

-2.26821 -0.261911 6
-2.26821 -0.611125 6
-2.57064 -0.436518 6

2.87307 0.261911 6
2.57064 0.436518 6
2.87307 0.611125 6

1.96578 1.13495 6
1.96578 1.48416 6
2.26821 1.30955 6

-2.87307 -0.261911 6
-2.57064 -0.436518 6
-2.87307 -0.611125 6

-1.96578 -1.13495 6
-1.96578 -1.48416 6
-2.26821 -1.30955 6

-1.66336 -2.00798 6
-1.66336 -2.3572 6
-1.96578 -2.18259 6

-0.756071 -2.18259 6
-0.453642 -2.3572 6
-0.756071 -2.5318 6

2.26821 1.30955 6
2.26821 1.65877 6
2.57064 1.48416 6

0.756071 2.18259 6
0.453642 2.3572 6
0.756071 2.5318 6

-1.36093 2.70641 6
-1.36093 2.3572 6
-1.66336 2.5318 6

2.26821 -0.785732 6
2.26821 -0.436518 6
2.57064 -0.611125 6

1.0585 2.70641 6
0.756071 2.5318 6
0.756071 2.88102 6

-1.96578 1.30955 6
-2.26821 1.13495 6
-2.26821 1.48416 6

2.57064 -0.611125 6
2.87307 -0.436518 6
2.87307 -0.785732 6

2.26821 0.611125 6
2.26821 0.960339 6
2.57064 0.785732 6

1.96578 1.48416 6
1.66336 1.65877 6
1.96578 1.83337 6

-1.36093 2.00798 6
-1.66336 1.83337 6
-1.66336 2.18259 6

-2.57064 -1.13495 6
-2.26821 -1.30955 6
-2.57064 -1.48416 6

-1.36093 -2.18259 6
-1.0585 -2.3572 6
-1.36093 -2.5318 6

-2.57064 0.611125 6
-2.87307 0.436518 6
-2.87307 0.785732 6

-2.26821 -0.611125 6
-2.26821 -0.960339 6
-2.57064 -0.785732 6

-0.453642 -2.3572 6
-0.151214 -2.5318 6
-0.453642 -2.70641 6

-0.151214 -2.5318 6
0.151214 -2.3572 6
0.151214 -2.70641 6

-0.151214 2.70641 6
-0.453642 2.88102 6
-0.151214 3.05562 6

-0.453642 2.5318 6
-0.756071 2.70641 6
-0.453642 2.88102 6

1.96578 -2.00798 6
1.96578 -1.65877 6
2.26821 -1.83337 6

2.26821 -1.13495 6
2.26821 -0.785732 6
2.57064 -0.960339 6

2.26821 0.960339 6
2.26821 1.30955 6
2.57064 1.13495 6

-1.96578 2.00798 6
-1.96578 1.65877 6
-2.26821 1.83337 6

-1.66336 2.18259 6
-1.66336 1.83337 6
-1.96578 2.00798 6

1.36093 -2.00798 6
1.66336 -1.83337 6
1.66336 -2.18259 6

1.0585 -2.18259 6
1.36093 -2.00798 6
1.36093 -2.3572 6

-2.87307 -0.611125 6
-2.57064 -0.785732 6
-2.87307 -0.960339 6

-0.756071 -2.88102 6
-0.453642 -2.70641 6
-0.453642 -3.05562 6

-0.756071 2.3572 6
-1.0585 2.18259 6
-1.0585 2.5318 6

2.26821 -1.83337 6
2.26821 -1.48416 6
2.57064 -1.65877 6

0.453642 2.3572 6
0.151214 2.5318 6
0.453642 2.70641 6

1.36093 -2.70641 6
1.36093 -2.3572 6
1.66336 -2.5318 6

2.87307 0.611125 6
2.57064 0.785732 6
2.87307 0.960339 6

0.453642 -2.5318 6
0.756071 -2.3572 6
0.756071 -2.70641 6

0.151214 -2.70641 6
0.453642 -2.88102 6
0.151214 -3.05562 6

0.756071 -2.3572 6
1.0585 -2.18259 6
1.0585 -2.5318 6

-0.756071 2.70641 6
-1.0585 2.88102 6
-0.756071 3.05562 6

-1.66336 -2.00798 6
-1.36093 -2.18259 6
-1.66336 -2.3572 6

-2.26821 1.83337 6
-2.26821 1.48416 6
-2.57064 1.65877 6

1.0585 -2.5318 6
1.36093 -2.70641 6
1.0585 -2.88102 6

1.66336 -1.83337 6
1.96578 -1.65877 6
1.96578 -2.00798 6

-2.57064 0.960339 6
-2.87307 0.785732 6
-2.87307 1.13495 6

-2.26821 1.13495 6
-2.26821 0.785732 6
-2.57064 0.960339 6

-2.26821 -1.30955 6
-1.96578 -1.48416 6
-2.26821 -1.65877 6

-0.453642 2.5318 6
-0.756071 2.3572 6
-0.756071 2.70641 6

0.756071 2.88102 6
0.453642 2.70641 6
0.453642 3.05562 6

-1.66336 2.5318 6
-1.66336 2.18259 6
-1.96578 2.3572 6

2.57064 -0.960339 6
2.87307 -0.785732 6
2.87307 -1.13495 6

1.96578 1.83337 6
1.96578 2.18259 6
2.26821 2.00798 6

-0.151214 -2.5318 6
0.151214 -2.70641 6
-0.151214 -2.88102 6

1.96578 -2.3572 6
1.96578 -2.00798 6
2.26821 -2.18259 6

2.26821 1.65877 6
2.26821 2.00798 6
2.57064 1.83337 6

-1.66336 1.83337 6
-1.96578 1.65877 6
-1.96578 2.00798 6

2.87307 0.960339 6
2.57064 1.13495 6
2.87307 1.30955 6

2.26821 1.30955 6
1.96578 1.48416 6
2.26821 1.65877 6

-2.57064 0.261911 6
-2.57064 -0.0873035 6
-2.87307 0.0873035 6

-1.96578 -1.83337 6
-1.96578 -2.18259 6
-2.26821 -2.00798 6

1.96578 -1.65877 6
2.26821 -1.48416 6
2.26821 -1.83337 6

-2.26821 -0.960339 6
-2.26821 -1.30955 6
-2.57064 -1.13495 6

-1.36093 -2.5318 6
-1.0585 -2.3572 6
-1.0585 -2.70641 6

1.66336 2.70641 6
1.36093 2.5318 6
1.36093 2.88102 6

-1.0585 2.5318 6
-1.36093 2.3572 6
-1.36093 2.70641 6

2.57064 -0.261911 6
2.57064 0.0873035 6
2.87307 -0.0873035 6

1.36093 2.18259 6
1.36093 2.5318 6
1.66336 2.3572 6

-1.96578 2.3572 6
-1.96578 2.00798 6
-2.26821 2.18259 6

-2.87307 -0.960339 6
-2.57064 -1.13495 6
-2.87307 -1.30955 6

-2.87307 0.0873035 6
-3.1755 -0.0873035 6
-3.1755 0.261911 6

2.26821 -1.48416 6
2.26821 -1.13495 6
2.57064 -1.30955 6

2.87307 -0.0873035 6
3.1755 0.0873035 6
3.1755 -0.261911 6

-1.66336 -2.70641 6
-1.36093 -2.5318 6
-1.36093 -2.88102 6

0.756071 -2.70641 6
1.0585 -2.88102 6
0.756071 -3.05562 6

3.1755 0.0873035 6
2.87307 0.261911 6
3.1755 0.436518 6

0.151214 2.5318 6
-0.151214 2.70641 6
0.151214 2.88102 6

-1.66336 -2.3572 6
-1.36093 -2.5318 6
-1.66336 -2.70641 6

2.57064 0.0873035 6
2.57064 0.436518 6
2.87307 0.261911 6

1.66336 2.00798 6
1.36093 2.18259 6
1.66336 2.3572 6

-2.57064 0.611125 6
-2.57064 0.261911 6
-2.87307 0.436518 6

-2.26821 -1.65877 6
-2.26821 -2.00798 6
-2.57064 -1.83337 6

-0.453642 -3.05562 6
-0.151214 -2.88102 6
-0.151214 -3.23023 6

-2.87307 0.436518 6
-3.1755 0.261911 6
-3.1755 0.611125 6

-2.26821 1.48416 6
-2.26821 1.13495 6
-2.57064 1.30955 6

-2.57064 -0.0873035 6
-2.57064 -0.436518 6
-2.87307 -0.261911 6

2.57064 -0.611125 6
2.57064 -0.261911 6
2.87307 -0.436518 6

-1.0585 -2.3572 6
-0.756071 -2.5318 6
-1.0585 -2.70641 6

1.66336 2.3572 6
1.66336 2.70641 6
1.96578 2.5318 6

2.57064 -1.30955 6
2.87307 -1.13495 6
2.87307 -1.48416 6

0.453642 3.05562 6
0.151214 2.88102 6
0.151214 3.23023 6

1.0585 2.3572 6
0.756071 2.5318 6
1.0585 2.70641 6

-2.57064 1.30955 6
-2.87307 1.13495 6
-2.87307 1.48416 6

-3.1755 -0.0873035 6
-2.87307 -0.261911 6
-3.1755 -0.436518 6

-0.756071 -2.5318 6
-0.453642 -2.70641 6
-0.756071 -2.88102 6

0.151214 -2.70641 6
0.453642 -2.5318 6
0.453642 -2.88102 6

-2.26821 -1.30955 6
-2.26821 -1.65877 6
-2.57064 -1.48416 6

1.66336 2.3572 6
1.36093 2.5318 6
1.66336 2.70641 6

-0.151214 2.70641 6
-0.453642 2.5318 6
-0.453642 2.88102 6

1.0585 -2.5318 6
1.36093 -2.3572 6
1.36093 -2.70641 6

2.87307 -0.436518 6
3.1755 -0.261911 6
3.1755 -0.611125 6

1.96578 2.18259 6
1.96578 2.5318 6
2.26821 2.3572 6

-1.96578 1.65877 6
-2.26821 1.48416 6
-2.26821 1.83337 6

3.1755 0.436518 6
2.87307 0.611125 6
3.1755 0.785732 6

2.57064 0.436518 6
2.57064 0.785732 6
2.87307 0.611125 6

1.96578 1.83337 6
1.66336 2.00798 6
1.96578 2.18259 6

-2.26821 2.18259 6
-2.26821 1.83337 6
-2.57064 2.00798 6

-1.96578 -1.83337 6
-1.66336 -2.00798 6
-1.96578 -2.18259 6

-2.26821 -1.65877 6
-1.96578 -1.83337 6
-2.26821 -2.00798 6

2.57064 1.13495 6
2.26821 1.30955 6
2.57064 1.48416 6

-2.57064 -0.436518 6
-2.57064 -0.785732 6
-2.87307 -0.611125 6

-2.87307 0.785732 6
-3.1755 0.611125 6
-3.1755 0.960339 6

-0.453642 2.88102 6
-0.756071 3.05562 6
-0.453642 3.23023 6

-3.1755 -0.436518 6
-2.87307 -0.611125 6
-3.1755 -0.785732 6

0.453642 -2.88102 6
0.756071 -3.05562 6
0.453642 -3.23023 6

-1.0585 -3.05562 6
-0.756071 -2.88102 6
-0.756071 -3.23023 6

2.26821 -2.18259 6
2.26821 -1.83337 6
2.57064 -2.00798 6

2.57064 0.785732 6
2.57064 1.13495 6
2.87307 0.960339 6

0.756071 2.5318 6
0.453642 2.70641 6
0.756071 2.88102 6

-0.756071 -3.23023 6
-0.453642 -3.05562 6
-0.453642 -3.40484 6

2.57064 -0.960339 6
2.57064 -0.611125 6
2.87307 -0.785732 6

1.0585 3.05562 6
0.756071 2.88102 6
0.756071 3.23023 6

-2.57064 0.960339 6
-2.57064 0.611125 6
-2.87307 0.785732 6

-2.26821 -2.00798 6
-2.26821 -2.3572 6
-2.57064 -2.18259 6

-1.0585 2.5318 6
-1.36093 2.70641 6
-1.0585 2.88102 6

2.87307 -0.785732 6
3.1755 -0.611125 6
3.1755 -0.960339 6

2.87307 1.30955 6
2.57064 1.48416 6
2.87307 1.65877 6

-1.36093 -2.88102 6
-1.0585 -2.70641 6
-1.0585 -3.05562 6

1.66336 -2.5318 6
1.66336 -2.18259 6
1.96578 -2.3572 6

2.26821 2.00798 6
2.26821 2.3572 6
2.57064 2.18259 6

-1.36093 2.3572 6
-1.66336 2.18259 6
-1.66336 2.5318 6

-0.151214 -2.88102 6
0.151214 -2.70641 6
0.151214 -3.05562 6

1.36093 -2.3572 6
1.66336 -2.18259 6
1.66336 -2.5318 6

2.57064 -1.30955 6
2.57064 -0.960339 6
2.87307 -1.13495 6

2.26821 1.65877 6
1.96578 1.83337 6
2.26821 2.00798 6

-0.151214 3.05562 6
-0.453642 3.23023 6
-0.151214 3.40484 6

-2.87307 -1.30955 6
-2.57064 -1.48416 6
-2.87307 -1.65877 6

-2.57064 -0.785732 6
-2.57064 -1.13495 6
-2.87307 -0.960339 6

2.26821 -1.48416 6
2.57064 -1.30955 6
2.57064 -1.65877 6

1.66336 -2.18259 6
1.96578 -2.00798 6
1.96578 -2.3572 6

-1.36093 2.70641 6
-1.66336 2.88102 6
-1.36093 3.05562 6

-3.1755 -0.785732 6
-2.87307 -0.960339 6
-3.1755 -1.13495 6

1.36093 -2.70641 6
1.66336 -2.88102 6
1.36093 -3.05562 6

0.151214 2.88102 6
-0.151214 2.70641 6
-0.151214 3.05562 6

-1.36093 2.70641 6
-1.66336 2.5318 6
-1.66336 2.88102 6

-2.26821 1.48416 6
-2.57064 1.30955 6
-2.57064 1.65877 6

-2.57064 2.00798 6
-2.57064 1.65877 6
-2.87307 1.83337 6

2.57064 -2.00798 6
2.57064 -1.65877 6
2.87307 -1.83337 6

-0.756071 2.70641 6
-1.0585 2.5318 6
-1.0585 2.88102 6

0.151214 -3.05562 6
0.453642 -3.23023 6
0.151214 -3.40484 6

0.756071 -2.70641 6
1.0585 -2.5318 6
1.0585 -2.88102 6

-0.756071 3.05562 6
-1.0585 3.23023 6
-0.756071 3.40484 6

-1.66336 2.18259 6
-1.96578 2.00798 6
-1.96578 2.3572 6

1.96578 -2.00798 6
2.26821 -1.83337 6
2.26821 -2.18259 6

1.66336 -2.88102 6
1.66336 -2.5318 6
1.96578 -2.70641 6

0.453642 2.70641 6
0.151214 2.88102 6
0.453642 3.05562 6

0.453642 -2.88102 6
0.756071 -2.70641 6
0.756071 -3.05562 6

-0.453642 -2.70641 6
-0.151214 -2.88102 6
-0.453642 -3.05562 6

3.1755 0.785732 6
2.87307 0.960339 6
3.1755 1.13495 6

-1.96578 2.00798 6
-2.26821 1.83337 6
-2.26821 2.18259 6

2.26821 -2.5318 6
2.26821 -2.18259 6
2.57064 -2.3572 6

-2.87307 1.13495 6
-3.1755 0.960339 6
-3.1755 1.30955 6

-2.57064 1.30955 6
-2.57064 0.960339 6
-2.87307 1.13495 6

-2.57064 -1.48416 6
-2.26821 -1.65877 6
-2.57064 -1.83337 6

-2.87307 -0.611125 6
-2.87307 -0.960339 6
-3.1755 -0.785732 6

0.756071 3.23023 6
0.453642 3.05562 6
0.453642 3.40484 6

-0.453642 2.88102 6
-0.756071 2.70641 6
-0.756071 3.05562 6

1.96578 -2.70641 6
1.96578 -2.3572 6
2.26821 -2.5318 6

2.87307 -1.13495 6
3.1755 -0.960339 6
3.1755 -1.30955 6

1.36093 2.88102 6
1.0585 2.70641 6
1.0585 3.05562 6

-1.96578 2.70641 6
-1.96578 2.3572 6
-2.26821 2.5318 6

2.87307 -0.0873035 6
2.87307 0.261911 6
3.1755 0.0873035 6

2.57064 1.48416 6
2.26821 1.65877 6
2.57064 1.83337 6

-1.66336 -2.3572 6
-1.66336 -2.70641 6
-1.96578 -2.5318 6

2.57064 1.13495 6
2.57064 1.48416 6
2.87307 1.30955 6

-2.87307 0.0873035 6
-2.87307 -0.261911 6
-3.1755 -0.0873035 6

-1.0585 -2.70641 6
-0.756071 -2.88102 6
-1.0585 -3.05562 6

2.87307 0.261911 6
2.87307 0.611125 6
3.1755 0.436518 6

-2.57064 -1.13495 6
-2.57064 -1.48416 6
-2.87307 -1.30955 6

3.1755 -0.261911 6
3.47793 -0.0873035 6
3.47793 -0.436518 6

3.47793 -0.0873035 6
3.1755 0.0873035 6
3.47793 0.261911 6

-2.87307 0.436518 6
-2.87307 0.0873035 6
-3.1755 0.261911 6

-1.96578 -2.18259 6
-1.96578 -2.5318 6
-2.26821 -2.3572 6

1.96578 2.18259 6
1.66336 2.3572 6
1.96578 2.5318 6

1.36093 2.5318 6
1.0585 2.70641 6
1.36093 2.88102 6

-1.66336 -2.70641 6
-1.36093 -2.88102 6
-1.66336 -3.05562 6

-1.96578 -2.18259 6
-1.66336 -2.3572 6
-1.96578 -2.5318 6

-1.36093 -2.5318 6
-1.0585 -2.70641 6
-1.36093 -2.88102 6

2.26821 2.00798 6
1.96578 2.18259 6
2.26821 2.3572 6

-2.26821 2.5318 6
-2.26821 2.18259 6
-2.57064 2.3572 6

-3.47793 0.0873035 6
-3.1755 -0.0873035 6
-3.47793 -0.261911 6

-3.47793 -0.261911 6
-3.1755 -0.436518 6
-3.47793 -0.611125 6

2.87307 -0.436518 6
2.87307 -0.0873035 6
3.1755 -0.261911 6

1.66336 2.70641 6
1.66336 3.05562 6
1.96578 2.88102 6

-1.66336 2.88102 6
-1.66336 2.5318 6
-1.96578 2.70641 6

2.57064 -1.65877 6
2.57064 -1.30955 6
2.87307 -1.48416 6

2.87307 0.611125 6
2.87307 0.960339 6
3.1755 0.785732 6

-3.1755 0.261911 6
-3.47793 0.0873035 6
-3.47793 0.436518 6

-2.87307 -0.261911 6
-2.87307 -0.611125 6
-3.1755 -0.436518 6

-2.26821 -2.00798 6
-1.96578 -2.18259 6
-2.26821 -2.3572 6

2.57064 1.48416 6
2.57064 1.83337 6
2.87307 1.65877 6

1.96578 2.5318 6
1.96578 2.88102 6
2.26821 2.70641 6

1.66336 3.05562 6
1.36093 2.88102 6
1.36093 3.23023 6

-1.96578 -2.5318 6
-1.96578 -2.88102 6
-2.26821 -2.70641 6

-1.66336 -3.05562 6
-1.36093 -2.88102 6
-1.36093 -3.23023 6

2.26821 -1.83337 6
2.57064 -1.65877 6
2.57064 -2.00798 6

3.47793 0.261911 6
3.1755 0.436518 6
3.47793 0.611125 6

-0.151214 -2.88102 6
0.151214 -3.05562 6
-0.151214 -3.23023 6

0.151214 -3.05562 6
0.453642 -2.88102 6
0.453642 -3.23023 6

-0.453642 -3.40484 6
-0.151214 -3.23023 6
-0.151214 -3.57944 0

0.151214 2.88102 6
-0.151214 3.05562 6
0.151214 3.23023 6

2.87307 -1.48416 6
3.1755 -1.30955 6
3.1755 -1.65877 6

2.87307 -0.785732 6
2.87307 -0.436518 6
3.1755 -0.611125 6

-0.151214 3.05562 6
-0.453642 2.88102 6
-0.453642 3.23023 6

-2.87307 0.785732 6
-2.87307 0.436518 6
-3.1755 0.611125 6

3.1755 -0.611125 6
3.47793 -0.436518 6
3.47793 -0.785732 6

1.0585 2.70641 6
0.756071 2.88102 6
1.0585 3.05562 6

-2.57064 1.65877 6
-2.57064 1.30955 6
-2.87307 1.48416 6

0.756071 -3.05562 6
1.0585 -3.23023 6
0.756071 -3.40484 6

-0.756071 -2.88102 6
-0.453642 -3.05562 6
-0.756071 -3.23023 6

1.0585 3.40484 6
0.756071 3.23023 6
0.756071 3.57944 0

-3.1755 0.611125 6
-3.47793 0.436518 6
-3.47793 0.785732 6

1.36093 -2.70641 6
1.66336 -2.5318 6
1.66336 -2.88102 6

0.453642 3.40484 6
0.151214 3.23023 6
0.151214 3.57944 0

-2.87307 1.48416 6
-3.1755 1.30955 6
-3.1755 1.65877 6

-2.26821 1.83337 6
-2.57064 1.65877 6
-2.57064 2.00798 6

-1.0585 -3.40484 6
-0.756071 -3.23023 6
-0.756071 -3.57944 0

3.47793 0.611125 6
3.1755 0.785732 6
3.47793 0.960339 6

3.1755 1.13495 6
2.87307 1.30955 6
3.1755 1.48416 6

-1.36093 3.05562 6
-1.66336 2.88102 6
-1.66336 3.23023 6

-3.1755 -1.13495 6
-2.87307 -1.30955 6
-3.1755 -1.48416 6

2.57064 1.83337 6
2.57064 2.18259 6
2.87307 2.00798 6

2.57064 1.83337 6
2.26821 2.00798 6
2.57064 2.18259 6

-2.26821 -2.3572 6
-2.26821 -2.70641 6
-2.57064 -2.5318 6

-2.57064 -1.83337 6
-2.57064 -2.18259 6
-2.87307 -2.00798 6

2.87307 -1.13495 6
2.87307 -0.785732 6
3.1755 -0.960339 6

-0.453642 3.23023 6
-0.756071 3.40484 6
-0.453642 3.57944 0

-3.47793 -0.611125 6
-3.1755 -0.785732 6
-3.47793 -0.960339 6

0.453642 -3.23023 6
0.756071 -3.40484 6
0.453642 -3.57944 0

0.756071 2.88102 6
0.453642 3.05562 6
0.756071 3.23023 6

-2.57064 2.3572 6
-2.57064 2.00798 6
-2.87307 2.18259 6

-2.87307 1.13495 6
-2.87307 0.785732 6
-3.1755 0.960339 6

-3.1755 0.960339 6
-3.47793 0.785732 6
-3.47793 1.13495 6

2.57064 -2.3572 6
2.57064 -2.00798 6
2.87307 -2.18259 6

-1.0585 2.88102 6
-1.36093 2.70641 6
-1.36093 3.05562 6

1.66336 2.70641 6
1.36093 2.88102 6
1.66336 3.05562 6

-2.57064 -1.48416 6
-2.57064 -1.83337 6
-2.87307 -1.65877 6

1.0585 -2.88102 6
1.36093 -3.05562 6
1.0585 -3.23023 6

-1.0585 2.88102 6
-1.36093 3.05562 6
-1.0585 3.23023 6

1.0585 -2.88102 6
1.36093 -2.70641 6
1.36093 -3.05562 6

1.66336 -3.23023 6
1.66336 -2.88102 6
1.96578 -3.05562 6

-1.96578 3.05562 6
-1.96578 2.70641 6
-2.26821 2.88102 6

-2.87307 -1.65877 6
-2.87307 -2.00798 6
-3.1755 -1.83337 6

-1.66336 -2.70641 6
-1.66336 -3.05562 6
-1.96578 -2.88102 6

3.1755 -0.960339 6
3.47793 -0.785732 6
3.47793 -1.13495 6

1.66336 -2.5318 6
1.96578 -2.3572 6
1.96578 -2.70641 6

2.26821 2.3572 6
2.26821 2.70641 6
2.57064 2.5318 6

-1.36093 3.05562 6
-1.66336 3.23023 6
-1.36093 3.40484 6

-1.66336 2.5318 6
-1.96578 2.3572 6
-1.96578 2.70641 6

1.96578 -3.05562 6
1.96578 -2.70641 6
2.26821 -2.88102 6

3.1755 1.48416 6
2.87307 1.65877 6
3.1755 1.83337 6

2.87307 0.960339 6
2.87307 1.30955 6
3.1755 1.13495 6

1.36093 -3.05562 6
1.66336 -3.23023 6
1.36093 -3.40484 6

-2.87307 -0.960339 6
-2.87307 -1.30955 6
-3.1755 -1.13495 6

-0.756071 3.05562 6
-1.0585 2.88102 6
-1.0585 3.23023 6

-2.57064 -1.83337 6
-2.26821 -2.00798 6
-2.57064 -2.18259 6

-2.87307 2.18259 6
-2.87307 1.83337 6
-3.1755 2.00798 6

0.151214 3.23023 6
-0.151214 3.05562 6
-0.151214 3.40484 6

-1.96578 2.3572 6
-2.26821 2.18259 6
-2.26821 2.5318 6

-0.151214 -3.23023 6
0.151214 -3.05562 6
0.151214 -3.40484 6

0.756071 -3.05562 6
1.0585 -2.88102 6
1.0585 -3.23023 6

1.96578 -2.3572 6
2.26821 -2.18259 6
2.26821 -2.5318 6

2.87307 -1.48416 6
2.87307 -1.13495 6
3.1755 -1.30955 6

-0.151214 3.40484 6
-0.453642 3.57944 0
-0.151214 3.75405 0

-2.57064 1.65877 6
-2.87307 1.48416 6
-2.87307 1.83337 6

2.87307 -2.18259 6
2.87307 -1.83337 6
3.1755 -2.00798 6

2.57064 -1.65877 6
2.87307 -1.48416 6
2.87307 -1.83337 6

-2.57064 -2.18259 6
-2.57064 -2.5318 6
-2.87307 -2.3572 6

0.151214 -3.40484 6
0.453642 -3.57944 0
0.151214 -3.75405 0

-0.756071 -3.57944 0
-0.453642 -3.40484 6
-0.453642 -3.75405 0

0.453642 3.05562 6
0.151214 3.23023 6
0.453642 3.40484 6

-3.47793 -0.960339 6
-3.1755 -1.13495 6
-3.47793 -1.30955 6

-0.453642 -3.05562 6
-0.151214 -3.23023 6
-0.453642 -3.40484 6

-2.87307 1.48416 6
-2.87307 1.13495 6
-3.1755 1.30955 6

-2.26821 2.18259 6
-2.57064 2.00798 6
-2.57064 2.3572 6

2.26821 -2.18259 6
2.57064 -2.00798 6
2.57064 -2.3572 6

3.1755 -0.261911 6
3.1755 0.0873035 6
3.47793 -0.0873035 6

1.96578 2.5318 6
1.66336 2.70641 6
1.96578 2.88102 6

-0.756071 3.40484 6
-1.0585 3.57944 0
-0.756071 3.75405 0

-3.1755 1.30955 6
-3.47793 1.13495 6
-3.47793 1.48416 6

0.756071 -3.40484 6
1.0585 -3.57944 0
0.756071 -3.75405 0

3.47793 -0.0873035 6
3.78035 0.0873035 6
3.78035 -0.261911 6

-3.1755 0.261911 6
-3.1755 -0.0873035 6
-3.47793 0.0873035 6

-1.36093 -3.23023 6
-1.0585 -3.05562 6
-1.0585 -3.40484 6

3.1755 -1.30955 6
3.47793 -1.13495 6
3.47793 -1.48416 6

1.36093 3.23023 6
1.0585 3.05562 6
1.0585 3.40484 6

0.756071 3.57944 0
0.453642 3.40484 6
0.453642 3.75405 0

-1.96578 -3.23023 6
-1.66336 -3.05562 6
-1.66336 -3.40484 6

3.1755 0.0873035 6
3.1755 0.436518 6
3.47793 0.261911 6

2.87307 1.65877 6
2.57064 1.83337 6
2.87307 2.00798 6

2.57064 -2.70641 6
2.57064 -2.3572 6
2.87307 -2.5318 6

-3.47793 0.0873035 6
-3.78035 -0.0873035 6
-3.78035 0.261911 6

0.453642 -3.23023 6
0.756071 -3.05562 6
0.756071 -3.40484 6

1.36093 3.57944 0
1.0585 3.40484 6
1.0585 3.75405 0

-0.453642 3.23023 6
-0.756071 3.05562 6
-0.756071 3.40484 6

-3.1755 -0.0873035 6
-3.1755 -0.436518 6
-3.47793 -0.261911 6

-1.36093 -2.88102 6
-1.0585 -3.05562 6
-1.36093 -3.23023 6

-1.96578 -2.5318 6
-1.66336 -2.70641 6
-1.96578 -2.88102 6

-3.47793 -1.30955 6
-3.1755 -1.48416 6
-3.47793 -1.65877 6

2.57064 2.18259 6
2.57064 2.5318 6
2.87307 2.3572 6

-3.47793 0.436518 6
-3.78035 0.261911 6
-3.78035 0.611125 6

-2.57064 2.70641 6
-2.57064 2.3572 6
-2.87307 2.5318 6

-3.78035 -0.0873035 6
-3.47793 -0.261911 6
-3.78035 -0.436518 6

-1.96578 -2.88102 6
-1.96578 -3.23023 6
-2.26821 -3.05562 6

3.47793 0.960339 6
3.1755 1.13495 6
3.47793 1.30955 6

1.96578 2.88102 6
1.96578 3.23023 6
2.26821 3.05562 6

-1.0585 -3.05562 6
-0.756071 -3.23023 6
-1.0585 -3.40484 6

3.78035 0.0873035 6
3.47793 0.261911 6
3.78035 0.436518 6

1.36093 2.88102 6
1.0585 3.05562 6
1.36093 3.23023 6

3.47793 -0.436518 6
3.78035 -0.261911 6
3.78035 -0.611125 6

2.87307 1.30955 6
2.87307 1.65877 6
3.1755 1.48416 6

2.26821 2.3572 6
1.96578 2.5318 6
2.26821 2.70641 6

-2.87307 -1.30955 6
-2.87307 -1.65877 6
-3.1755 -1.48416 6

-3.1755 0.960339 6
-3.1755 0.611125 6
-3.47793 0.785732 6

-3.1755 0.611125 6
-3.1755 0.261911 6
-3.47793 0.436518 6

-3.1755 -0.436518 6
-3.1755 -0.785732 6
-3.47793 -0.611125 6

1.0585 3.05562 6
0.756071 3.23023 6
1.0585 3.40484 6

-2.87307 -1.65877 6
-2.57064 -1.83337 6
-2.87307 -2.00798 6

-1.36093 -3.57944 0
-1.0585 -3.40484 6
-1.0585 -3.75405 0

3.1755 -0.611125 6
3.1755 -0.261911 6
3.47793 -0.436518 6

3.1755 0.785732 6
3.1755 1.13495 6
3.47793 0.960339 6

2.57064 2.18259 6
2.26821 2.3572 6
2.57064 2.5318 6

-2.87307 -2.00798 6
-2.87307 -2.3572 6
-3.1755 -2.18259 6

3.1755 0.436518 6
3.1755 0.785732 6
3.47793 0.611125 6

1.96578 2.88102 6
1.66336 3.05562 6
1.96578 3.23023 6

-2.26821 -2.70641 6
-2.26821 -3.05562 6
-2.57064 -2.88102 6

-2.26821 -2.3572 6
-1.96578 -2.5318 6
-2.26821 -2.70641 6

3.1755 -0.960339 6
3.1755 -0.611125 6
3.47793 -0.785732 6

2.26821 -2.88102 6
2.26821 -2.5318 6
2.57064 -2.70641 6

-2.87307 1.83337 6
-2.87307 1.48416 6
-3.1755 1.65877 6

-0.151214 -3.23023 6
0.151214 -3.40484 6
-0.151214 -3.57944 0

1.66336 3.40484 6
1.36093 3.23023 6
1.36093 3.57944 0

-3.78035 -0.436518 6
-3.47793 -0.611125 6
-3.78035 -0.785732 6

3.78035 0.436518 6
3.47793 0.611125 6
3.78035 0.785732 6

0.151214 3.23023 6
-0.151214 3.40484 6
0.151214 3.57944 0

-0.756071 -3.23023 6
-0.453642 -3.40484 6
-0.756071 -3.57944 0

2.57064 -2.00798 6
2.87307 -1.83337 6
2.87307 -2.18259 6

-2.57064 2.00798 6
-2.87307 1.83337 6
-2.87307 2.18259 6

-3.47793 0.785732 6
-3.78035 0.611125 6
-3.78035 0.960339 6

2.87307 -1.83337 6
2.87307 -1.48416 6
3.1755 -1.65877 6

3.47793 -0.785732 6
3.78035 -0.611125 6
3.78035 -0.960339 6

0.756071 3.23023 6
0.453642 3.40484 6
0.756071 3.57944 0

-0.151214 3.40484 6
-0.453642 3.23023 6
-0.453642 3.57944 0

-2.87307 2.5318 6
-2.87307 2.18259 6
-3.1755 2.3572 6

0.151214 -3.40484 6
0.453642 -3.23023 6
0.453642 -3.57944 0

2.87307 2.00798 6
2.87307 2.3572 6
3.1755 2.18259 6

0.453642 3.75405 0
0.151214 3.57944 0
0.151214 3.92866 0

-0.453642 -3.75405 0
-0.151214 -3.57944 0
-0.151214 -3.92866 0

3.1755 -1.65877 6
3.47793 -1.48416 6
3.47793 -1.83337 6

-1.66336 3.23023 6
-1.66336 2.88102 6
-1.96578 3.05562 6

-3.1755 -0.785732 6
-3.1755 -1.13495 6
-3.47793 -0.960339 6

-2.57064 -2.18259 6
-2.26821 -2.3572 6
-2.57064 -2.5318 6

-3.47793 1.13495 6
-3.78035 0.960339 6
-3.78035 1.30955 6

-0.453642 3.57944 0
-0.756071 3.75405 0
-0.453642 3.92866 0

-3.1755 1.65877 6
-3.47793 1.48416 6
-3.47793 1.83337 6

1.0585 -3.23023 6
1.36093 -3.40484 6
1.0585 -3.57944 0

3.47793 1.30955 6
3.1755 1.48416 6
3.47793 1.65877 6

0.453642 -3.57944 0
0.756071 -3.75405 0
0.453642 -3.92866 0

1.36093 -3.05562 6
1.66336 -2.88102 6
1.66336 -3.23023 6

-2.26821 2.88102 6
-2.26821 2.5318 6
-2.57064 2.70641 6

-1.66336 2.88102 6
-1.96578 2.70641 6
-1.96578 3.05562 6

-1.0585 3.23023 6
-1.36093 3.40484 6
-1.0585 3.57944 0

-2.26821 3.23023 6
-2.26821 2.88102 6
-2.57064 3.05562 6

-2.57064 -2.5318 6
-2.57064 -2.88102 6
-2.87307 -2.70641 6

2.87307 -2.5318 6
2.87307 -2.18259 6
3.1755 -2.3572 6

1.66336 -2.88102 6
1.96578 -2.70641 6
1.96578 -3.05562 6

3.1755 -1.30955 6
3.1755 -0.960339 6
3.47793 -1.13495 6

-1.96578 2.70641 6
-2.26821 2.5318 6
-2.26821 2.88102 6

-3.78035 -0.785732 6
-3.47793 -0.960339 6
-3.78035 -1.13495 6

-3.1755 1.30955 6
-3.1755 0.960339 6
-3.47793 1.13495 6

3.78035 0.785732 6
3.47793 0.960339 6
3.78035 1.13495 6

1.96578 -3.40484 6
1.96578 -3.05562 6
2.26821 -3.23023 6

1.96578 3.23023 6
1.66336 3.05562 6
1.66336 3.40484 6

-1.96578 -2.88102 6
-1.66336 -3.05562 6
-1.96578 -3.23023 6

1.36093 -3.40484 6
1.66336 -3.57944 0
1.36093 -3.75405 0

1.0585 3.75405 0
0.756071 3.57944 0
0.756071 3.92866 0

2.57064 2.5318 6
2.57064 2.88102 6
2.87307 2.70641 6

-1.0585 3.23023 6
-1.36093 3.05562 6
-1.36093 3.40484 6

-1.0585 -3.75405 0
-0.756071 -3.57944 0
-0.756071 -3.92866 0

3.47793 -1.13495 6
3.78035 -0.960339 6
3.78035 -1.30955 6

2.87307 1.65877 6
2.87307 2.00798 6
3.1755 1.83337 6

-3.1755 1.65877 6
-3.1755 1.30955 6
-3.47793 1.48416 6

-3.1755 -1.48416 6
-2.87307 -1.65877 6
-3.1755 -1.83337 6

1.0585 -3.23023 6
1.36093 -3.05562 6
1.36093 -3.40484 6

3.47793 1.65877 6
3.1755 1.83337 6
3.47793 2.00798 6

1.96578 -2.70641 6
2.26821 -2.5318 6
2.26821 -2.88102 6

-0.756071 3.40484 6
-1.0585 3.23023 6
-1.0585 3.57944 0

-1.96578 3.40484 6
-1.96578 3.05562 6
-2.26821 3.23023 6

-1.36093 3.40484 6
-1.66336 3.57944 0
-1.36093 3.75405 0

2.87307 2.00798 6
2.57064 2.18259 6
2.87307 2.3572 6

-3.47793 -1.65877 6
-3.1755 -1.83337 6
-3.47793 -2.00798 6

-3.1755 -1.13495 6
-3.1755 -1.48416 6
-3.47793 -1.30955 6

1.66336 -3.23023 6
1.96578 -3.40484 6
1.66336 -3.57944 0

-2.87307 -2.00798 6
-2.57064 -2.18259 6
-2.87307 -2.3572 6

0.756071 -3.40484 6
1.0585 -3.23023 6
1.0585 -3.57944 0

3.1755 1.13495 6
3.1755 1.48416 6
3.47793 1.30955 6

2.87307 -1.83337 6
3.1755 -1.65877 6
3.1755 -2.00798 6

3.1755 -2.3572 6
3.1755 -2.00798 6
3.47793 -2.18259 6

2.26821 -2.5318 6
2.57064 -2.3572 6
2.57064 -2.70641 6

-2.26821 2.5318 6
-2.57064 2.3572 6
-2.57064 2.70641 6

-2.87307 1.83337 6
-3.1755 1.65877 6
-3.1755 2.00798 6

0.151214 3.57944 0
-0.151214 3.40484 6
-0.151214 3.75405 0

-1.66336 3.23023 6
-1.96578 3.05562 6
-1.96578 3.40484 6

2.87307 2.3572 6
2.87307 2.70641 6
3.1755 2.5318 6

1.66336 -3.23023 6
1.96578 -3.05562 6
1.96578 -3.40484 6

3.78035 1.13495 6
3.47793 1.30955 6
3.78035 1.48416 6

-3.47793 0.0873035 6
-3.47793 -0.261911 6
-3.78035 -0.0873035 6

-3.1755 2.3572 6
-3.1755 2.00798 6
-3.47793 2.18259 6

-1.66336 -3.40484 6
-1.36093 -3.23023 6
-1.36093 -3.57944 0

-0.151214 -3.57944 0
0.151214 -3.40484 6
0.151214 -3.75405 0

2.57064 -2.3572 6
2.87307 -2.18259 6
2.87307 -2.5318 6

0.151214 3.92866 0
-0.151214 3.75405 0
-0.453642 3.92866 0

-1.0585 3.57944 0
-1.36093 3.75405 0
-1.0585 3.92866 0

-2.57064 3.05562 6
-2.57064 2.70641 6
-2.87307 2.88102 6

1.96578 3.23023 6
1.96578 3.57944 0
2.26821 3.40484 6

-0.453642 -3.40484 6
-0.151214 -3.57944 0
-0.453642 -3.75405 0

-2.26821 -2.70641 6
-1.96578 -2.88102 6
-2.26821 -3.05562 6

2.57064 -3.05562 6
2.57064 -2.70641 6
2.87307 -2.88102 6

2.26821 2.70641 6
2.26821 3.05562 6
2.57064 2.88102 6

-1.36093 -3.23023 6
-1.0585 -3.40484 6
-1.36093 -3.57944 0

3.1755 -1.65877 6
3.1755 -1.30955 6
3.47793 -1.48416 6

3.47793 -0.0873035 6
3.47793 0.261911 6
3.78035 0.0873035 6

-3.47793 -0.261911 6
-3.47793 -0.611125 6
-3.78035 -0.436518 6

0.453642 3.75405 0
0.151214 3.92866 0
0.756071 3.92866 0

-1.96578 -3.23023 6
-1.96578 -3.57944 0
-2.26821 -3.40484 6

1.66336 3.05562 6
1.36093 3.23023 6
1.66336 3.40484 6

0.453642 3.40484 6
0.151214 3.57944 0
0.453642 3.75405 0

-4.08278 0.0873035 0
-3.78035 -0.0873035 6
-4.08278 -0.261911 0

-0.151214 -3.92866 0
0.151214 -3.75405 0
0.453642 -3.92866 0

3.78035 -0.261911 6
4.08278 -0.0873035 0
4.08278 -0.436518 0

-1.66336 -3.05562 6
-1.36093 -3.23023 6
-1.66336 -3.40484 6

4.08278 -0.0873035 0
3.78035 0.0873035 6
4.08278 0.261911 0

1.96578 3.57944 0
1.66336 3.40484 6
1.66336 3.75405 0

-3.78035 0.261911 6
-4.08278 0.0873035 0
-4.08278 0.436518 0

-3.47793 0.436518 6
-3.47793 0.0873035 6
-3.78035 0.261911 6

-1.96578 -3.57944 0
-1.66336 -3.40484 6
-1.66336 -3.75405 0

3.47793 -0.436518 6
3.47793 -0.0873035 6
3.78035 -0.261911 6

2.26821 2.70641 6
1.96578 2.88102 6
2.26821 3.05562 6

-2.57064 2.3572 6
-2.87307 2.18259 6
-2.87307 2.5318 6

-2.87307 -2.3572 6
-2.87307 -2.70641 6
-3.1755 -2.5318 6

-0.453642 -3.75405 0
-0.151214 -3.92866 0
-0.756071 -3.92866 0

1.0585 -3.57944 0
1.36093 -3.75405 0
1.0585 -3.92866 0

3.47793 0.261911 6
3.47793 0.611125 6
3.78035 0.436518 6

2.57064 2.88102 6
2.57064 3.23023 6
2.87307 3.05562 6

-3.78035 -1.13495 6
-3.47793 -1.30955 6
-3.78035 -1.48416 6

3.47793 -1.48416 6
3.78035 -1.30955 6
3.78035 -1.65877 6

4.08278 0.261911 0
3.78035 0.436518 6
4.08278 0.611125 0

-3.47793 1.48416 6
-3.78035 1.30955 6
-3.78035 1.65877 6

-4.08278 -0.261911 0
-3.78035 -0.436518 6
-4.08278 -0.611125 0

-1.96578 -3.23023 6
-1.66336 -3.40484 6
-1.96578 -3.57944 0

3.47793 -0.785732 6
3.47793 -0.436518 6
3.78035 -0.611125 6

2.57064 2.5318 6
2.26821 2.70641 6
2.57064 2.88102 6

-3.47793 0.785732 6
-3.47793 0.436518 6
-3.78035 0.611125 6

-2.26821 -3.05562 6
-2.26821 -3.40484 6
-2.57064 -3.23023 6

3.1755 1.48416 6
3.1755 1.83337 6
3.47793 1.65877 6

0.453642 -3.57944 0
0.756071 -3.40484 6
0.756071 -3.75405 0

1.66336 3.75405 0
1.36093 3.57944 0
1.36093 3.92866 0

3.78035 -0.611125 6
4.08278 -0.436518 0
4.08278 -0.785732 0

-0.453642 3.57944 0
-0.756071 3.40484 6
-0.756071 3.75405 0

-3.1755 -1.83337 6
-2.87307 -2.00798 6
-3.1755 -2.18259 6

1.36093 3.23023 6
1.0585 3.40484 6
1.36093 3.57944 0

3.1755 2.18259 6
3.1755 2.5318 6
3.47793 2.3572 6

3.1755 1.83337 6
2.87307 2.00798 6
3.1755 2.18259 6

-3.78035 0.611125 6
-4.08278 0.436518 0
-4.08278 0.785732 0

-2.57064 -2.5318 6
-2.26821 -2.70641 6
-2.57064 -2.88102 6

-3.47793 -0.611125 6
-3.47793 -0.960339 6
-3.78035 -0.785732 6

-3.1755 -1.48416 6
-3.1755 -1.83337 6
-3.47793 -1.65877 6

-0.756071 -3.57944 0
-0.453642 -3.75405 0
-0.756071 -3.92866 0

3.47793 0.611125 6
3.47793 0.960339 6
3.78035 0.785732 6

-0.453642 3.92866 0
-0.756071 3.75405 0
-1.0585 3.92866 0

-2.87307 2.88102 6
-2.87307 2.5318 6
-3.1755 2.70641 6

-2.87307 -2.3572 6
-2.57064 -2.5318 6
-2.87307 -2.70641 6

0.453642 -3.92866 0
0.756071 -3.75405 0
1.0585 -3.92866 0

2.87307 -2.88102 6
2.87307 -2.5318 6
3.1755 -2.70641 6

4.08278 0.611125 0
3.78035 0.785732 6
4.08278 0.960339 0

1.0585 3.40484 6
0.756071 3.57944 0
1.0585 3.75405 0

-3.47793 -0.960339 6
-3.47793 -1.30955 6
-3.78035 -1.13495 6

-3.78035 0.960339 6
-4.08278 0.785732 0
-4.08278 1.13495 0

-3.47793 1.13495 6
-3.47793 0.785732 6
-3.78035 0.960339 6

3.47793 -1.13495 6
3.47793 -0.785732 6
3.78035 -0.960339 6

2.87307 2.3572 6
2.57064 2.5318 6
2.87307 2.70641 6

-3.1755 -2.18259 6
-3.1755 -2.5318 6
-3.47793 -2.3572 6

-1.0585 -3.40484 6
-0.756071 -3.57944 0
-1.0585 -3.75405 0

3.78035 1.48416 6
3.47793 1.65877 6
3.78035 1.83337 6

-3.1755 2.00798 6
-3.1755 1.65877 6
-3.47793 1.83337 6

-4.08278 -0.611125 0
-3.78035 -0.785732 6
-4.08278 -0.960339 0

2.26821 -3.23023 6
2.26821 -2.88102 6
2.57064 -3.05562 6

3.78035 -0.960339 6
4.08278 -0.785732 0
4.08278 -1.13495 0

1.0585 3.75405 0
0.756071 3.92866 0
1.36093 3.92866 0

-1.66336 3.23023 6
-1.96578 3.40484 6
-1.66336 3.57944 0

2.87307 2.70641 6
2.87307 3.05562 6
3.1755 2.88102 6

3.1755 -2.00798 6
3.1755 -1.65877 6
3.47793 -1.83337 6

0.151214 3.57944 0
-0.151214 3.75405 0
0.151214 3.92866 0

-1.66336 3.57944 0
-1.96578 3.75405 0
-1.66336 3.92866 0

-0.151214 -3.57944 0
0.151214 -3.75405 0
-0.151214 -3.92866 0

1.66336 -3.57944 0
1.96578 -3.40484 6
1.96578 -3.75405 0

3.47793 -1.83337 6
3.78035 -1.65877 6
3.78035 -2.00798 6

-1.96578 3.05562 6
-2.26821 2.88102 6
-2.26821 3.23023 6

-2.26821 3.57944 0
-2.26821 3.23023 6
-2.57064 3.40484 6

1.96578 -3.05562 6
2.26821 -2.88102 6
2.26821 -3.23023 6

-1.66336 3.57944 0
-1.96578 3.40484 6
-1.96578 3.75405 0

-3.47793 1.83337 6
-3.78035 1.65877 6
-3.78035 2.00798 6

-2.57064 -2.88102 6
-2.57064 -3.23023 6
-2.87307 -3.05562 6

-3.1755 2.70641 6
-3.1755 2.3572 6
-3.47793 2.5318 6

3.47793 0.960339 6
3.47793 1.30955 6
3.78035 1.13495 6

-3.78035 -1.48416 6
-3.47793 -1.65877 6
-3.78035 -1.83337 6

-2.26821 2.88102 6
-2.57064 2.70641 6
-2.57064 3.05562 6

1.36093 -3.40484 6
1.66336 -3.23023 6
1.66336 -3.57944 0

2.57064 -3.40484 6
2.57064 -3.05562 6
2.87307 -3.23023 6

2.87307 -2.18259 6
3.1755 -2.00798 6
3.1755 -2.3572 6

-1.36093 3.40484 6
-1.66336 3.23023 6
-1.66336 3.57944 0

-2.87307 2.18259 6
-3.1755 2.00798 6
-3.1755 2.3572 6

-0.151214 3.75405 0
-0.453642 3.57944 0
-0.453642 3.92866 0

2.57064 -2.70641 6
2.87307 -2.5318 6
2.87307 -2.88102 6

1.66336 -3.57944 0
1.96578 -3.75405 0
1.66336 -3.92866 0

0.151214 -3.75405 0
0.453642 -3.57944 0
0.453642 -3.92866 0

2.26821 -2.88102 6
2.57064 -2.70641 6
2.57064 -3.05562 6

3.47793 -1.48416 6
3.47793 -1.13495 6
3.78035 -1.30955 6

1.0585 -3.57944 0
1.36093 -3.40484 6
1.36093 -3.75405 0

-3.47793 1.48416 6
-3.47793 1.13495 6
-3.78035 1.30955 6

0.756071 3.57944 0
0.453642 3.75405 0
0.756071 3.92866 0

-1.0585 3.57944 0
-1.36093 3.40484 6
-1.36093 3.75405 0

-3.78035 1.30955 6
-4.08278 1.13495 0
-4.08278 1.48416 0

-1.0585 -3.75405 0
-0.756071 -3.92866 0
-1.36093 -3.92866 0

-4.08278 -0.960339 0
-3.78035 -1.13495 6
-4.08278 -1.30955 0

4.08278 0.960339 0
3.78035 1.13495 6
4.08278 1.30955 0

1.0585 -3.92866 0
1.36093 -3.75405 0
1.66336 -3.92866 0

-3.78035 -1.83337 6
-3.47793 -2.00798 6
-3.78035 -2.18259 6

-2.87307 -2.70641 6
-2.87307 -3.05562 6
-3.1755 -2.88102 6

3.1755 1.83337 6
3.1755 2.18259 6
3.47793 2.00798 6

1.96578 3.23023 6
1.66336 3.40484 6
1.96578 3.57944 0

-3.1755 -1.83337 6
-3.1755 -2.18259 6
-3.47793 -2.00798 6

-3.1755 -2.18259 6
-2.87307 -2.3572 6
-3.1755 -2.5318 6

3.78035 1.83337 6
3.47793 2.00798 6
3.78035 2.18259 6

3.1755 2.18259 6
2.87307 2.3572 6
3.1755 2.5318 6

-3.47793 -1.30955 6
-3.47793 -1.65877 6
-3.78035 -1.48416 6

0.756071 -3.75405 0
1.0585 -3.57944 0
1.0585 -3.92866 0

3.78035 -1.30955 6
4.08278 -1.13495 0
4.08278 -1.48416 0

-0.756071 3.75405 0
-1.0585 3.57944 0
-1.0585 3.92866 0

2.87307 -3.23023 6
2.87307 -2.88102 6
3.1755 -3.05562 6

3.47793 1.30955 6
3.47793 1.65877 6
3.78035 1.48416 6

-1.36093 -3.57944 0
-1.0585 -3.75405 0
-1.36093 -3.92866 0

-2.57064 3.40484 6
-2.57064 3.05562 6
-2.87307 3.23023 6

3.1755 -2.70641 6
3.1755 -2.3572 6
3.47793 -2.5318 6

3.78035 -0.261911 6
3.78035 0.0873035 6
4.08278 -0.0873035 0

-2.57064 2.70641 6
-2.87307 2.5318 6
-2.87307 2.88102 6

-3.78035 0.261911 6
-3.78035 -0.0873035 6
-4.08278 0.0873035 0

1.36093 3.57944 0
1.0585 3.75405 0
1.36093 3.92866 0

-1.0585 3.92866 0
-1.36093 3.75405 0
-1.66336 3.92866 0

-4.08278 0.0873035 0
-4.38521 -0.0873035 0
-4.38521 0.261911 0

-1.66336 -3.75405 0
-1.36093 -3.57944 0
-1.36093 -3.92866 0

-3.78035 -0.0873035 6
-3.78035 -0.436518 6
-4.08278 -0.261911 0

3.78035 0.0873035 6
3.78035 0.436518 6
4.08278 0.261911 0

4.08278 -0.0873035 0
4.38521 0.0873035 0
4.38521 -0.261911 0

2.26821 3.05562 6
2.26821 3.40484 6
2.57064 3.23023 6

4.08278 -0.436518 0
4.38521 -0.261911 0
4.38521 -0.611125 0

-2.26821 -3.05562 6
-1.96578 -3.23023 6
-2.26821 -3.40484 6

1.96578 -3.75405 0
1.96578 -3.40484 6
2.26821 -3.57944 0

2.26821 3.05562 6
1.96578 3.23023 6
2.26821 3.40484 6

4.08278 1.30955 0
3.78035 1.48416 6
4.08278 1.65877 0

-2.57064 -3.23023 6
-2.57064 -3.57944 0
-2.87307 -3.40484 6

-3.78035 -0.436518 6
-3.78035 -0.785732 6
-4.08278 -0.611125 0

-2.87307 3.23023 6
-2.87307 2.88102 6
-3.1755 3.05562 6

3.1755 2.5318 6
3.1755 2.88102 6
3.47793 2.70641 6

2.87307 3.05562 6
2.87307 3.40484 6
3.1755 3.23023 6

-4.38521 -0.0873035 0
-4.08278 -0.261911 0
-4.38521 -0.436518 0

-2.57064 -2.88102 6
-2.26821 -3.05562 6
-2.57064 -3.23023 6

1.66336 3.40484 6
1.36093 3.57944 0
1.66336 3.75405 0

-3.1755 2.00798 6
-3.47793 1.83337 6
-3.47793 2.18259 6

-3.78035 0.611125 6
-3.78035 0.261911 6
-4.08278 0.436518 0

-2.26821 -3.40484 6
-2.26821 -3.75405 0
-2.57064 -3.57944 0

3.78035 -0.611125 6
3.78035 -0.261911 6
4.08278 -0.436518 0

4.38521 0.0873035 0
4.08278 0.261911 0
4.38521 0.436518 0

3.1755 -2.00798 6
3.47793 -1.83337 6
3.47793 -2.18259 6

-3.78035 -0.785732 6
-3.78035 -1.13495 6
-4.08278 -0.960339 0

-1.66336 -3.40484 6
-1.36093 -3.57944 0
-1.66336 -3.75405 0

2.57064 2.88102 6
2.26821 3.05562 6
2.57064 3.23023 6

-3.78035 1.65877 6
-4.08278 1.48416 0
-4.08278 1.83337 0

-3.47793 2.5318 6
-3.47793 2.18259 6
-3.78035 2.3572 6

2.26821 3.40484 6
2.26821 3.75405 0
2.57064 3.57944 0

-4.08278 0.436518 0
-4.38521 0.261911 0
-4.38521 0.611125 0

-2.87307 -2.70641 6
-2.57064 -2.88102 6
-2.87307 -3.05562 6

3.47793 -1.83337 6
3.47793 -1.48416 6
3.78035 -1.65877 6

3.78035 0.436518 6
3.78035 0.785732 6
4.08278 0.611125 0

-4.38521 -0.436518 0
-4.08278 -0.611125 0
-4.38521 -0.785732 0

3.78035 -1.30955 6
3.78035 -0.960339 6
4.08278 -1.13495 0

1.66336 3.75405 0
1.36093 3.92866 0
1.96578 3.92866 0

-3.47793 1.83337 6
-3.47793 1.48416 6
-3.78035 1.65877 6

3.47793 -2.5318 6
3.47793 -2.18259 6
3.78035 -2.3572 6

3.78035 -0.960339 6
3.78035 -0.611125 6
4.08278 -0.785732 0

-3.78035 0.960339 6
-3.78035 0.611125 6
-4.08278 0.785732 0

-1.66336 -3.75405 0
-1.36093 -3.92866 0
-1.96578 -3.92866 0

4.38521 0.436518 0
4.08278 0.611125 0
4.38521 0.785732 0

-2.87307 -3.05562 6
-2.87307 -3.40484 6
-3.1755 -3.23023 6

4.08278 -0.785732 0
4.38521 -0.611125 0
4.38521 -0.960339 0

2.87307 2.70641 6
2.57064 2.88102 6
2.87307 3.05562 6

-3.47793 -1.65877 6
-3.47793 -2.00798 6
-3.78035 -1.83337 6

2.87307 -2.5318 6
3.1755 -2.3572 6
3.1755 -2.70641 6

-2.87307 2.5318 6
-3.1755 2.3572 6
-3.1755 2.70641 6

-4.08278 0.785732 0
-4.38521 0.611125 0
-4.38521 0.960339 0

3.1755 -3.05562 6
3.1755 -2.70641 6
3.47793 -2.88102 6

2.57064 3.23023 6
2.57064 3.57944 0
2.87307 3.40484 6

-4.08278 -1.30955 0
-3.78035 -1.48416 6
-4.08278 -1.65877 0

3.78035 0.785732 6
3.78035 1.13495 6
4.08278 0.960339 0

-3.1755 3.05562 6
-3.1755 2.70641 6
-3.47793 2.88102 6

-3.1755 -2.5318 6
-3.1755 -2.88102 6
-3.47793 -2.70641 6

-3.47793 -2.3572 6
-3.47793 -2.70641 6
-3.78035 -2.5318 6

-3.47793 -2.00798 6
-3.1755 -2.18259 6
-3.47793 -2.3572 6

3.47793 2.00798 6
3.1755 2.18259 6
3.47793 2.3572 6

-1.36093 3.75405 0
-1.66336 3.57944 0
-1.66336 3.92866 0

4.38521 0.785732 0
4.08278 0.960339 0
4.38521 1.13495 0

3.47793 1.65877 6
3.47793 2.00798 6
3.78035 1.83337 6

2.26821 3.75405 0
1.96578 3.57944 0
1.96578 3.92866 0

-4.08278 1.13495 0
-4.38521 0.960339 0
-4.38521 1.30955 0

-3.78035 1.30955 6
-3.78035 0.960339 6
-4.08278 1.13495 0

3.78035 -1.65877 6
4.08278 -1.48416 0
4.08278 -1.83337 0

1.36093 -3.75405 0
1.66336 -3.57944 0
1.66336 -3.92866 0

4.08278 -1.13495 0
4.38521 -0.960339 0
4.38521 -1.30955 0

-2.26821 -3.75405 0
-1.96578 -3.57944 0
-1.96578 -3.92866 0

2.26821 -3.57944 0
2.26821 -3.23023 6
2.57064 -3.40484 6

3.47793 -2.18259 6
3.47793 -1.83337 6
3.78035 -2.00798 6

-1.96578 3.75405 0
-1.96578 3.40484 6
-2.26821 3.57944 0

2.87307 -3.57944 0
2.87307 -3.23023 6
3.1755 -3.40484 6

1.96578 -3.40484 6
2.26821 -3.23023 6
2.26821 -3.57944 0

-3.1755 3.40484 6
-3.1755 3.05562 6
-3.47793 3.23023 6

-1.96578 3.40484 6
-2.26821 3.23023 6
-2.26821 3.57944 0

-3.1755 -2.5318 6
-2.87307 -2.70641 6
-3.1755 -2.88102 6

2.26821 -3.23023 6
2.57064 -3.05562 6
2.57064 -3.40484 6

3.1755 2.5318 6
2.87307 2.70641 6
3.1755 2.88102 6

-2.26821 3.23023 6
-2.57064 3.05562 6
-2.57064 3.40484 6

-3.47793 2.18259 6
-3.47793 1.83337 6
-3.78035 2.00798 6

1.66336 -3.92866 0
1.96578 -3.75405 0
2.26821 -3.92866 0

2.57064 -3.75405 0
2.57064 -3.40484 6
2.87307 -3.57944 0

-1.66336 3.92866 0
-1.96578 3.75405 0
-2.26821 3.92866 0

-3.78035 2.00798 6
-4.08278 1.83337 0
-4.08278 2.18259 0

3.47793 2.3572 6
3.47793 2.70641 6
3.78035 2.5318 6

-2.57064 3.75405 0
-2.57064 3.40484 6
-2.87307 3.57944 0

-4.08278 -1.65877 0
-3.78035 -1.83337 6
-4.08278 -2.00798 0

-4.38521 -0.785732 0
-4.08278 -0.960339 0
-4.38521 -1.13495 0

-2.87307 2.88102 6
-3.1755 2.70641 6
-3.1755 3.05562 6

4.08278 1.65877 0
3.78035 1.83337 6
4.08278 2.00798 0

3.78035 1.13495 6
3.78035 1.48416 6
4.08278 1.30955 0

3.78035 -2.00798 6
4.08278 -1.83337 0
4.08278 -2.18259 0

-3.47793 -2.3572 6
-3.1755 -2.5318 6
-3.47793 -2.70641 6

-3.78035 -1.13495 6
-3.78035 -1.48416 6
-4.08278 -1.30955 0

-3.1755 -2.88102 6
-3.1755 -3.23023 6
-3.47793 -3.05562 6

-3.1755 2.3572 6
-3.47793 2.18259 6
-3.47793 2.5318 6

3.1755 -2.3572 6
3.47793 -2.18259 6
3.47793 -2.5318 6

3.47793 -2.88102 6
3.47793 -2.5318 6
3.78035 -2.70641 6

4.38521 1.13495 0
4.08278 1.30955 0
4.38521 1.48416 0

2.57064 -3.05562 6
2.87307 -2.88102 6
2.87307 -3.23023 6

-2.57064 3.05562 6
-2.87307 2.88102 6
-2.87307 3.23023 6

-4.38521 -1.13495 0
-4.08278 -1.30955 0
-4.38521 -1.48416 0

-3.78035 1.65877 6
-3.78035 1.30955 6
-4.08278 1.48416 0

2.87307 -2.88102 6
3.1755 -2.70641 6
3.1755 -3.05562 6

3.78035 -1.65877 6
3.78035 -1.30955 6
4.08278 -1.48416 0

3.1755 2.88102 6
3.1755 3.23023 6
3.47793 3.05562 6

3.47793 2.00798 6
3.47793 2.3572 6
3.78035 2.18259 6

-3.47793 2.88102 6
-3.47793 2.5318 6
-3.78035 2.70641 6

-4.08278 1.48416 0
-4.38521 1.30955 0
-4.38521 1.65877 0

-3.47793 -2.00798 6
-3.47793 -2.3572 6
-3.78035 -2.18259 6

2.87307 3.40484 6
2.87307 3.75405 0
3.1755 3.57944 0

-4.08278 0.0873035 0
-4.08278 -0.261911 0
-4.38521 -0.0873035 0

4.08278 -1.48416 0
4.38521 -1.30955 0
4.38521 -1.65877 0

4.08278 -0.0873035 0
4.08278 0.261911 0
4.38521 0.0873035 0

3.47793 2.70641 6
3.47793 3.05562 6
3.78035 2.88102 6

2.26821 3.40484 6
1.96578 3.57944 0
2.26821 3.75405 0

-4.08278 0.436518 0
-4.08278 0.0873035 0
-4.38521 0.261911 0

-2.26821 -3.40484 6
-1.96578 -3.57944 0
-2.26821 -3.75405 0

3.1755 3.23023 6
3.1755 3.57944 0
3.47793 3.40484 6

4.08278 -0.436518 0
4.08278 -0.0873035 0
4.38521 -0.261911 0

-2.57064 -3.57944 0
-2.26821 -3.75405 0
-2.57064 -3.92866 0

-1.96578 -3.57944 0
-1.66336 -3.75405 0
-1.96578 -3.92866 0

1.96578 3.57944 0
1.66336 3.75405 0
1.96578 3.92866 0

-2.26821 3.92866 0
-2.26821 3.57944 0
-2.57064 3.75405 0

3.1755 -3.40484 6
3.1755 -3.05562 6
3.47793 -3.23023 6

-1.96578 3.75405 0
-2.26821 3.57944 0
-2.26821 3.92866 0

-3.78035 -2.18259 6
-3.78035 -2.5318 6
-4.08278 -2.3572 0

-2.87307 -3.40484 6
-2.87307 -3.75405 0
-3.1755 -3.57944 0

3.78035 1.48416 6
3.78035 1.83337 6
4.08278 1.65877 0

-3.78035 -1.48416 6
-3.78035 -1.83337 6
-4.08278 -1.65877 0

4.08278 0.611125 0
4.08278 0.960339 0
4.38521 0.785732 0

-4.08278 -0.261911 0
-4.08278 -0.611125 0
-4.38521 -0.436518 0

3.47793 2.3572 6
3.1755 2.5318 6
3.47793 2.70641 6

2.57064 3.23023 6
2.26821 3.40484 6
2.57064 3.57944 0

-2.87307 -3.05562 6
-2.57064 -3.23023 6
-2.87307 -3.40484 6

4.08278 0.261911 0
4.08278 0.611125 0
4.38521 0.436518 0

-4.08278 0.785732 0
-4.08278 0.436518 0
-4.38521 0.611125 0

-2.57064 -3.23023 6
-2.26821 -3.40484 6
-2.57064 -3.57944 0

4.08278 -0.785732 0
4.08278 -0.436518 0
4.38521 -0.611125 0

-4.08278 -0.960339 0
-4.08278 -1.30955 0
-4.38521 -1.13495 0

1.96578 -3.75405 0
2.26821 -3.57944 0
2.26821 -3.92866 0

2.87307 3.05562 6
2.57064 3.23023 6
2.87307 3.40484 6

3.1755 2.88102 6
2.87307 3.05562 6
3.1755 3.23023 6

-4.08278 -0.611125 0
-4.08278 -0.960339 0
-4.38521 -0.785732 0

-3.47793 -2.70641 6
-3.47793 -3.05562 6
-3.78035 -2.88102 6

4.38521 1.48416 0
4.08278 1.65877 0
4.38521 1.83337 0

-3.47793 2.18259 6
-3.78035 2.00798 6
-3.78035 2.3572 6

3.78035 -2.00798 6
3.78035 -1.65877 6
4.08278 -1.83337 0

3.47793 -2.18259 6
3.78035 -2.00798 6
3.78035 -2.3572 6

4.08278 0.960339 0
4.08278 1.30955 0
4.38521 1.13495 0

-3.78035 2.00798 6
-3.78035 1.65877 6
-4.08278 1.83337 0

-3.78035 2.70641 6
-3.78035 2.3572 6
-4.08278 2.5318 0

3.78035 -2.70641 6
3.78035 -2.3572 6
4.08278 -2.5318 0

-4.08278 1.48416 0
-4.08278 1.13495 0
-4.38521 1.30955 0

-4.08278 1.13495 0
-4.08278 0.785732 0
-4.38521 0.960339 0

4.08278 -1.48416 0
4.08278 -1.13495 0
4.38521 -1.30955 0

4.08278 -1.13495 0
4.08278 -0.785732 0
4.38521 -0.960339 0

-3.1755 2.70641 6
-3.47793 2.5318 6
-3.47793 2.88102 6

3.47793 -3.23023 6
3.47793 -2.88102 6
3.78035 -3.05562 6

-3.1755 -2.88102 6
-2.87307 -3.05562 6
-3.1755 -3.23023 6

3.1755 -2.70641 6
3.47793 -2.5318 6
3.47793 -2.88102 6

-3.1755 -3.23023 6
-3.1755 -3.57944 0
-3.47793 -3.40484 6

2.26821 -3.57944 0
2.57064 -3.40484 6
2.57064 -3.75405 0

2.26821 3.75405 0
1.96578 3.92866 0
2.57064 3.92866 0

-2.26821 3.57944 0
-2.57064 3.40484 6
-2.57064 3.75405 0

-4.38521 -1.48416 0
-4.08278 -1.65877 0
-4.38521 -1.83337 0

-3.47793 -2.70641 6
-3.1755 -2.88102 6
-3.47793 -3.05562 6

3.78035 2.18259 6
3.78035 2.5318 6
4.08278 2.3572 0

-3.78035 -1.83337 6
-3.78035 -2.18259 6
-4.08278 -2.00798 0

2.26821 -3.92866 0
2.26821 -3.57944 0
2.57064 -3.75405 0

-3.47793 3.23023 6
-3.47793 2.88102 6
-3.78035 3.05562 6

-2.87307 3.57944 0
-2.87307 3.23023 6
-3.1755 3.40484 6

3.78035 1.83337 6
3.78035 2.18259 6
4.08278 2.00798 0

3.47793 2.70641 6
3.1755 2.88102 6
3.47793 3.05562 6

-3.78035 -2.5318 6
-3.78035 -2.88102 6
-4.08278 -2.70641 0

-3.78035 -2.18259 6
-3.47793 -2.3572 6
-3.78035 -2.5318 6

4.08278 -1.83337 0
4.38521 -1.65877 0
4.38521 -2.00798 0

3.78035 2.18259 6
3.47793 2.3572 6
3.78035 2.5318 6

2.57064 -3.75405 0
2.87307 -3.57944 0
2.87307 -3.92866 0

-2.57064 3.75405 0
-2.87307 3.57944 0
-2.87307 3.92866 0

-4.08278 1.83337 0
-4.38521 1.65877 0
-4.38521 2.00798 0

-3.1755 3.75405 0
-3.1755 3.40484 6
-3.47793 3.57944 0

-4.08278 -1.30955 0
-4.08278 -1.65877 0
-4.38521 -1.48416 0

2.57064 -3.40484 6
2.87307 -3.23023 6
2.87307 -3.57944 0

2.57064 3.57944 0
2.26821 3.75405 0
2.57064 3.92866 0

-2.57064 3.40484 6
-2.87307 3.23023 6
-2.87307 3.57944 0

-2.26821 -3.75405 0
-1.96578 -3.92866 0
-2.57064 -3.92866 0

-3.47793 -3.05562 6
-3.47793 -3.40484 6
-3.78035 -3.23023 6

3.78035 -2.3572 6
3.78035 -2.00798 6
4.08278 -2.18259 0

-3.78035 2.3572 6
-3.78035 2.00798 6
-4.08278 2.18259 0

3.1755 -3.75405 0
3.1755 -3.40484 6
3.47793 -3.57944 0

3.78035 2.5318 6
3.78035 2.88102 6
4.08278 2.70641 0

4.08278 -1.83337 0
4.08278 -1.48416 0
4.38521 -1.65877 0

-4.38521 -1.83337 0
-4.08278 -2.00798 0
-4.38521 -2.18259 0

4.08278 -2.18259 0
4.38521 -2.00798 0
4.38521 -2.3572 0

4.08278 1.30955 0
4.08278 1.65877 0
4.38521 1.48416 0

-4.08278 2.18259 0
-4.38521 2.00798 0
-4.38521 2.3572 0

4.38521 1.83337 0
4.08278 2.00798 0
4.38521 2.18259 0

3.47793 -2.5318 6
3.78035 -2.3572 6
3.78035 -2.70641 6

-3.47793 2.5318 6
-3.78035 2.3572 6
-3.78035 2.70641 6

2.87307 -3.23023 6
3.1755 -3.05562 6
3.1755 -3.40484 6

3.78035 -3.05562 6
3.78035 -2.70641 6
4.08278 -2.88102 0

-2.87307 3.23023 6
-3.1755 3.05562 6
-3.1755 3.40484 6

-3.78035 3.05562 6
-3.78035 2.70641 6
-4.08278 2.88102 0

-4.08278 1.83337 0
-4.08278 1.48416 0
-4.38521 1.65877 0

-4.38521 -2.18259 0
-4.08278 -2.3572 0
-4.38521 -2.5318 0

3.47793 3.05562 6
3.47793 3.40484 6
3.78035 3.23023 6

2.57064 3.57944 0
2.57064 3.92866 0
2.87307 3.75405 0

-2.57064 -3.57944 0
-2.57064 -3.92866 0
-2.87307 -3.75405 0

4.08278 2.00798 0
3.78035 2.18259 6
4.08278 2.3572 0

-3.1755 3.05562 6
-3.47793 2.88102 6
-3.47793 3.23023 6

-4.08278 -2.00798 0
-3.78035 -2.18259 6
-4.08278 -2.3572 0

3.1755 -3.05562 6
3.47793 -2.88102 6
3.47793 -3.23023 6

3.78035 2.5318 6
3.47793 2.70641 6
3.78035 2.88102 6

2.87307 3.40484 6
2.57064 3.57944 0
2.87307 3.75405 0

-2.87307 -3.40484 6
-2.57064 -3.57944 0
-2.87307 -3.75405 0

3.1755 3.57944 0
2.87307 3.75405 0
3.1755 3.92866 0

-3.47793 3.57944 0
-3.47793 3.23023 6
-3.78035 3.40484 6

-3.78035 -2.88102 6
-3.78035 -3.23023 6
-4.08278 -3.05562 0

3.47793 -3.57944 0
3.47793 -3.23023 6
3.78035 -3.40484 6

-2.26821 3.92866 0
-2.57064 3.75405 0
-2.87307 3.92866 0

-4.08278 -1.65877 0
-4.08278 -2.00798 0
-4.38521 -1.83337 0

-3.78035 -2.5318 6
-3.47793 -2.70641 6
-3.78035 -2.88102 6

-3.1755 -3.57944 0
-2.87307 -3.75405 0
-3.1755 -3.92866 0

3.78035 2.88102 6
3.78035 3.23023 6
4.08278 3.05562 0

4.38521 2.18259 0
4.08278 2.3572 0
4.38521 2.5318 0

4.08278 1.65877 0
4.08278 2.00798 0
4.38521 1.83337 0

-2.87307 3.57944 0
-3.1755 3.40484 6
-3.1755 3.75405 0

-3.1755 -3.23023 6
-2.87307 -3.40484 6
-3.1755 -3.57944 0

3.1755 3.23023 6
2.87307 3.40484 6
3.1755 3.57944 0

2.26821 -3.92866 0
2.57064 -3.75405 0
2.87307 -3.92866 0

3.78035 -2.3572 6
4.08278 -2.18259 0
4.08278 -2.5318 0

-4.08278 2.88102 0
-4.08278 2.5318 0
-4.38521 2.70641 0

-3.78035 2.3572 6
-4.08278 2.18259 0
-4.08278 2.5318 0

-4.08278 2.18259 0
-4.08278 1.83337 0
-4.38521 2.00798 0

4.08278 -2.18259 0
4.08278 -1.83337 0
4.38521 -2.00798 0

4.08278 -2.88102 0
4.08278 -2.5318 0
4.38521 -2.70641 0

3.47793 -2.88102 6
3.78035 -2.70641 6
3.78035 -3.05562 6

3.47793 3.05562 6
3.1755 3.23023 6
3.47793 3.40484 6

-3.47793 2.88102 6
-3.78035 2.70641 6
-3.78035 3.05562 6

-3.47793 -3.05562 6
-3.1755 -3.23023 6
-3.47793 -3.40484 6

-3.47793 -3.40484 6
-3.47793 -3.75405 0
-3.78035 -3.57944 0

2.87307 -3.57944 0
3.1755 -3.40484 6
3.1755 -3.75405 0

3.47793 3.40484 6
3.47793 3.75405 0
3.78035 3.57944 0

-3.78035 -2.88102 6
-3.47793 -3.05562 6
-3.78035 -3.23023 6

2.87307 -3.92866 0
2.87307 -3.57944 0
3.1755 -3.75405 0

3.1755 -3.75405 0
3.47793 -3.57944 0
3.47793 -3.92866 0

-2.87307 3.92866 0
-2.87307 3.57944 0
-3.1755 3.75405 0

-4.08278 -2.3572 0
-3.78035 -2.5318 6
-4.08278 -2.70641 0

4.08278 2.3572 0
3.78035 2.5318 6
4.08278 2.70641 0

3.78035 2.88102 6
3.47793 3.05562 6
3.78035 3.23023 6

-4.08278 -2.00798 0
-4.08278 -2.3572 0
-4.38521 -2.18259 0

-2.87307 -3.75405 0
-2.57064 -3.92866 0
-3.1755 -3.92866 0

4.08278 2.00798 0
4.08278 2.3572 0
4.38521 2.18259 0

3.78035 -3.75405 0
3.78035 -3.40484 6
4.08278 -3.57944 0

3.78035 -3.40484 6
3.78035 -3.05562 6
4.08278 -3.23023 0

-3.78035 3.40484 6
-3.78035 3.05562 6
-4.08278 3.23023 0

-4.08278 -2.70641 0
-4.08278 -3.05562 0
-4.38521 -2.88102 0

4.08278 2.70641 0
4.08278 3.05562 0
4.38521 2.88102 0

2.87307 3.75405 0
2.57064 3.92866 0
3.1755 3.92866 0

-3.1755 3.75405 0
-3.47793 3.57944 0
-3.47793 3.92866 0

-4.08278 2.5318 0
-4.08278 2.18259 0
-4.38521 2.3572 0

3.47793 -3.23023 6
3.78035 -3.05562 6
3.78035 -3.40484 6

4.08278 -2.5318 0
4.08278 -2.18259 0
4.38521 -2.3572 0

-3.1755 3.40484 6
-3.47793 3.23023 6
-3.47793 3.57944 0

3.1755 -3.40484 6
3.47793 -3.23023 6
3.47793 -3.57944 0

3.78035 -2.70641 6
4.08278 -2.5318 0
4.08278 -2.88102 0

-3.1755 -3.57944 0
-3.1755 -3.92866 0
-3.47793 -3.75405 0

-3.78035 2.70641 6
-4.08278 2.5318 0
-4.08278 2.88102 0

3.1755 3.57944 0
3.1755 3.92866 0
3.47793 3.75405 0

-3.78035 -3.23023 6
-3.78035 -3.57944 0
-4.08278 -3.40484 0

3.78035 3.23023 6
3.78035 3.57944 0
4.08278 3.40484 0

-3.47793 3.23023 6
-3.78035 3.05562 6
-3.78035 3.40484 6

-3.78035 3.75405 0
-3.78035 3.40484 6
-4.08278 3.57944 0

-4.08278 -2.3572 0
-4.08278 -2.70641 0
-4.38521 -2.5318 0

-2.87307 3.92866 0
-3.1755 3.75405 0
-3.47793 3.92866 0

4.08278 2.3572 0
4.08278 2.70641 0
4.38521 2.5318 0

4.08278 -3.23023 0
4.08278 -2.88102 0
4.38521 -3.05562 0

-4.08278 3.23023 0
-4.08278 2.88102 0
-4.38521 3.05562 0

-4.08278 -2.70641 0
-3.78035 -2.88102 6
-4.08278 -3.05562 0

4.08278 3.05562 0
4.08278 3.40484 0
4.38521 3.23023 0

4.08278 2.70641 0
3.78035 2.88102 6
4.08278 3.05562 0

-3.78035 -3.23023 6
-3.47793 -3.40484 6
-3.78035 -3.57944 0

-3.47793 -3.40484 6
-3.1755 -3.57944 0
-3.47793 -3.75405 0

3.47793 3.40484 6
3.1755 3.57944 0
3.47793 3.75405 0

-4.08278 2.5318 0
-4.38521 2.3572 0
-4.38521 2.70641 0

2.87307 -3.92866 0
3.1755 -3.75405 0
3.47793 -3.92866 0

4.08278 -2.5318 0
4.38521 -2.3572 0
4.38521 -2.70641 0

3.78035 3.23023 6
3.47793 3.40484 6
3.78035 3.57944 0

3.78035 -3.05562 6
4.08278 -2.88102 0
4.08278 -3.23023 0

-3.78035 3.05562 6
-4.08278 2.88102 0
-4.08278 3.23023 0

-4.08278 -3.05562 0
-4.08278 -3.40484 0
-4.38521 -3.23023 0

-3.78035 -3.57944 0
-3.47793 -3.75405 0
-3.78035 -3.92866 0

3.47793 -3.57944 0
3.78035 -3.40484 6
3.78035 -3.75405 0

3.78035 3.57944 0
3.47793 3.75405 0
3.78035 3.92866 0

-4.38521 -2.5318 0
-4.08278 -2.70641 0
-4.38521 -2.88102 0

-4.08278 -3.05562 0
-3.78035 -3.23023 6
-4.08278 -3.40484 0

4.38521 2.5318 0
4.08278 2.70641 0
4.38521 2.88102 0

4.08278 3.05562 0
3.78035 3.23023 6
4.08278 3.40484 0

-3.47793 3.92866 0
-3.47793 3.57944 0
-3.78035 3.75405 0

-3.47793 3.57944 0
-3.78035 3.40484 6
-3.78035 3.75405 0

3.47793 -3.92866 0
3.47793 -3.57944 0
3.78035 -3.75405 0

-4.08278 3.92866 0
-4.08278 3.57944 0
-4.38521 3.75405 0

-4.08278 -3.40484 0
-4.08278 -3.75405 0
-4.38521 -3.57944 0

4.08278 -3.57944 0
4.08278 -3.23023 0
4.38521 -3.40484 0

4.08278 3.40484 0
4.08278 3.75405 0
4.38521 3.57944 0

4.08278 -3.92866 0
4.08278 -3.57944 0
4.38521 -3.75405 0

-4.08278 3.57944 0
-4.08278 3.23023 0
-4.38521 3.40484 0

-4.08278 2.88102 0
-4.38521 2.70641 0
-4.38521 3.05562 0

4.08278 -2.88102 0
4.38521 -2.70641 0
4.38521 -3.05562 0

4.38521 2.88102 0
4.08278 3.05562 0
4.38521 3.23023 0

3.78035 -3.40484 6
4.08278 -3.23023 0
4.08278 -3.57944 0

-3.78035 3.40484 6
-4.08278 3.23023 0
-4.08278 3.57944 0

-4.38521 -2.88102 0
-4.08278 -3.05562 0
-4.38521 -3.23023 0

-3.47793 -3.75405 0
-3.1755 -3.92866 0
-3.78035 -3.92866 0

3.47793 3.75405 0
3.1755 3.92866 0
3.78035 3.92866 0

-4.08278 3.23023 0
-4.38521 3.05562 0
-4.38521 3.40484 0

-3.78035 -3.57944 0
-3.78035 -3.92866 0
-4.08278 -3.75405 0

4.08278 3.40484 0
3.78035 3.57944 0
4.08278 3.75405 0

3.78035 3.57944 0
3.78035 3.92866 0
4.08278 3.75405 0

-4.08278 -3.40484 0
-3.78035 -3.57944 0
-4.08278 -3.75405 0

3.47793 -3.92866 0
3.78035 -3.75405 0
4.08278 -3.92866 0

-3.47793 3.92866 0
-3.78035 3.75405 0
-4.08278 3.92866 0

-4.38521 -3.23023 0
-4.08278 -3.40484 0
-4.38521 -3.57944 0

4.08278 -3.23023 0
4.38521 -3.05562 0
4.38521 -3.40484 0

-4.38521 -3.57944 0
-4.08278 -3.75405 0
-4.38521 -3.92866 0

4.38521 3.23023 0
4.08278 3.40484 0
4.38521 3.57944 0

4.38521 3.57944 0
4.08278 3.75405 0
4.38521 3.92866 0

3.78035 -3.75405 0
4.08278 -3.57944 0
4.08278 -3.92866 0

-3.78035 3.75405 0
-4.08278 3.57944 0
-4.08278 3.92866 0

-4.08278 3.57944 0
-4.38521 3.40484 0
-4.38521 3.75405 0

4.08278 -3.57944 0
4.38521 -3.40484 0
4.38521 -3.75405 0

-4.08278 -3.75405 0
-3.78035 -3.92866 0
-4.38521 -3.92866 0

4.08278 3.75405 0
3.78035 3.92866 0
4.38521 3.92866 0

# 3.93157 -3.93157 3.49214 -3.49214
