# x y adNum
0.16411 0.494487 6
-0.159223 0.353277 6
-0.174928 0.673244 6

0.183542 -0.183535 6
-0.0981337 0.0475019 6
0.213821 0.180181 6

-0.0981337 0.0475019 6
0.183542 -0.183535 6
-0.0800803 -0.326182 6

0.151933 -0.611125 6
0.183542 -0.183535 6
0.433815 -0.460959 6

0.213821 0.180181 6
0.16411 0.494487 6
0.518227 0.302322 6

0.213821 0.180181 6
-0.0981337 0.0475019 6
-0.159223 0.353277 6

-0.0981337 0.0475019 6
-0.372755 -0.129338 5
-0.476618 0.180354 7

-0.0981337 0.0475019 6
-0.0800803 -0.326182 6
-0.372755 -0.129338 5

0.454361 -0.0873035 6
0.518227 0.302322 6
0.759214 0.124586 7

0.183542 -0.183535 6
0.213821 0.180181 6
0.454361 -0.0873035 6

-0.159223 0.353277 6
-0.0981337 0.0475019 6
-0.476618 0.180354 7

-0.372755 -0.129338 5
-0.44727 -0.444021 6
-0.709 -0.215681 6

0.485078 0.638692 6
0.16411 0.494487 6
0.163777 0.808978 6

0.213821 0.180181 6
-0.159223 0.353277 6
0.16411 0.494487 6

0.454361 -0.0873035 6
0.759214 0.124586 7
0.71734 -0.278448 6

0.454361 -0.0873035 6
0.213821 0.180181 6
0.518227 0.302322 6

-0.44727 -0.444021 6
-0.0800803 -0.326182 6
-0.172986 -0.640495 6

-0.0800803 -0.326182 6
0.183542 -0.183535 6
0.151933 -0.611125 6

-0.476618 0.180354 7
-0.709 -0.215681 6
-0.802894 0.0814154 6

-0.372755 -0.129338 5
-0.0800803 -0.326182 6
-0.44727 -0.444021 6

0.14342 -0.927253 6
0.151933 -0.611125 6
0.476338 -0.838198 6

0.183542 -0.183535 6
0.454361 -0.0873035 6
0.433815 -0.460959 6

-0.478756 0.520633 6
-0.476618 0.180354 7
-0.791737 0.400789 6

-0.0800803 -0.326182 6
0.151933 -0.611125 6
-0.172986 -0.640495 6

0.518227 0.302322 6
0.485078 0.638692 6
0.780446 0.561636 6

-0.174928 0.673244 6
-0.159223 0.353277 6
-0.478756 0.520633 6

-0.159223 0.353277 6
-0.476618 0.180354 7
-0.478756 0.520633 6

-0.44727 -0.444021 6
-0.490147 -0.786393 6
-0.76777 -0.563338 7

-0.476618 0.180354 7
-0.372755 -0.129338 5
-0.709 -0.215681 6

-0.44727 -0.444021 6
-0.172986 -0.640495 6
-0.490147 -0.786393 6

0.476338 -0.838198 6
0.433815 -0.460959 6
0.731354 -0.651164 6

0.163777 0.808978 6
-0.174928 0.673244 6
-0.162096 0.992333 6

-0.172986 -0.640495 6
0.14342 -0.927253 6
-0.172697 -0.969752 5

0.433815 -0.460959 6
0.454361 -0.0873035 6
0.71734 -0.278448 6

0.759214 0.124586 7
0.518227 0.302322 6
0.780446 0.561636 6

0.518227 0.302322 6
0.16411 0.494487 6
0.485078 0.638692 6

-0.476618 0.180354 7
-0.802894 0.0814154 6
-0.791737 0.400789 6

-0.802894 0.0814154 6
-1.05778 -0.261911 6
-1.13431 0.0407993 5

-0.76777 -0.563338 7
-0.490147 -0.786393 6
-0.70086 -1.00685 6

0.16411 0.494487 6
-0.174928 0.673244 6
0.163777 0.808978 6

-0.471524 0.91125 6
-0.478756 0.520633 6
-0.744264 0.748809 6

0.71734 -0.278448 6
1.00489 -0.150256 6
1.01369 -0.499313 6

-0.709 -0.215681 6
-0.76777 -0.563338 7
-1.05778 -0.261911 6

0.485078 0.638692 6
0.476595 0.968233 5
0.777049 0.960786 7

-0.172986 -0.640495 6
0.151933 -0.611125 6
0.14342 -0.927253 6

0.14342 -0.927253 6
0.476338 -0.838198 6
0.333184 -1.16829 6

-0.791737 0.400789 6
-1.1428 0.355235 6
-1.0628 0.654357 6

-0.709 -0.215681 6
-0.44727 -0.444021 6
-0.76777 -0.563338 7

1.00489 -0.150256 6
0.759214 0.124586 7
1.06964 0.171304 5

0.476595 0.968233 5
0.163777 0.808978 6
0.151933 1.13495 6

0.14342 -0.927253 6
0.333184 -1.16829 6
-0.0181912 -1.29067 7

0.151933 -0.611125 6
0.433815 -0.460959 6
0.476338 -0.838198 6

0.433815 -0.460959 6
0.71734 -0.278448 6
0.731354 -0.651164 6

-1.13431 0.0407993 5
-1.38604 -0.227499 7
-1.45184 0.162317 6

-1.11403 -0.54642 5
-0.76777 -0.563338 7
-0.979855 -0.839356 6

-0.490147 -0.786393 6
-0.172986 -0.640495 6
-0.172697 -0.969752 5

0.780446 0.561636 6
0.777049 0.960786 7
1.05729 0.825263 6

-0.162096 0.992333 6
-0.174928 0.673244 6
-0.471524 0.91125 6

1.00489 -0.150256 6
1.35354 -0.0224911 6
1.31275 -0.346443 6

0.71734 -0.278448 6
0.759214 0.124586 7
1.00489 -0.150256 6

-0.150495 1.30955 6
-0.162096 0.992333 6
-0.458844 1.29531 6

-0.174928 0.673244 6
-0.478756 0.520633 6
-0.471524 0.91125 6

-0.478756 0.520633 6
-0.791737 0.400789 6
-0.744264 0.748809 6

0.485078 0.638692 6
0.163777 0.808978 6
0.476595 0.968233 5

0.769063 -1.01992 7
0.731354 -0.651164 6
1.04516 -0.859804 6

0.151933 1.13495 6
-0.162096 0.992333 6
-0.150495 1.30955 6

-0.39058 -1.1818 6
-0.172697 -0.969752 5
-0.0181912 -1.29067 7

1.06964 0.171304 5
0.759214 0.124586 7
1.06926 0.483687 6

-0.740792 1.13307 6
-0.744264 0.748809 6
-1.0226 0.994891 6

-0.802894 0.0814154 6
-0.709 -0.215681 6
-1.05778 -0.261911 6

0.731354 -0.651164 6
0.71734 -0.278448 6
1.01369 -0.499313 6

1.39627 0.315315 6
1.06926 0.483687 6
1.37023 0.657605 6

0.466539 1.3052 6
0.151933 1.13495 6
0.174113 1.48648 6

-0.802894 0.0814154 6
-1.13431 0.0407993 5
-1.1428 0.355235 6

0.777049 0.960786 7
0.476595 0.968233 5
0.466539 1.3052 6

0.163777 0.808978 6
-0.162096 0.992333 6
0.151933 1.13495 6

-1.38604 -0.227499 7
-1.11403 -0.54642 5
-1.38313 -0.67824 6

0.759214 0.124586 7
0.780446 0.561636 6
1.06926 0.483687 6

-0.791737 0.400789 6
-0.802894 0.0814154 6
-1.1428 0.355235 6

-1.05778 -0.261911 6
-1.11403 -0.54642 5
-1.38604 -0.227499 7

0.333184 -1.16829 6
0.476338 -0.838198 6
0.769063 -1.01992 7

0.731354 -0.651164 6
1.01369 -0.499313 6
1.04516 -0.859804 6

-1.1428 0.355235 6
-1.13431 0.0407993 5
-1.45184 0.162317 6

-0.70086 -1.00685 6
-0.490147 -0.786393 6
-0.39058 -1.1818 6

1.06926 0.483687 6
0.780446 0.561636 6
1.05729 0.825263 6

0.780446 0.561636 6
0.485078 0.638692 6
0.777049 0.960786 7

-1.05778 -0.261911 6
-0.76777 -0.563338 7
-1.11403 -0.54642 5

-0.70086 -1.00685 6
-0.666853 -1.35965 6
-0.988184 -1.19393 6

-0.490147 -0.786393 6
-0.172697 -0.969752 5
-0.39058 -1.1818 6

0.333184 -1.16829 6
0.614891 -1.29265 5
0.286107 -1.49132 6

1.65159 -0.187689 6
1.35354 -0.0224911 6
1.69778 0.133894 6

-0.744264 0.748809 6
-0.791737 0.400789 6
-1.0628 0.654357 6

-0.666853 -1.35965 6
-0.39058 -1.1818 6
-0.313967 -1.49974 6

0.476338 -0.838198 6
0.731354 -0.651164 6
0.769063 -1.01992 7

-0.744264 0.748809 6
-1.0628 0.654357 6
-1.0226 0.994891 6

-0.76777 -0.563338 7
-0.70086 -1.00685 6
-0.979855 -0.839356 6

-0.172697 -0.969752 5
0.14342 -0.927253 6
-0.0181912 -1.29067 7

0.769063 -1.01992 7
1.08199 -1.21238 6
0.889957 -1.45904 6

0.777049 0.960786 7
0.466539 1.3052 6
0.764867 1.33875 6

-0.471524 0.91125 6
-0.740792 1.13307 6
-0.458844 1.29531 6

0.333184 -1.16829 6
0.769063 -1.01992 7
0.614891 -1.29265 5

1.01369 -0.499313 6
1.31275 -0.346443 6
1.32203 -0.690232 6

-0.750184 1.48615 6
-0.740792 1.13307 6
-1.05034 1.35702 7

1.35354 -0.0224911 6
1.06964 0.171304 5
1.39627 0.315315 6

1.00489 -0.150256 6
1.06964 0.171304 5
1.35354 -0.0224911 6

1.06926 0.483687 6
1.05729 0.825263 6
1.37023 0.657605 6

0.174113 1.48648 6
-0.150495 1.30955 6
-0.125749 1.63801 5

-0.471524 0.91125 6
-0.744264 0.748809 6
-0.740792 1.13307 6

-0.125749 1.63801 5
-0.150495 1.30955 6
-0.451597 1.64735 6

1.01369 -0.499313 6
1.00489 -0.150256 6
1.31275 -0.346443 6

-0.162096 0.992333 6
-0.471524 0.91125 6
-0.458844 1.29531 6

-0.979855 -0.839356 6
-0.988184 -1.19393 6
-1.28219 -1.01073 6

1.69778 0.133894 6
1.39627 0.315315 6
1.68876 0.485106 6

0.476595 0.968233 5
0.151933 1.13495 6
0.466539 1.3052 6

-1.13431 0.0407993 5
-1.05778 -0.261911 6
-1.38604 -0.227499 7

0.614891 -1.29265 5
0.889957 -1.45904 6
0.590348 -1.64801 6

1.31275 -0.346443 6
1.65159 -0.187689 6
1.63107 -0.521624 6

-1.0628 0.654357 6
-1.45648 0.509877 6
-1.34625 0.831276 6

-0.313967 -1.49974 6
-0.0181912 -1.29067 7
-0.0108387 -1.64936 6

1.06964 0.171304 5
1.06926 0.483687 6
1.39627 0.315315 6

-1.38604 -0.227499 7
-1.38313 -0.67824 6
-1.61464 -0.458043 6

1.08199 -1.21238 6
1.04516 -0.859804 6
1.36612 -1.05987 6

0.286107 -1.49132 6
0.590348 -1.64801 6
0.299564 -1.83604 6

-1.1428 0.355235 6
-1.45184 0.162317 6
-1.45648 0.509877 6

1.04516 -0.859804 6
1.01369 -0.499313 6
1.32203 -0.690232 6

0.151933 1.13495 6
-0.150495 1.30955 6
0.174113 1.48648 6

0.764867 1.33875 6
0.466539 1.3052 6
0.44961 1.66411 6

-1.05034 1.35702 7
-1.0226 0.994891 6
-1.32237 1.15964 5

-0.988184 -1.19393 6
-0.959709 -1.53756 6
-1.27857 -1.37426 6

-0.70086 -1.00685 6
-0.39058 -1.1818 6
-0.666853 -1.35965 6

-0.0181912 -1.29067 7
0.333184 -1.16829 6
0.286107 -1.49132 6

1.68876 0.485106 6
1.37023 0.657605 6
1.6709 0.832786 6

1.05729 0.825263 6
1.05514 1.18335 6
1.35844 1.00282 6

1.35844 1.00282 6
1.35355 1.33815 6
1.67753 1.16622 6

-1.45184 0.162317 6
-1.68105 -0.0567338 6
-1.74419 0.357975 7

-0.39058 -1.1818 6
-0.0181912 -1.29067 7
-0.313967 -1.49974 6

-1.0226 0.994891 6
-1.0628 0.654357 6
-1.34625 0.831276 6

-1.11403 -0.54642 5
-0.979855 -0.839356 6
-1.38313 -0.67824 6

0.769063 -1.01992 7
1.04516 -0.859804 6
1.08199 -1.21238 6

0.777049 0.960786 7
0.764867 1.33875 6
1.05514 1.18335 6

-0.458844 1.29531 6
-0.750184 1.48615 6
-0.451597 1.64735 6

-1.0628 0.654357 6
-1.1428 0.355235 6
-1.45648 0.509877 6

-1.38313 -0.67824 6
-0.979855 -0.839356 6
-1.28219 -1.01073 6

-0.979855 -0.839356 6
-0.70086 -1.00685 6
-0.988184 -1.19393 6

1.05729 0.825263 6
0.777049 0.960786 7
1.05514 1.18335 6

-1.45648 0.509877 6
-1.45184 0.162317 6
-1.74419 0.357975 7

-0.0181912 -1.29067 7
0.286107 -1.49132 6
-0.0108387 -1.64936 6

0.466539 1.3052 6
0.174113 1.48648 6
0.44961 1.66411 6

-1.61464 -0.458043 6
-1.38313 -0.67824 6
-1.62673 -0.878316 6

1.36612 -1.05987 6
1.32203 -0.690232 6
1.62372 -0.856919 6

-1.34625 0.831276 6
-1.66412 0.779453 6
-1.64434 1.15628 7

-0.623022 -1.68571 6
-0.313967 -1.49974 6
-0.30638 -1.84114 6

1.05514 1.18335 6
1.02579 1.54968 6
1.35355 1.33815 6

0.44961 1.66411 6
0.174113 1.48648 6
0.145175 1.8522 6

-1.28219 -1.01073 6
-1.27857 -1.37426 6
-1.56806 -1.2124 6

-0.666853 -1.35965 6
-0.623022 -1.68571 6
-0.959709 -1.53756 6

1.63107 -0.521624 6
1.65159 -0.187689 6
1.93731 -0.355798 6

1.31275 -0.346443 6
1.35354 -0.0224911 6
1.65159 -0.187689 6

0.145175 1.8522 6
-0.125749 1.63801 5
-0.208723 1.94977 7

-0.458844 1.29531 6
-0.740792 1.13307 6
-0.750184 1.48615 6

-1.38604 -0.227499 7
-1.61464 -0.458043 6
-1.68105 -0.0567338 6

-0.30638 -1.84114 6
-0.0108387 -1.64936 6
-0.00262304 -2.00383 6

-0.750184 1.48615 6
-1.05034 1.35702 7
-0.913315 1.76277 6

-1.45184 0.162317 6
-1.38604 -0.227499 7
-1.68105 -0.0567338 6

0.614891 -1.29265 5
0.769063 -1.01992 7
0.889957 -1.45904 6

1.37023 0.657605 6
1.05729 0.825263 6
1.35844 1.00282 6

1.38378 -1.41786 6
1.36612 -1.05987 6
1.66351 -1.2744 6

1.35354 -0.0224911 6
1.39627 0.315315 6
1.69778 0.133894 6

-0.150495 1.30955 6
-0.458844 1.29531 6
-0.451597 1.64735 6

-0.740792 1.13307 6
-1.0226 0.994891 6
-1.05034 1.35702 7

-1.89871 -0.300355 6
-1.61464 -0.458043 6
-1.89369 -0.664189 6

1.08199 -1.21238 6
1.36612 -1.05987 6
1.38378 -1.41786 6

1.32203 -0.690232 6
1.31275 -0.346443 6
1.63107 -0.521624 6

1.39627 0.315315 6
1.37023 0.657605 6
1.68876 0.485106 6

-1.32237 1.15964 5
-1.34625 0.831276 6
-1.64434 1.15628 7

-1.0226 0.994891 6
-1.34625 0.831276 6
-1.32237 1.15964 5

1.04516 -0.859804 6
1.32203 -0.690232 6
1.36612 -1.05987 6

1.02579 1.54968 6
0.764867 1.33875 6
0.739326 1.71535 6

1.08199 -1.21238 6
1.38378 -1.41786 6
1.16009 -1.6382 6

1.32203 -0.690232 6
1.63107 -0.521624 6
1.62372 -0.856919 6

-1.34625 0.831276 6
-1.45648 0.509877 6
-1.66412 0.779453 6

0.286107 -1.49132 6
0.614891 -1.29265 5
0.590348 -1.64801 6

1.93731 -0.355798 6
1.65159 -0.187689 6
2.01567 -0.0390766 6

0.174113 1.48648 6
-0.125749 1.63801 5
0.145175 1.8522 6

-0.913315 1.76277 6
-1.05034 1.35702 7
-1.22774 1.64557 5

-1.68105 -0.0567338 6
-1.89871 -0.300355 6
-1.96327 0.114226 6

-1.45648 0.509877 6
-1.74419 0.357975 7
-1.66412 0.779453 6

-0.938233 -1.86458 6
-0.623022 -1.68571 6
-0.612385 -2.01927 6

-0.0108387 -1.64936 6
0.286107 -1.49132 6
0.299564 -1.83604 6

-0.666853 -1.35965 6
-0.313967 -1.49974 6
-0.623022 -1.68571 6

0.44961 1.66411 6
0.145175 1.8522 6
0.454361 2.00798 6

-0.988184 -1.19393 6
-0.666853 -1.35965 6
-0.959709 -1.53756 6

1.63107 -0.521624 6
1.93731 -0.355798 6
1.94525 -0.703465 7

1.99115 0.29966 6
1.68876 0.485106 6
1.97511 0.665555 6

0.739326 1.71535 6
0.44961 1.66411 6
0.454361 2.00798 6

-1.96507 0.611125 5
-1.74419 0.357975 7
-2.1665 0.384791 6

-1.38313 -0.67824 6
-1.28219 -1.01073 6
-1.62673 -0.878316 6

-0.959709 -1.53756 6
-0.938233 -1.86458 6
-1.26713 -1.71826 6

1.94525 -0.703465 7
1.93731 -0.355798 6
2.23777 -0.454376 5

-0.208723 1.94977 7
-0.451597 1.64735 6
-0.62301 1.91532 7

1.97511 0.665555 6
1.6709 0.832786 6
1.98859 1.00694 6

1.05514 1.18335 6
0.764867 1.33875 6
1.02579 1.54968 6

-1.28219 -1.01073 6
-0.988184 -1.19393 6
-1.27857 -1.37426 6

0.590348 -1.64801 6
0.890891 -1.82869 6
0.597524 -2.00563 6

1.35844 1.00282 6
1.05514 1.18335 6
1.35355 1.33815 6

-0.313967 -1.49974 6
-0.0108387 -1.64936 6
-0.30638 -1.84114 6

1.37023 0.657605 6
1.35844 1.00282 6
1.6709 0.832786 6

1.35355 1.33815 6
1.32415 1.66275 6
1.67051 1.48782 6

0.764867 1.33875 6
0.44961 1.66411 6
0.739326 1.71535 6

-1.89369 -0.664189 6
-1.62673 -0.878316 6
-1.914 -1.02612 6

-1.68105 -0.0567338 6
-1.61464 -0.458043 6
-1.89871 -0.300355 6

-2.17869 -0.128404 5
-1.89871 -0.300355 6
-2.18864 -0.490112 6

1.66351 -1.2744 6
1.62372 -0.856919 6
1.87961 -1.04842 5

0.454361 2.00798 6
0.145175 1.8522 6
0.151933 2.18259 7

-1.66412 0.779453 6
-1.96507 0.611125 5
-1.92795 0.981543 6

-0.0108387 -1.64936 6
0.299564 -1.83604 6
-0.00262304 -2.00383 6

1.6709 0.832786 6
1.35844 1.00282 6
1.67753 1.16622 6

-0.125749 1.63801 5
-0.451597 1.64735 6
-0.208723 1.94977 7

-1.74419 0.357975 7
-1.68105 -0.0567338 6
-1.96327 0.114226 6

-1.62673 -0.878316 6
-1.28219 -1.01073 6
-1.56806 -1.2124 6

0.299564 -1.83604 6
0.597524 -2.00563 6
0.300198 -2.18551 6

1.69778 0.133894 6
1.99115 0.29966 6
2.01567 -0.0390766 6

-1.56806 -1.2124 6
-1.5668 -1.57644 6
-1.86267 -1.3662 6

0.889957 -1.45904 6
1.16009 -1.6382 6
0.890891 -1.82869 6

-2.1665 0.384791 6
-1.96327 0.114226 6
-2.3807 0.164494 7

-1.27857 -1.37426 6
-1.26713 -1.71826 6
-1.5668 -1.57644 6

-0.451597 1.64735 6
-0.750184 1.48615 6
-0.62301 1.91532 7

-0.750184 1.48615 6
-0.913315 1.76277 6
-0.62301 1.91532 7

-0.612385 -2.01927 6
-0.30638 -1.84114 6
-0.300726 -2.18546 6

1.47374 -1.77789 6
1.38378 -1.41786 6
1.74732 -1.59402 6

1.68876 0.485106 6
1.6709 0.832786 6
1.97511 0.665555 6

-1.61464 -0.458043 6
-1.62673 -0.878316 6
-1.89369 -0.664189 6

1.36612 -1.05987 6
1.62372 -0.856919 6
1.66351 -1.2744 6

0.889957 -1.45904 6
1.08199 -1.21238 6
1.16009 -1.6382 6

-0.937903 2.1052 6
-0.913315 1.76277 6
-1.24402 1.94023 6

-1.32237 1.15964 5
-1.64434 1.15628 7
-1.46197 1.47229 6

-0.300726 -2.18546 6
-0.00262304 -2.00383 6
0.000201586 -2.35789 6

1.69778 0.133894 6
1.68876 0.485106 6
1.99115 0.29966 6

-0.208723 1.94977 7
-0.452924 2.18259 5
-0.110891 2.2855 5

0.145175 1.8522 6
-0.208723 1.94977 7
0.151933 2.18259 7

1.62372 -0.856919 6
1.63107 -0.521624 6
1.94525 -0.703465 7

1.65159 -0.187689 6
1.69778 0.133894 6
2.01567 -0.0390766 6

-1.62673 -0.878316 6
-1.56806 -1.2124 6
-1.914 -1.02612 6

0.590348 -1.64801 6
0.889957 -1.45904 6
0.890891 -1.82869 6

1.35355 1.33815 6
1.02579 1.54968 6
1.32415 1.66275 6

0.742029 2.15884 6
0.454361 2.00798 6
0.454361 2.3572 5

-1.22774 1.64557 5
-1.05034 1.35702 7
-1.46197 1.47229 6

-1.76493 1.51859 6
-1.64434 1.15628 7
-2.00013 1.29415 6

-1.66412 0.779453 6
-1.74419 0.357975 7
-1.96507 0.611125 5

-0.612268 -2.3603 6
-0.300726 -2.18546 6
-0.31214 -2.52916 6

1.67753 1.16622 6
1.67051 1.48782 6
2.01584 1.32634 6

0.961858 1.9354 6
0.739326 1.71535 6
0.742029 2.15884 6

1.16009 -1.6382 6
1.38378 -1.41786 6
1.47374 -1.77789 6

2.01567 -0.0390766 6
2.31761 0.168165 6
2.3459 -0.152705 7

-0.62301 1.91532 7
-0.937903 2.1052 6
-0.702381 2.34364 6

-1.05034 1.35702 7
-1.32237 1.15964 5
-1.46197 1.47229 6

1.94525 -0.703465 7
2.23777 -0.454376 5
2.26893 -0.785732 6

2.2652 0.512628 6
1.97511 0.665555 6
2.28828 0.865259 6

-0.919517 -2.19333 6
-0.612385 -2.01927 6
-0.612268 -2.3603 6

-0.959709 -1.53756 6
-0.623022 -1.68571 6
-0.938233 -1.86458 6

0.299564 -1.83604 6
0.590348 -1.64801 6
0.597524 -2.00563 6

-0.452924 2.18259 5
-0.702381 2.34364 6
-0.347156 2.51498 6

1.16009 -1.6382 6
1.47374 -1.77789 6
1.21317 -1.99293 6

-1.64434 1.15628 7
-1.66412 0.779453 6
-1.92795 0.981543 6

-1.96507 0.611125 5
-2.1665 0.384791 6
-2.21983 0.829647 6

-0.623022 -1.68571 6
-0.30638 -1.84114 6
-0.612385 -2.01927 6

2.23777 -0.454376 5
1.93731 -0.355798 6
2.3459 -0.152705 7

1.32415 1.66275 6
1.02579 1.54968 6
0.961858 1.9354 6

-1.27857 -1.37426 6
-0.959709 -1.53756 6
-1.26713 -1.71826 6

1.74732 -1.59402 6
1.66351 -1.2744 6
2.02953 -1.39276 7

-0.00262304 -2.00383 6
0.299564 -1.83604 6
0.300198 -2.18551 6

1.62372 -0.856919 6
1.94525 -0.703465 7
1.87961 -1.04842 5

1.32415 1.66275 6
1.26881 1.96934 6
1.62972 1.81365 6

1.02579 1.54968 6
0.739326 1.71535 6
0.961858 1.9354 6

-1.46197 1.47229 6
-1.76493 1.51859 6
-1.66264 1.83337 7

-1.26713 -1.71826 6
-1.25196 -2.04544 6
-1.57164 -1.93459 6

-2.18864 -0.490112 6
-1.89369 -0.664189 6
-2.20477 -0.835662 7

-2.48531 -0.195545 6
-2.18864 -0.490112 6
-2.50453 -0.526138 6

1.67051 1.48782 6
1.62972 1.81365 6
1.9758 1.64016 6

-1.96327 0.114226 6
-1.89871 -0.300355 6
-2.17869 -0.128404 5

1.26881 1.96934 6
0.961858 1.9354 6
0.993226 2.3596 7

-1.24402 1.94023 6
-1.22774 1.64557 5
-1.66264 1.83337 7

-1.74419 0.357975 7
-1.96327 0.114226 6
-2.1665 0.384791 6

-0.938233 -1.86458 6
-0.919517 -2.19333 6
-1.25196 -2.04544 6

0.597524 -2.00563 6
0.911862 -2.17182 6
0.603279 -2.35234 6

1.87961 -1.04842 5
2.18435 -1.07855 5
2.02953 -1.39276 7

-2.20477 -0.835662 7
-1.914 -1.02612 6
-2.20195 -1.18981 5

-0.30638 -1.84114 6
-0.00262304 -2.00383 6
-0.300726 -2.18546 6

-2.00013 1.29415 6
-1.92795 0.981543 6
-2.3054 1.15386 6

-1.56806 -1.2124 6
-1.27857 -1.37426 6
-1.5668 -1.57644 6

1.6709 0.832786 6
1.67753 1.16622 6
1.98859 1.00694 6

0.151933 2.18259 7
-0.00457485 2.60269 6
0.290632 2.61327 7

-0.208723 1.94977 7
-0.62301 1.91532 7
-0.452924 2.18259 5

-1.92795 0.981543 6
-1.96507 0.611125 5
-2.21983 0.829647 6

1.99115 0.29966 6
1.97511 0.665555 6
2.2652 0.512628 6

1.67753 1.16622 6
1.35355 1.33815 6
1.67051 1.48782 6

-1.89871 -0.300355 6
-1.89369 -0.664189 6
-2.18864 -0.490112 6

1.47374 -1.77789 6
1.74732 -1.59402 6
1.76335 -1.94932 6

0.300198 -2.18551 6
0.603279 -2.35234 6
0.300021 -2.53658 6

0.739326 1.71535 6
0.454361 2.00798 6
0.742029 2.15884 6

-1.914 -1.02612 6
-1.56806 -1.2124 6
-1.86267 -1.3662 6

2.28828 0.865259 6
1.98859 1.00694 6
2.34068 1.19026 6

-0.110891 2.2855 5
-0.347156 2.51498 6
-0.00457485 2.60269 6

0.151933 2.18259 7
-0.208723 1.94977 7
-0.110891 2.2855 5

-0.62301 1.91532 7
-0.913315 1.76277 6
-0.937903 2.1052 6

0.993226 2.3596 7
0.742029 2.15884 6
0.730149 2.55616 7

-0.913315 1.76277 6
-1.22774 1.64557 5
-1.24402 1.94023 6

-1.89369 -0.664189 6
-1.914 -1.02612 6
-2.20477 -0.835662 7

0.890891 -1.82869 6
1.21317 -1.99293 6
0.911862 -2.17182 6

2.26893 -0.785732 6
2.23777 -0.454376 5
2.54331 -0.550111 6

2.23777 -0.454376 5
2.3459 -0.152705 7
2.54331 -0.550111 6

-1.5668 -1.57644 6
-1.57164 -1.93459 6
-1.8657 -1.71987 6

1.99115 0.29966 6
2.2652 0.512628 6
2.31761 0.168165 6

-1.24402 1.94023 6
-1.66264 1.83337 7
-1.50324 2.11577 5

2.34068 1.19026 6
2.01584 1.32634 6
2.33106 1.52197 6

2.01567 -0.0390766 6
1.99115 0.29966 6
2.31761 0.168165 6

-1.76493 1.51859 6
-2.14618 1.58806 5
-1.96582 1.84048 6

-1.46197 1.47229 6
-1.64434 1.15628 7
-1.76493 1.51859 6

-1.86267 -1.3662 6
-1.8657 -1.71987 6
-2.1612 -1.51119 6

0.890891 -1.82869 6
1.16009 -1.6382 6
1.21317 -1.99293 6

1.93731 -0.355798 6
2.01567 -0.0390766 6
2.3459 -0.152705 7

1.32415 1.66275 6
0.961858 1.9354 6
1.26881 1.96934 6

1.47374 -1.77789 6
1.76335 -1.94932 6
1.51874 -2.1608 6

2.31761 0.168165 6
2.2652 0.512628 6
2.57136 0.436518 6

-0.937903 2.1052 6
-1.24492 2.30475 6
-0.990719 2.49264 6

0.597524 -2.00563 6
0.890891 -1.82869 6
0.911862 -2.17182 6

1.26881 1.96934 6
0.993226 2.3596 7
1.29423 2.27787 5

-2.1665 0.384791 6
-2.3807 0.164494 7
-2.43377 0.599943 6

-0.00262304 -2.00383 6
0.300198 -2.18551 6
0.000201586 -2.35789 6

0.000201586 -2.35789 6
0.300021 -2.53658 6
-0.0147056 -2.70557 6

1.38378 -1.41786 6
1.66351 -1.2744 6
1.74732 -1.59402 6

0.454361 2.00798 6
0.151933 2.18259 7
0.454361 2.3572 5

-2.3807 0.164494 7
-2.17869 -0.128404 5
-2.48531 -0.195545 6

-2.50453 -0.526138 6
-2.20477 -0.835662 7
-2.52902 -0.844591 5

-0.938233 -1.86458 6
-0.612385 -2.01927 6
-0.919517 -2.19333 6

-1.20954 -2.37958 5
-0.919517 -2.19333 6
-0.929128 -2.54481 6

-1.64434 1.15628 7
-1.92795 0.981543 6
-2.00013 1.29415 6

-2.3054 1.15386 6
-2.21983 0.829647 6
-2.56992 0.960339 6

-1.96327 0.114226 6
-2.17869 -0.128404 5
-2.3807 0.164494 7

0.300198 -2.18551 6
0.597524 -2.00563 6
0.603279 -2.35234 6

-1.26713 -1.71826 6
-0.938233 -1.86458 6
-1.25196 -2.04544 6

2.43963 -1.20928 6
2.26893 -0.785732 6
2.63238 -0.931632 7

1.94525 -0.703465 7
2.26893 -0.785732 6
2.18435 -1.07855 5

0.454361 2.3572 5
0.290632 2.61327 7
0.730149 2.55616 7

1.76335 -1.94932 6
1.74732 -1.59402 6
2.06236 -1.74416 6

1.98859 1.00694 6
1.67753 1.16622 6
2.01584 1.32634 6

2.57136 0.436518 6
2.2652 0.512628 6
2.59057 0.755088 5

-1.5668 -1.57644 6
-1.26713 -1.71826 6
-1.57164 -1.93459 6

1.62972 1.81365 6
1.60872 2.13299 6
1.94324 1.96235 6

0.603279 -2.35234 6
0.901217 -2.51866 6
0.593455 -2.70374 6

1.87961 -1.04842 5
1.94525 -0.703465 7
2.18435 -1.07855 5

-2.14618 1.58806 5
-2.00013 1.29415 6
-2.42714 1.44733 6

1.67051 1.48782 6
1.32415 1.66275 6
1.62972 1.81365 6

-2.43377 0.599943 6
-2.3807 0.164494 7
-2.66658 0.395493 6

-0.612385 -2.01927 6
-0.300726 -2.18546 6
-0.612268 -2.3603 6

1.21305 -2.33962 6
1.21317 -1.99293 6
1.51874 -2.1608 6

2.18435 -1.07855 5
2.26893 -0.785732 6
2.43963 -1.20928 6

1.97511 0.665555 6
1.98859 1.00694 6
2.28828 0.865259 6

-0.702381 2.34364 6
-0.990719 2.49264 6
-0.679628 2.67517 6

-0.452924 2.18259 5
-0.62301 1.91532 7
-0.702381 2.34364 6

-0.300726 -2.18546 6
0.000201586 -2.35789 6
-0.31214 -2.52916 6

1.66351 -1.2744 6
1.87961 -1.04842 5
2.02953 -1.39276 7

-1.66264 1.83337 7
-1.96582 1.84048 6
-1.81569 2.18234 6

-1.22774 1.64557 5
-1.46197 1.47229 6
-1.66264 1.83337 7

-1.25196 -2.04544 6
-1.20954 -2.37958 5
-1.52503 -2.28945 7

-1.25196 -2.04544 6
-0.919517 -2.19333 6
-1.20954 -2.37958 5

-2.80063 -0.34107 6
-2.50453 -0.526138 6
-2.85503 -0.653959 6

-2.17869 -0.128404 5
-2.18864 -0.490112 6
-2.48531 -0.195545 6

-1.914 -1.02612 6
-1.86267 -1.3662 6
-2.20195 -1.18981 5

-1.86267 -1.3662 6
-1.5668 -1.57644 6
-1.8657 -1.71987 6

-2.56992 0.960339 6
-2.43377 0.599943 6
-2.78668 0.720362 6

-2.21983 0.829647 6
-2.1665 0.384791 6
-2.43377 0.599943 6

-2.20195 -1.18981 5
-2.1612 -1.51119 6
-2.50333 -1.17308 7

2.02953 -1.39276 7
2.43963 -1.20928 6
2.3367 -1.5338 6

0.961858 1.9354 6
0.742029 2.15884 6
0.993226 2.3596 7

-0.110891 2.2855 5
-0.452924 2.18259 5
-0.347156 2.51498 6

-2.66658 0.395493 6
-2.3807 0.164494 7
-2.69885 0.0564349 6

-0.929128 -2.54481 6
-0.612268 -2.3603 6
-0.632727 -2.6997 6

0.000201586 -2.35789 6
0.300198 -2.18551 6
0.300021 -2.53658 6

-0.347156 2.51498 6
-0.679628 2.67517 6
-0.365652 2.8317 6

-2.18864 -0.490112 6
-2.20477 -0.835662 7
-2.50453 -0.526138 6

-2.20195 -1.18981 5
-1.86267 -1.3662 6
-2.1612 -1.51119 6

1.31977 2.59587 6
0.993226 2.3596 7
1.02112 2.73517 6

2.59057 0.755088 5
2.28828 0.865259 6
2.66653 1.0647 7

-0.00457485 2.60269 6
-0.365652 2.8317 6
-0.0494491 2.92519 6

2.01584 1.32634 6
1.67051 1.48782 6
1.9758 1.64016 6

-1.92795 0.981543 6
-2.21983 0.829647 6
-2.3054 1.15386 6

-1.66264 1.83337 7
-1.76493 1.51859 6
-1.96582 1.84048 6

-2.42714 1.44733 6
-2.3054 1.15386 6
-2.71365 1.3735 7

-1.24402 1.94023 6
-1.50324 2.11577 5
-1.24492 2.30475 6

0.911862 -2.17182 6
1.21305 -2.33962 6
0.901217 -2.51866 6

2.3459 -0.152705 7
2.65153 0.102011 6
2.66543 -0.243477 6

2.33106 1.52197 6
1.9758 1.64016 6
2.26492 1.84264 6

0.151933 2.18259 7
-0.110891 2.2855 5
-0.00457485 2.60269 6

0.742029 2.15884 6
0.454361 2.3572 5
0.730149 2.55616 7

2.31761 0.168165 6
2.57136 0.436518 6
2.65153 0.102011 6

-0.937903 2.1052 6
-1.24402 1.94023 6
-1.24492 2.30475 6

0.603279 -2.35234 6
0.911862 -2.17182 6
0.901217 -2.51866 6

2.92656 0.399434 6
2.57136 0.436518 6
2.91318 0.706036 6

1.26881 1.96934 6
1.29423 2.27787 5
1.60872 2.13299 6

1.76335 -1.94932 6
2.06236 -1.74416 6
2.05063 -2.095 6

1.98859 1.00694 6
2.01584 1.32634 6
2.34068 1.19026 6

1.51089 -2.5018 6
1.51874 -2.1608 6
1.83204 -2.34015 6

-0.632727 -2.6997 6
-0.31214 -2.52916 6
-0.331061 -2.86911 6

2.66653 1.0647 7
2.34068 1.19026 6
2.6626 1.38134 6

0.454361 2.3572 5
0.151933 2.18259 7
0.290632 2.61327 7

0.911862 -2.17182 6
1.21317 -1.99293 6
1.21305 -2.33962 6

2.3459 -0.152705 7
2.31761 0.168165 6
2.65153 0.102011 6

-0.702381 2.34364 6
-0.937903 2.1052 6
-0.990719 2.49264 6

-1.8657 -1.71987 6
-1.87898 -2.06755 6
-2.16568 -1.87478 6

0.901217 -2.51866 6
1.19308 -2.68647 6
0.88169 -2.87017 6

1.21317 -1.99293 6
1.47374 -1.77789 6
1.51874 -2.1608 6

2.63238 -0.931632 7
2.54331 -0.550111 6
2.8105 -0.669791 6

-2.14618 1.58806 5
-2.42714 1.44733 6
-2.39598 1.82975 7

0.730149 2.55616 7
0.290632 2.61327 7
0.54259 2.8186 5

1.29423 2.27787 5
1.31977 2.59587 6
1.63864 2.46343 6

-2.52902 -0.844591 5
-2.20477 -0.835662 7
-2.50333 -1.17308 7

-1.52503 -2.28945 7
-1.20954 -2.37958 5
-1.36251 -2.64974 6

-1.57164 -1.93459 6
-1.52503 -2.28945 7
-1.87898 -2.06755 6

-2.21983 0.829647 6
-2.43377 0.599943 6
-2.56992 0.960339 6

1.02112 2.73517 6
0.730149 2.55616 7
0.823199 2.98299 6

-1.76493 1.51859 6
-2.00013 1.29415 6
-2.14618 1.58806 5

2.59057 0.755088 5
2.66653 1.0647 7
2.91318 0.706036 6

1.62972 1.81365 6
1.26881 1.96934 6
1.60872 2.13299 6

-2.1612 -1.51119 6
-2.16568 -1.87478 6
-2.44236 -1.61278 6

0.300021 -2.53658 6
0.593455 -2.70374 6
0.276608 -2.88685 6

2.54331 -0.550111 6
2.3459 -0.152705 7
2.66543 -0.243477 6

-1.81569 2.18234 6
-1.96582 1.84048 6
-2.16466 2.0882 6

-1.24492 2.30475 6
-1.59644 2.46451 7
-1.31587 2.64815 6

-2.85503 -0.653959 6
-2.52902 -0.844591 5
-2.83317 -0.984823 7

-1.50324 2.11577 5
-1.81569 2.18234 6
-1.59644 2.46451 7

2.2652 0.512628 6
2.28828 0.865259 6
2.59057 0.755088 5

-2.69885 0.0564349 6
-2.48531 -0.195545 6
-2.80063 -0.34107 6

0.300021 -2.53658 6
0.603279 -2.35234 6
0.593455 -2.70374 6

2.26893 -0.785732 6
2.54331 -0.550111 6
2.63238 -0.931632 7

1.9758 1.64016 6
1.62972 1.81365 6
1.94324 1.96235 6

-2.43377 0.599943 6
-2.66658 0.395493 6
-2.78668 0.720362 6

-2.3807 0.164494 7
-2.48531 -0.195545 6
-2.69885 0.0564349 6

1.21305 -2.33962 6
1.51874 -2.1608 6
1.51089 -2.5018 6

1.74732 -1.59402 6
2.02953 -1.39276 7
2.06236 -1.74416 6

-2.83317 -0.984823 7
-2.50333 -1.17308 7
-2.69468 -1.4066 6

-0.31214 -2.52916 6
0.000201586 -2.35789 6
-0.0147056 -2.70557 6

2.02953 -1.39276 7
2.18435 -1.07855 5
2.43963 -1.20928 6

-0.919517 -2.19333 6
-0.612268 -2.3603 6
-0.929128 -2.54481 6

2.05063 -2.095 6
2.06236 -1.74416 6
2.36147 -1.89974 6

2.28828 0.865259 6
2.34068 1.19026 6
2.66653 1.0647 7

-0.347156 2.51498 6
-0.702381 2.34364 6
-0.679628 2.67517 6

-2.98359 0.262692 6
-2.69885 0.0564349 6
-2.9998 -0.0980301 6

-1.57164 -1.93459 6
-1.25196 -2.04544 6
-1.52503 -2.28945 7

-1.36251 -2.64974 6
-0.929128 -2.54481 6
-1.02401 -2.83635 6

-1.87898 -2.06755 6
-1.81464 -2.38858 5
-2.18674 -2.23567 7

-0.990719 2.49264 6
-1.31587 2.64815 6
-1.00772 2.82839 6

2.3367 -1.5338 6
2.43963 -1.20928 6
2.71418 -1.31506 6

1.60872 2.13299 6
1.63864 2.46343 6
1.94272 2.27213 6

-0.31214 -2.52916 6
-0.0147056 -2.70557 6
-0.331061 -2.86911 6

-2.20477 -0.835662 7
-2.20195 -1.18981 5
-2.50333 -1.17308 7

-0.0147056 -2.70557 6
0.276608 -2.88685 6
-0.0269014 -3.0532 6

2.06236 -1.74416 6
2.02953 -1.39276 7
2.3367 -1.5338 6

1.29423 2.27787 5
0.993226 2.3596 7
1.31977 2.59587 6

-0.612268 -2.3603 6
-0.31214 -2.52916 6
-0.632727 -2.6997 6

2.01584 1.32634 6
1.9758 1.64016 6
2.33106 1.52197 6

-0.679628 2.67517 6
-1.00772 2.82839 6
-0.694519 3.00445 6

-1.8657 -1.71987 6
-1.57164 -1.93459 6
-1.87898 -2.06755 6

2.54331 -0.550111 6
2.66543 -0.243477 6
2.8105 -0.669791 6

-2.56992 0.960339 6
-2.78668 0.720362 6
-2.84405 1.06634 5

-1.81464 -2.38858 5
-1.52503 -2.28945 7
-1.67682 -2.69268 7

0.593455 -2.70374 6
0.88169 -2.87017 6
0.557712 -3.05477 6

-2.16466 2.0882 6
-1.96582 1.84048 6
-2.39598 1.82975 7

2.65153 0.102011 6
2.57136 0.436518 6
2.92656 0.399434 6

-2.48531 -0.195545 6
-2.50453 -0.526138 6
-2.80063 -0.34107 6

2.71418 -1.31506 6
2.63238 -0.931632 7
2.97494 -1.12603 6

-2.00013 1.29415 6
-2.3054 1.15386 6
-2.42714 1.44733 6

-2.66658 0.395493 6
-2.98359 0.262692 6
-3.05054 0.57563 6

-1.50324 2.11577 5
-1.66264 1.83337 7
-1.81569 2.18234 6

-1.20954 -2.37958 5
-0.929128 -2.54481 6
-1.36251 -2.64974 6

-0.00457485 2.60269 6
-0.347156 2.51498 6
-0.365652 2.8317 6

-2.9998 -0.0980301 6
-2.80063 -0.34107 6
-3.17478 -0.436518 7

-2.1612 -1.51119 6
-1.8657 -1.71987 6
-2.16568 -1.87478 6

0.290632 2.61327 7
-0.0494491 2.92519 6
0.255736 2.99854 6

-0.365652 2.8317 6
-0.694519 3.00445 6
-0.361959 3.15203 6

2.36147 -1.89974 6
2.3367 -1.5338 6
2.63581 -1.6611 6

2.6626 1.38134 6
2.33106 1.52197 6
2.65127 1.69368 6

-2.50333 -1.17308 7
-2.1612 -1.51119 6
-2.44236 -1.61278 6

-1.81569 2.18234 6
-2.16466 2.0882 6
-2.02884 2.41364 6

-1.02401 -2.83635 6
-0.632727 -2.6997 6
-0.689292 -3.00739 6

2.9946 1.02174 5
2.66653 1.0647 7
2.99111 1.34665 6

2.66543 -0.243477 6
2.97258 0.083807 6
2.97204 -0.23769 6

1.31977 2.59587 6
1.3244 2.92635 5
1.64109 2.79815 7

1.19308 -2.68647 6
1.47767 -2.84946 6
1.16159 -3.04102 6

-0.0147056 -2.70557 6
0.300021 -2.53658 6
0.276608 -2.88685 6

1.94324 1.96235 6
1.94272 2.27213 6
2.27133 2.1937 6

0.823199 2.98299 6
0.54259 2.8186 5
0.54603 3.18448 6

0.993226 2.3596 7
0.730149 2.55616 7
1.02112 2.73517 6

2.26492 1.84264 6
2.27133 2.1937 6
2.55146 1.99881 5

2.66543 -0.243477 6
2.65153 0.102011 6
2.97258 0.083807 6

1.9758 1.64016 6
1.94324 1.96235 6
2.26492 1.84264 6

0.901217 -2.51866 6
1.21305 -2.33962 6
1.19308 -2.68647 6

1.21305 -2.33962 6
1.51089 -2.5018 6
1.19308 -2.68647 6

2.91318 0.706036 6
2.9946 1.02174 5
3.23257 0.725531 7

0.290632 2.61327 7
-0.00457485 2.60269 6
-0.0494491 2.92519 6

-2.66658 0.395493 6
-2.69885 0.0564349 6
-2.98359 0.262692 6

-2.16568 -1.87478 6
-2.18674 -2.23567 7
-2.46805 -1.96924 6

2.05063 -2.095 6
2.36147 -1.89974 6
2.30029 -2.26723 5

-2.50453 -0.526138 6
-2.52902 -0.844591 5
-2.85503 -0.653959 6

1.47767 -2.84946 6
1.51089 -2.5018 6
1.79773 -2.67363 6

1.76335 -1.94932 6
2.05063 -2.095 6
1.83204 -2.34015 6

-0.990719 2.49264 6
-1.24492 2.30475 6
-1.31587 2.64815 6

-1.24492 2.30475 6
-1.50324 2.11577 5
-1.59644 2.46451 7

0.593455 -2.70374 6
0.901217 -2.51866 6
0.88169 -2.87017 6

1.51874 -2.1608 6
1.76335 -1.94932 6
1.83204 -2.34015 6

2.65153 0.102011 6
2.92656 0.399434 6
2.97258 0.083807 6

-2.42714 1.44733 6
-2.71365 1.3735 7
-2.6946 1.73033 6

1.63864 2.46343 6
1.64109 2.79815 7
1.97983 2.58105 6

-2.78668 0.720362 6
-3.05054 0.57563 6
-3.17478 0.960339 6

1.60872 2.13299 6
1.29423 2.27787 5
1.63864 2.46343 6

1.3244 2.92635 5
1.02112 2.73517 6
1.1052 3.15878 7

2.71418 -1.31506 6
2.97494 -1.12603 6
2.97615 -1.47945 6

-2.44236 -1.61278 6
-2.46805 -1.96924 6
-2.75608 -1.75786 6

2.8105 -0.669791 6
3.09117 -0.518227 5
3.08986 -0.85682 6

2.97258 0.083807 6
3.2488 0.337693 6
3.2831 -0.0265469 6

0.255736 2.99854 6
-0.0339833 3.25884 6
0.269768 3.37468 6

-0.929128 -2.54481 6
-0.632727 -2.6997 6
-1.02401 -2.83635 6

2.8105 -0.669791 6
2.66543 -0.243477 6
2.97204 -0.23769 6

-0.679628 2.67517 6
-0.990719 2.49264 6
-1.00772 2.82839 6

1.94324 1.96235 6
1.60872 2.13299 6
1.94272 2.27213 6

-0.0494491 2.92519 6
-0.361959 3.15203 6
-0.0339833 3.25884 6

-3.17478 -0.436518 7
-2.85503 -0.653959 6
-3.17478 -0.785732 6

-1.67682 -2.69268 7
-1.36251 -2.64974 6
-1.3427 -2.96464 6

1.19308 -2.68647 6
1.51089 -2.5018 6
1.47767 -2.84946 6

2.57136 0.436518 6
2.59057 0.755088 5
2.91318 0.706036 6

-2.69885 0.0564349 6
-2.80063 -0.34107 6
-2.9998 -0.0980301 6

-2.52902 -0.844591 5
-2.50333 -1.17308 7
-2.83317 -0.984823 7

0.88169 -2.87017 6
1.16159 -3.04102 6
0.827584 -3.21909 6

2.34068 1.19026 6
2.33106 1.52197 6
2.6626 1.38134 6

-2.56992 0.960339 6
-2.84405 1.06634 5
-2.71365 1.3735 7

-1.87898 -2.06755 6
-1.52503 -2.28945 7
-1.81464 -2.38858 5

-2.16568 -1.87478 6
-1.87898 -2.06755 6
-2.18674 -2.23567 7

-2.98359 0.262692 6
-3.28123 0.108952 5
-3.39047 0.379068 7

-0.689292 -3.00739 6
-0.331061 -2.86911 6
-0.357569 -3.18721 6

0.276608 -2.88685 6
0.557712 -3.05477 6
0.276911 -3.25268 6

-2.16466 2.0882 6
-2.46762 2.1924 5
-2.33355 2.48388 6

-1.59644 2.46451 7
-1.81569 2.18234 6
-2.02884 2.41364 6

-1.59315 2.8463 6
-1.59644 2.46451 7
-1.86566 2.67893 5

-2.84405 1.06634 5
-2.78668 0.720362 6
-3.17478 0.960339 6

1.94272 2.27213 6
1.97983 2.58105 6
2.30404 2.50776 6

0.54259 2.8186 5
0.290632 2.61327 7
0.255736 2.99854 6

-2.39598 1.82975 7
-2.42714 1.44733 6
-2.6946 1.73033 6

-1.96582 1.84048 6
-2.14618 1.58806 5
-2.39598 1.82975 7

-2.50333 -1.17308 7
-2.44236 -1.61278 6
-2.69468 -1.4066 6

2.3367 -1.5338 6
2.71418 -1.31506 6
2.63581 -1.6611 6

2.43963 -1.20928 6
2.63238 -0.931632 7
2.71418 -1.31506 6

2.33106 1.52197 6
2.26492 1.84264 6
2.65127 1.69368 6

2.97204 -0.23769 6
3.2831 -0.0265469 6
3.37076 -0.349108 6

2.06236 -1.74416 6
2.3367 -1.5338 6
2.36147 -1.89974 6

-0.365652 2.8317 6
-0.679628 2.67517 6
-0.694519 3.00445 6

-2.78668 0.720362 6
-2.66658 0.395493 6
-3.05054 0.57563 6

-3.28123 0.108952 5
-2.9998 -0.0980301 6
-3.35491 -0.205665 5

-1.3427 -2.96464 6
-1.02401 -2.83635 6
-1.00622 -3.1575 6

-1.00622 -3.1575 6
-0.689292 -3.00739 6
-0.678347 -3.32884 6

-2.3054 1.15386 6
-2.56992 0.960339 6
-2.71365 1.3735 7

-0.632727 -2.6997 6
-0.331061 -2.86911 6
-0.689292 -3.00739 6

-0.331061 -2.86911 6
-0.0147056 -2.70557 6
-0.0269014 -3.0532 6

-1.00772 2.82839 6
-1.30505 3.01189 6
-1.00618 3.17188 6

-2.71365 1.3735 7
-3.07204 1.29544 6
-3.00573 1.60912 6

-2.69468 -1.4066 6
-2.75608 -1.75786 6
-3.02986 -1.56411 5

-0.0269014 -3.0532 6
0.276911 -3.25268 6
-0.0348386 -3.38727 6

2.97258 0.083807 6
2.92656 0.399434 6
3.2488 0.337693 6

0.730149 2.55616 7
0.54259 2.8186 5
0.823199 2.98299 6

-1.31587 2.64815 6
-1.59315 2.8463 6
-1.30505 3.01189 6

-2.80063 -0.34107 6
-2.85503 -0.653959 6
-3.17478 -0.436518 7

-2.18674 -2.23567 7
-1.81464 -2.38858 5
-2.076 -2.55404 6

0.276608 -2.88685 6
0.593455 -2.70374 6
0.557712 -3.05477 6

2.30029 -2.26723 5
2.36147 -1.89974 6
2.6531 -2.04051 6

2.8105 -0.669791 6
2.97204 -0.23769 6
3.09117 -0.518227 5

1.31977 2.59587 6
1.02112 2.73517 6
1.3244 2.92635 5

-1.81464 -2.38858 5
-1.67682 -2.69268 7
-2.076 -2.55404 6

2.97494 -1.12603 6
2.63238 -0.931632 7
3.08986 -0.85682 6

1.1052 3.15878 7
0.823199 2.98299 6
0.840498 3.35607 6

2.99111 1.34665 6
2.6626 1.38134 6
2.98027 1.6812 6

-3.05054 0.57563 6
-3.39047 0.379068 7
-3.35083 0.704206 6

-0.694519 3.00445 6
-1.00618 3.17188 6
-0.683251 3.33199 6

2.30029 -2.26723 5
2.6531 -2.04051 6
2.57136 -2.3572 6

-2.44236 -1.61278 6
-2.16568 -1.87478 6
-2.46805 -1.96924 6

3.09117 -0.518227 5
3.37076 -0.349108 6
3.41067 -0.681912 6

2.98027 1.6812 6
2.65127 1.69368 6
2.87379 2.00798 7

2.26492 1.84264 6
1.94324 1.96235 6
2.27133 2.1937 6

-2.02884 2.41364 6
-2.33355 2.48388 6
-2.18431 2.8155 7

2.91318 0.706036 6
2.66653 1.0647 7
2.9946 1.02174 5

-2.69468 -1.4066 6
-2.44236 -1.61278 6
-2.75608 -1.75786 6

-1.52503 -2.28945 7
-1.36251 -2.64974 6
-1.67682 -2.69268 7

2.63238 -0.931632 7
2.8105 -0.669791 6
3.08986 -0.85682 6

-0.0494491 2.92519 6
-0.365652 2.8317 6
-0.361959 3.15203 6

3.08986 -0.85682 6
3.41067 -0.681912 6
3.39155 -1.02322 6

2.6531 -2.04051 6
2.63581 -1.6611 6
2.91223 -1.83233 6

-0.361959 3.15203 6
-0.683251 3.33199 6
-0.352989 3.47286 6

-2.46762 2.1924 5
-2.39598 1.82975 7
-2.74106 2.07165 6

-3.17478 -0.785732 6
-2.83317 -0.984823 7
-3.2374 -1.09441 5

1.47767 -2.84946 6
1.71796 -3.05705 6
1.42891 -3.22451 6

-0.331061 -2.86911 6
-0.0269014 -3.0532 6
-0.357569 -3.18721 6

3.23257 0.725531 7
2.9946 1.02174 5
3.30621 1.08885 6

-1.36251 -2.64974 6
-1.02401 -2.83635 6
-1.3427 -2.96464 6

0.557712 -3.05477 6
0.827584 -3.21909 6
0.566258 -3.43548 6

1.79773 -2.67363 6
1.83204 -2.34015 6
2.13555 -2.53491 8

-0.0339833 3.25884 6
-0.352989 3.47286 6
-0.0348386 3.59702 0

0.54259 2.8186 5
0.255736 2.99854 6
0.54603 3.18448 6

2.27133 2.1937 6
2.30404 2.50776 6
2.64871 2.30412 6

1.83204 -2.34015 6
2.05063 -2.095 6
2.13555 -2.53491 8

1.51089 -2.5018 6
1.83204 -2.34015 6
1.79773 -2.67363 6

2.05063 -2.095 6
2.30029 -2.26723 5
2.13555 -2.53491 8

-2.83317 -0.984823 7
-2.69468 -1.4066 6
-2.98906 -1.25926 6

1.3244 2.92635 5
1.1052 3.15878 7
1.52798 3.17526 6

-2.74106 2.07165 6
-2.6946 1.73033 6
-3.03436 1.9343 6

-0.694519 3.00445 6
-1.00772 2.82839 6
-1.00618 3.17188 6

2.65127 1.69368 6
2.26492 1.84264 6
2.55146 1.99881 5

-3.17478 -0.436518 7
-3.45808 -0.657725 5
-3.62578 -0.396471 6

-0.678347 -3.32884 6
-0.357569 -3.18721 6
-0.352989 -3.51143 0

2.87379 2.00798 7
2.55146 1.99881 5
2.64871 2.30412 6

1.63864 2.46343 6
1.31977 2.59587 6
1.64109 2.79815 7

0.255736 2.99854 6
-0.0494491 2.92519 6
-0.0339833 3.25884 6

1.94272 2.27213 6
1.63864 2.46343 6
1.97983 2.58105 6

-2.98906 -1.25926 6
-3.34213 -1.60062 6
-3.47721 -1.30955 6

-1.67682 -2.69268 7
-1.65184 -3.04629 6
-1.96507 -2.88102 6

0.88169 -2.87017 6
1.19308 -2.68647 6
1.16159 -3.04102 6

1.71796 -3.05705 6
1.79773 -2.67363 6
2.02497 -2.90184 6

3.30621 1.08885 6
2.99111 1.34665 6
3.29221 1.45437 6

0.840498 3.35607 6
0.54603 3.18448 6
0.566258 3.5488 0

-1.31587 2.64815 6
-1.59644 2.46451 7
-1.59315 2.8463 6

-1.65184 -3.04629 6
-1.3427 -2.96464 6
-1.3293 -3.28766 6

-0.0269014 -3.0532 6
0.276608 -2.88685 6
0.276911 -3.25268 6

3.2831 -0.0265469 6
3.55558 0.18385 6
3.62523 -0.166902 6

-1.59315 2.8463 6
-1.90786 3.02777 6
-1.6137 3.20274 6

-1.59644 2.46451 7
-2.02884 2.41364 6
-1.86566 2.67893 5

-2.46762 2.1924 5
-2.74106 2.07165 6
-2.71879 2.458 7

3.2488 0.337693 6
2.92656 0.399434 6
3.23257 0.725531 7

-2.02884 2.41364 6
-2.16466 2.0882 6
-2.33355 2.48388 6

-2.46805 -1.96924 6
-2.51945 -2.28743 5
-2.82408 -2.06993 6

3.2488 0.337693 6
3.49937 0.561308 6
3.55558 0.18385 6

-2.85503 -0.653959 6
-2.83317 -0.984823 7
-3.17478 -0.785732 6

-1.02401 -2.83635 6
-0.689292 -3.00739 6
-1.00622 -3.1575 6

2.66653 1.0647 7
2.6626 1.38134 6
2.99111 1.34665 6

-1.00772 2.82839 6
-1.31587 2.64815 6
-1.30505 3.01189 6

-3.17478 0.960339 6
-3.35083 0.704206 6
-3.43119 1.11652 6

-2.98359 0.262692 6
-2.9998 -0.0980301 6
-3.28123 0.108952 5

-2.51945 -2.28743 5
-2.18674 -2.23567 7
-2.43349 -2.57688 7

2.97204 -0.23769 6
2.97258 0.083807 6
3.2831 -0.0265469 6

2.92656 0.399434 6
2.91318 0.706036 6
3.23257 0.725531 7

-2.84405 1.06634 5
-3.17478 0.960339 6
-3.07204 1.29544 6

-2.46805 -1.96924 6
-2.18674 -2.23567 7
-2.51945 -2.28743 5

-1.00618 3.17188 6
-1.3242 3.36146 6
-1.00518 3.50167 0

-2.16466 2.0882 6
-2.39598 1.82975 7
-2.46762 2.1924 5

-3.45808 -0.657725 5
-3.17478 -0.785732 6
-3.55912 -0.961657 7

2.27133 2.1937 6
1.94272 2.27213 6
2.30404 2.50776 6

-2.75608 -1.75786 6
-2.82408 -2.06993 6
-3.12874 -1.88443 6

0.276911 -3.25268 6
0.566258 -3.43548 6
0.269768 -3.6096 0

0.827584 -3.21909 6
1.08306 -3.39377 6
0.840498 -3.62821 0

2.97494 -1.12603 6
3.39155 -1.02322 6
3.30383 -1.31564 6

3.09117 -0.518227 5
2.97204 -0.23769 6
3.37076 -0.349108 6

-3.39047 0.379068 7
-3.28123 0.108952 5
-3.62433 -0.016084 7

2.57136 -2.3572 6
2.6531 -2.04051 6
2.93938 -2.22819 6

2.63581 -1.6611 6
2.71418 -1.31506 6
2.97615 -1.47945 6

-2.9998 -0.0980301 6
-3.17478 -0.436518 7
-3.35491 -0.205665 5

0.557712 -3.05477 6
0.88169 -2.87017 6
0.827584 -3.21909 6

0.54603 3.18448 6
0.255736 2.99854 6
0.269768 3.37468 6

1.64109 2.79815 7
1.52798 3.17526 6
1.82686 3.14814 6

-2.71365 1.3735 7
-2.84405 1.06634 5
-3.07204 1.29544 6

1.16159 -3.04102 6
1.42891 -3.22451 6
1.08306 -3.39377 6

2.36147 -1.89974 6
2.63581 -1.6611 6
2.6531 -2.04051 6

1.02112 2.73517 6
0.823199 2.98299 6
1.1052 3.15878 7

0.276911 -3.25268 6
0.557712 -3.05477 6
0.566258 -3.43548 6

2.97615 -1.47945 6
3.30383 -1.31564 6
3.23868 -1.64747 6

-3.07204 1.29544 6
-3.17478 0.960339 6
-3.43119 1.11652 6

-0.357569 -3.18721 6
-0.0269014 -3.0532 6
-0.0348386 -3.38727 6

1.52798 3.17526 6
1.1052 3.15878 7
1.33568 3.42017 5

-1.86566 2.67893 5
-2.18431 2.8155 7
-1.90786 3.02777 6

-3.62433 -0.016084 7
-3.35491 -0.205665 5
-3.62578 -0.396471 6

-1.3293 -3.28766 6
-1.00622 -3.1575 6
-1.00518 -3.48262 6

2.13555 -2.53491 8
2.30029 -2.26723 5
2.57136 -2.3572 6

2.9946 1.02174 5
2.99111 1.34665 6
3.30621 1.08885 6

-3.28123 0.108952 5
-3.35491 -0.205665 5
-3.62433 -0.016084 7

-0.689292 -3.00739 6
-0.357569 -3.18721 6
-0.678347 -3.32884 6

0.269768 3.37468 6
-0.0348386 3.59702 0
0.276911 3.7316 0

-0.361959 3.15203 6
-0.694519 3.00445 6
-0.683251 3.33199 6

-2.43349 -2.57688 7
-2.076 -2.55404 6
-2.26004 -2.86413 5

-2.51945 -2.28743 5
-2.43349 -2.57688 7
-2.83935 -2.39595 6

3.37076 -0.349108 6
3.62523 -0.166902 6
3.72451 -0.518798 6

1.97983 2.58105 6
1.9665 2.88102 5
2.32777 2.83678 7

-0.683251 3.33199 6
-1.00518 3.50167 0
-0.678347 3.65545 0

-1.30505 3.01189 6
-1.6137 3.20274 6
-1.3242 3.36146 6

-2.6946 1.73033 6
-2.71365 1.3735 7
-3.00573 1.60912 6

-1.67682 -2.69268 7
-1.3427 -2.96464 6
-1.65184 -3.04629 6

-3.02986 -1.56411 5
-2.75608 -1.75786 6
-3.12874 -1.88443 6

-2.98906 -1.25926 6
-2.69468 -1.4066 6
-3.02986 -1.56411 5

-3.35083 0.704206 6
-3.67615 0.555446 6
-3.66968 0.88939 6

-3.05054 0.57563 6
-2.98359 0.262692 6
-3.39047 0.379068 7

-2.83317 -0.984823 7
-2.98906 -1.25926 6
-3.2374 -1.09441 5

-2.6946 1.73033 6
-3.00573 1.60912 6
-3.03436 1.9343 6

2.6626 1.38134 6
2.65127 1.69368 6
2.98027 1.6812 6

1.97983 2.58105 6
1.64109 2.79815 7
1.9665 2.88102 5

-2.33355 2.48388 6
-2.71879 2.458 7
-2.51199 2.74045 5

-3.17478 0.960339 6
-3.05054 0.57563 6
-3.35083 0.704206 6

3.29221 1.45437 6
2.98027 1.6812 6
3.26185 1.82088 6

-2.39598 1.82975 7
-2.6946 1.73033 6
-2.74106 2.07165 6

2.02497 -2.90184 6
2.13555 -2.53491 8
2.32807 -2.79684 5

2.63581 -1.6611 6
2.97615 -1.47945 6
2.91223 -1.83233 6

0.823199 2.98299 6
0.54603 3.18448 6
0.840498 3.35607 6

-1.86566 2.67893 5
-2.02884 2.41364 6
-2.18431 2.8155 7

-3.17478 -0.436518 7
-3.17478 -0.785732 6
-3.45808 -0.657725 5

-1.00518 -3.48262 6
-0.678347 -3.32884 6
-0.683251 -3.65229 0

2.93938 -2.22819 6
2.91223 -1.83233 6
3.17622 -2.00798 6

3.08986 -0.85682 6
3.09117 -0.518227 5
3.41067 -0.681912 6

3.49937 0.561308 6
3.23257 0.725531 7
3.57619 0.891354 6

-2.076 -2.55404 6
-1.96507 -2.88102 6
-2.26004 -2.86413 5

-1.92265 -3.2459 6
-1.65184 -3.04629 6
-1.62947 -3.41197 6

-0.0348386 -3.38727 6
0.269768 -3.6096 0
-0.0339833 -3.72544 0

2.30404 2.50776 6
2.32777 2.83678 7
2.62726 2.61161 6

-2.076 -2.55404 6
-1.67682 -2.69268 7
-1.96507 -2.88102 6

2.65127 1.69368 6
2.55146 1.99881 5
2.87379 2.00798 7

1.08306 3.59051 0
0.840498 3.35607 6
0.827584 3.76519 0

1.47767 -2.84946 6
1.79773 -2.67363 6
1.71796 -3.05705 6

3.41067 -0.681912 6
3.72451 -0.518798 6
3.70247 -0.858523 6

-0.352989 3.47286 6
-0.678347 3.65545 0
-0.357569 3.79707 0

-0.0339833 3.25884 6
-0.361959 3.15203 6
-0.352989 3.47286 6

-2.75608 -1.75786 6
-2.46805 -1.96924 6
-2.82408 -2.06993 6

1.71796 -3.05705 6
2.02497 -2.90184 6
1.97164 -3.25916 6

3.57619 0.891354 6
3.30621 1.08885 6
3.58791 1.26433 6

2.32777 2.83678 7
1.9665 2.88102 5
2.23859 3.1342 6

0.566258 -3.43548 6
0.840498 -3.62821 0
0.54603 -3.79981 0

1.97164 -3.25916 6
2.02497 -2.90184 6
2.28128 -3.17298 6

2.87379 2.00798 7
2.99051 2.33577 6
3.23738 2.1395 6

2.55146 1.99881 5
2.27133 2.1937 6
2.64871 2.30412 6

-3.45808 -0.657725 5
-3.55912 -0.961657 7
-3.8306 -0.684565 7

-3.17478 -0.785732 6
-3.2374 -1.09441 5
-3.55912 -0.961657 7

3.23257 0.725531 7
3.30621 1.08885 6
3.57619 0.891354 6

1.64109 2.79815 7
1.3244 2.92635 5
1.52798 3.17526 6

1.16159 -3.04102 6
1.47767 -2.84946 6
1.42891 -3.22451 6

2.59618 -2.67177 6
2.57136 -2.3572 6
2.91004 -2.54582 6

-0.352989 -3.51143 0
-0.0339833 -3.72544 0
-0.361959 -3.83225 0

-0.357569 -3.18721 6
-0.0348386 -3.38727 6
-0.352989 -3.51143 0

1.79773 -2.67363 6
2.13555 -2.53491 8
2.02497 -2.90184 6

3.55558 0.18385 6
3.78107 0.436518 6
3.87488 0.0453167 6

2.99111 1.34665 6
2.98027 1.6812 6
3.29221 1.45437 6

2.97494 -1.12603 6
3.08986 -0.85682 6
3.39155 -1.02322 6

3.2488 0.337693 6
3.23257 0.725531 7
3.49937 0.561308 6

-2.18674 -2.23567 7
-2.076 -2.55404 6
-2.43349 -2.57688 7

-3.01488 2.28162 6
-3.03436 1.9343 6
-3.34318 2.10437 6

0.566258 -3.43548 6
0.827584 -3.21909 6
0.840498 -3.62821 0

-1.3427 -2.96464 6
-1.00622 -3.1575 6
-1.3293 -3.28766 6

3.23868 -1.64747 6
3.59028 -1.53735 6
3.47864 -1.83337 6

2.97615 -1.47945 6
2.97494 -1.12603 6
3.30383 -1.31564 6

1.52798 3.17526 6
1.33568 3.42017 5
1.67594 3.53016 0

3.2831 -0.0265469 6
3.2488 0.337693 6
3.55558 0.18385 6

-0.678347 3.65545 0
-1.00622 3.82678 0
-0.689292 3.9769 0

-0.0348386 -3.38727 6
0.276911 -3.25268 6
0.269768 -3.6096 0

0.827584 -3.21909 6
1.16159 -3.04102 6
1.08306 -3.39377 6

1.33568 3.42017 5
1.1052 3.15878 7
1.08306 3.59051 0

-3.00573 1.60912 6
-3.3676 1.44537 6
-3.34032 1.76695 6

-3.02986 -1.56411 5
-3.12874 -1.88443 6
-3.34213 -1.60062 6

-1.59315 2.8463 6
-1.86566 2.67893 5
-1.90786 3.02777 6

-1.96507 -2.88102 6
-1.92265 -3.2459 6
-2.25023 -3.18974 6

-1.30505 3.01189 6
-1.59315 2.8463 6
-1.6137 3.20274 6

3.37076 -0.349108 6
3.2831 -0.0265469 6
3.62523 -0.166902 6

0.54603 3.18448 6
0.269768 3.37468 6
0.566258 3.5488 0

0.269768 3.37468 6
-0.0339833 3.25884 6
-0.0348386 3.59702 0

2.28128 -3.17298 6
2.32807 -2.79684 5
2.57136 -3.05562 6

-1.00618 3.17188 6
-1.30505 3.01189 6
-1.3242 3.36146 6

-2.71879 2.458 7
-2.74106 2.07165 6
-3.01488 2.28162 6

1.33568 -3.56411 0
1.42891 -3.22451 6
1.67594 -3.45412 7

2.64871 2.30412 6
2.62726 2.61161 6
2.99051 2.33577 6

-3.00573 1.60912 6
-3.07204 1.29544 6
-3.3676 1.44537 6

-3.07204 1.29544 6
-3.43119 1.11652 6
-3.3676 1.44537 6

-0.683251 3.33199 6
-1.00618 3.17188 6
-1.00518 3.50167 0

-1.6137 3.20274 6
-1.90728 3.37029 6
-1.62947 3.57231 0

2.30404 2.50776 6
1.97983 2.58105 6
2.32777 2.83678 7

-1.62947 -3.41197 6
-1.3293 -3.28766 6
-1.3242 -3.62283 0

-2.23598 3.14817 6
-2.18431 2.8155 7
-2.56992 3.05562 6

-3.67615 0.555446 6
-3.39047 0.379068 7
-3.77964 0.261911 5

-1.00622 -3.1575 6
-0.678347 -3.32884 6
-1.00518 -3.48262 6

3.58791 1.26433 6
3.29221 1.45437 6
3.56982 1.63612 6

2.91223 -1.83233 6
2.97615 -1.47945 6
3.23868 -1.64747 6

1.9665 2.88102 5
1.64109 2.79815 7
1.82686 3.14814 6

-0.678347 -3.32884 6
-0.352989 -3.51143 0
-0.683251 -3.65229 0

3.30383 -1.31564 6
3.68797 -1.21861 7
3.59028 -1.53735 6

-3.62578 -0.396471 6
-3.45808 -0.657725 5
-3.8306 -0.684565 7

2.32807 -2.79684 5
2.13555 -2.53491 8
2.59618 -2.67177 6

3.62523 -0.166902 6
3.87488 0.0453167 6
3.95698 -0.283774 0

-1.90786 3.02777 6
-2.23598 3.14817 6
-1.90728 3.37029 6

-0.352989 3.47286 6
-0.683251 3.33199 6
-0.678347 3.65545 0

-3.35491 -0.205665 5
-3.17478 -0.436518 7
-3.62578 -0.396471 6

-3.62433 -0.016084 7
-3.90615 -0.283774 6
-3.98825 0.0453167 0

-3.55912 -0.961657 7
-3.2374 -1.09441 5
-3.47721 -1.30955 6

-2.83935 -2.39595 6
-2.43349 -2.57688 7
-2.80097 -2.69774 6

-0.0348386 3.59702 0
-0.357569 3.79707 0
-0.0269014 3.93108 0

1.82686 3.14814 6
1.67594 3.53016 0
2.00224 3.40144 5

-2.82408 -2.06993 6
-2.83935 -2.39595 6
-3.15011 -2.21111 6

-3.34213 -1.60062 6
-3.45507 -1.98809 6
-3.6345 -1.7118 7

-3.43119 1.11652 6
-3.66968 0.88939 6
-3.7136 1.26703 6

2.6531 -2.04051 6
2.91223 -1.83233 6
2.93938 -2.22819 6

-2.33355 2.48388 6
-2.46762 2.1924 5
-2.71879 2.458 7

-3.12874 -1.88443 6
-3.15011 -2.21111 6
-3.45507 -1.98809 6

1.67594 3.53016 0
1.33568 3.42017 5
1.42891 3.75978 0

0.827584 3.76519 0
0.566258 3.5488 0
0.557712 3.92951 0

2.64871 2.30412 6
2.30404 2.50776 6
2.62726 2.61161 6

-3.77964 0.261911 5
-3.98825 0.0453167 0
-4.08206 0.436518 0

3.78107 0.436518 6
3.49937 0.561308 6
3.88857 0.738359 6

-2.18431 2.8155 7
-2.33355 2.48388 6
-2.51199 2.74045 5

-2.98906 -1.25926 6
-3.02986 -1.56411 5
-3.34213 -1.60062 6

0.269768 -3.6096 0
0.54603 -3.79981 0
0.255736 -3.98574 0

3.41067 -0.681912 6
3.37076 -0.349108 6
3.72451 -0.518798 6

3.88857 0.738359 6
3.57619 0.891354 6
3.87608 1.07425 6

1.9665 2.88102 5
1.82686 3.14814 6
2.23859 3.1342 6

-3.3676 1.44537 6
-3.7136 1.26703 6
-3.67063 1.6056 6

-2.56776 -2.92227 6
-2.26004 -2.86413 5
-2.25023 -3.18974 6

-2.82408 -2.06993 6
-2.51945 -2.28743 5
-2.83935 -2.39595 6

2.91004 -2.54582 6
2.93938 -2.22819 6
3.24133 -2.39884 6

-2.83935 -2.39595 6
-2.80097 -2.69774 6
-3.15416 -2.55122 6

-3.2374 -1.09441 5
-2.98906 -1.25926 6
-3.47721 -1.30955 6

-1.00618 -3.81241 0
-0.683251 -3.65229 0
-0.694519 -3.97984 0

-1.3242 -3.62283 0
-1.00518 -3.48262 6
-1.00618 -3.81241 0

1.08306 -3.39377 6
1.33568 -3.56411 0
1.1052 -3.8255 0

-2.82805 2.83121 6
-2.71879 2.458 7
-3.05499 2.61575 6

2.87379 2.00798 7
2.64871 2.30412 6
2.99051 2.33577 6

-1.00518 3.50167 0
-1.3293 3.69662 0
-1.00622 3.82678 0

1.08306 -3.39377 6
1.42891 -3.22451 6
1.33568 -3.56411 0

-3.35083 0.704206 6
-3.39047 0.379068 7
-3.67615 0.555446 6

-1.96507 -2.88102 6
-1.65184 -3.04629 6
-1.92265 -3.2459 6

2.00224 -3.58284 0
1.97164 -3.25916 6
2.31446 -3.51034 0

2.13555 -2.53491 8
2.57136 -2.3572 6
2.59618 -2.67177 6

2.57136 -3.05562 6
2.59618 -2.67177 6
2.8812 -2.88285 6

-0.0348386 3.59702 0
-0.352989 3.47286 6
-0.357569 3.79707 0

-0.352989 -3.51143 0
-0.0348386 -3.38727 6
-0.0339833 -3.72544 0

2.98027 1.6812 6
2.87379 2.00798 7
3.26185 1.82088 6

-2.18431 2.8155 7
-2.51199 2.74045 5
-2.56992 3.05562 6

0.566258 3.5488 0
0.269768 3.37468 6
0.276911 3.7316 0

0.276911 3.7316 0
-0.0269014 3.93108 0
0.557712 3.92951 0

-3.43119 1.11652 6
-3.35083 0.704206 6
-3.66968 0.88939 6

1.1052 3.15878 7
0.840498 3.35607 6
1.08306 3.59051 0

-3.76243 -1.31648 6
-3.47721 -1.30955 6
-3.6345 -1.7118 7

2.91223 -1.83233 6
3.23868 -1.64747 6
3.17622 -2.00798 6

3.39155 -1.02322 6
3.70247 -0.858523 6
3.68797 -1.21861 7

3.56982 1.63612 6
3.26185 1.82088 6
3.564 1.97935 6

-3.77964 0.261911 5
-3.62433 -0.016084 7
-3.98825 0.0453167 0

-0.361959 -3.83225 0
-0.0339833 -3.72544 0
0.255736 -3.98574 0

1.42891 3.75978 0
1.08306 3.59051 0
1.16159 3.94326 0

-3.55912 -0.961657 7
-3.76243 -1.31648 6
-3.88858 -1.02341 5

-3.3676 1.44537 6
-3.43119 1.11652 6
-3.7136 1.26703 6

-3.03436 1.9343 6
-3.00573 1.60912 6
-3.34032 1.76695 6

3.24133 -2.39884 6
3.17622 -2.00798 6
3.4851 -2.19901 6

-2.74106 2.07165 6
-3.03436 1.9343 6
-3.01488 2.28162 6

-1.92265 -3.2459 6
-1.90728 -3.61399 0
-2.21141 -3.50546 0

-1.65184 -3.04629 6
-1.3293 -3.28766 6
-1.62947 -3.41197 6

2.99051 2.33577 6
2.94635 2.66692 6
3.2778 2.52757 6

-3.39047 0.379068 7
-3.62433 -0.016084 7
-3.77964 0.261911 5

3.39155 -1.02322 6
3.41067 -0.681912 6
3.70247 -0.858523 6

2.62726 2.61161 6
2.66136 2.92977 5
2.94635 2.66692 6

-1.90728 -3.61399 0
-1.62947 -3.41197 6
-1.6137 -3.78154 0

3.72451 -0.518798 6
3.95698 -0.283774 0
4.03254 -0.684565 0

3.30621 1.08885 6
3.29221 1.45437 6
3.58791 1.26433 6

-3.34032 1.76695 6
-3.67063 1.6056 6
-3.65478 1.93864 6

1.1052 -3.8255 0
1.33568 -3.56411 0
1.52798 -3.80902 0

0.840498 -3.62821 0
1.1052 -3.8255 0
0.823199 -4.00129 0

3.55558 0.18385 6
3.49937 0.561308 6
3.78107 0.436518 6

3.70247 -0.858523 6
4.03254 -0.684565 0
3.97455 -1.02341 0

-1.90786 3.02777 6
-2.18431 2.8155 7
-2.23598 3.14817 6

1.71796 -3.05705 6
1.97164 -3.25916 6
1.67594 -3.45412 7

2.8812 -2.88285 6
2.91004 -2.54582 6
3.20745 -2.73824 6

-3.05499 2.61575 6
-3.01488 2.28162 6
-3.34217 2.43072 6

0.269768 -3.6096 0
0.566258 -3.43548 6
0.54603 -3.79981 0

4.0835 0.261911 0
3.78107 0.436518 6
4.18699 0.555446 0

1.42891 -3.22451 6
1.71796 -3.05705 6
1.67594 -3.45412 7

2.66136 2.92977 5
2.32777 2.83678 7
2.57554 3.23318 7

3.62523 -0.166902 6
3.55558 0.18385 6
3.87488 0.0453167 6

-3.12874 -1.88443 6
-2.82408 -2.06993 6
-3.15011 -2.21111 6

-0.683251 -3.65229 0
-0.352989 -3.51143 0
-0.361959 -3.83225 0

2.57136 -2.3572 6
2.93938 -2.22819 6
2.91004 -2.54582 6

3.87608 1.07425 6
3.58791 1.26433 6
3.86628 1.4431 6

-0.0269014 3.93108 0
-0.357569 3.79707 0
-0.689292 3.9769 0

0.840498 3.35607 6
0.566258 3.5488 0
0.827584 3.76519 0

-2.21141 3.47883 6
-2.23598 3.14817 6
-2.52905 3.39076 6

-1.3293 -3.28766 6
-1.00518 -3.48262 6
-1.3242 -3.62283 0

-1.00518 -3.48262 6
-0.683251 -3.65229 0
-1.00618 -3.81241 0

-1.6137 3.20274 6
-1.90786 3.02777 6
-1.90728 3.37029 6

-1.3242 3.36146 6
-1.62947 3.57231 0
-1.3293 3.69662 0

-2.26004 -2.86413 5
-1.96507 -2.88102 6
-2.25023 -3.18974 6

1.67594 -3.45412 7
2.00224 -3.58284 0
1.82686 -3.83615 0

0.827584 3.76519 0
0.557712 3.92951 0
1.16159 3.94326 0

-2.80097 -2.69774 6
-2.43349 -2.57688 7
-2.56776 -2.92227 6

3.9012 -1.52997 5
3.68797 -1.21861 7
4.10071 -1.31648 0

2.57554 3.23318 7
2.23859 3.1342 6
2.31446 3.47394 6

3.26185 1.82088 6
2.87379 2.00798 7
3.23738 2.1395 6

3.23868 -1.64747 6
3.30383 -1.31564 6
3.59028 -1.53735 6

-3.15011 -2.21111 6
-3.15416 -2.55122 6
-3.45266 -2.34675 6

3.30383 -1.31564 6
3.39155 -1.02322 6
3.68797 -1.21861 7

-2.80097 -2.69774 6
-2.87235 -3.05562 6
-3.14042 -2.86961 6

-1.6137 -3.78154 0
-1.3242 -3.62283 0
-1.30505 -3.9724 0

-2.43349 -2.57688 7
-2.26004 -2.86413 5
-2.56776 -2.92227 6

-1.3242 3.36146 6
-1.6137 3.20274 6
-1.62947 3.57231 0

0.557712 3.92951 0
-0.0269014 3.93108 0
-0.689292 3.9769 0

-3.62578 -0.396471 6
-3.8306 -0.684565 7
-3.90615 -0.283774 6

-2.56776 -2.92227 6
-2.57018 -3.26687 6
-2.87235 -3.05562 6

3.49937 0.561308 6
3.57619 0.891354 6
3.88857 0.738359 6

0.840498 -3.62821 0
1.08306 -3.39377 6
1.1052 -3.8255 0

3.23738 2.1395 6
3.2778 2.52757 6
3.5418 2.31568 6

1.82686 3.14814 6
1.52798 3.17526 6
1.67594 3.53016 0

-3.8306 -0.684565 7
-3.55912 -0.961657 7
-3.88858 -1.02341 5

-1.92265 -3.2459 6
-1.62947 -3.41197 6
-1.90728 -3.61399 0

2.02497 -2.90184 6
2.32807 -2.79684 5
2.28128 -3.17298 6

-3.55912 -0.961657 7
-3.47721 -1.30955 6
-3.76243 -1.31648 6

-3.62433 -0.016084 7
-3.62578 -0.396471 6
-3.90615 -0.283774 6

1.97164 3.72513 0
1.67594 3.53016 0
1.71796 3.92723 0

-3.66968 0.88939 6
-3.97456 0.738359 0
-3.98706 1.07425 0

3.17622 -2.00798 6
3.23868 -1.64747 6
3.47864 -1.83337 6

-1.90728 3.37029 6
-2.21141 3.47883 6
-1.92265 3.73838 0

2.31446 -3.51034 0
2.28128 -3.17298 6
2.61771 -3.39947 6

3.29221 1.45437 6
3.26185 1.82088 6
3.56982 1.63612 6

-1.00518 3.50167 0
-1.3242 3.36146 6
-1.3293 3.69662 0

-1.90728 3.37029 6
-2.23598 3.14817 6
-2.21141 3.47883 6

3.86628 1.4431 6
3.56982 1.63612 6
3.88507 1.77676 6

0.276911 3.7316 0
-0.0348386 3.59702 0
-0.0269014 3.93108 0

3.17622 -2.00798 6
3.47864 -1.83337 6
3.4851 -2.19901 6

3.70247 -0.858523 6
3.72451 -0.518798 6
4.03254 -0.684565 0

-2.52905 3.39076 6
-2.56992 3.05562 6
-2.84785 3.22811 6

-0.361959 -3.83225 0
0.255736 -3.98574 0
-0.694519 -3.97984 0

2.23859 3.1342 6
1.82686 3.14814 6
2.00224 3.40144 5

-3.03436 1.9343 6
-3.34032 1.76695 6
-3.34318 2.10437 6

-0.678347 3.65545 0
-1.00518 3.50167 0
-1.00622 3.82678 0

-3.7136 1.26703 6
-3.98706 1.07425 0
-3.99685 1.4431 0

4.18699 0.555446 0
3.88857 0.738359 6
4.19346 0.88939 0

-0.689292 3.9769 0
-1.00622 3.82678 0
-1.65184 3.93799 0

3.95698 -0.283774 0
4.23881 -0.016084 0
4.23735 -0.396471 0

3.87488 0.0453167 6
4.0835 0.261911 0
4.23881 -0.016084 0

2.62726 2.61161 6
2.32777 2.83678 7
2.66136 2.92977 5

1.33568 3.42017 5
1.08306 3.59051 0
1.42891 3.75978 0

2.99051 2.33577 6
2.62726 2.61161 6
2.94635 2.66692 6

3.72451 -0.518798 6
3.62523 -0.166902 6
3.95698 -0.283774 0

0.566258 3.5488 0
0.276911 3.7316 0
0.557712 3.92951 0

0.557712 3.92951 0
-0.689292 3.9769 0
1.16159 3.94326 0

-3.98825 0.0453167 0
-4.23791 -0.166902 0
-4.30756 0.18385 0

2.32777 2.83678 7
2.23859 3.1342 6
2.57554 3.23318 7

-3.34318 2.10437 6
-3.65478 1.93864 6
-3.67057 2.27047 6

0.255736 -3.98574 0
0.54603 -3.79981 0
0.823199 -4.00129 0

-2.23598 3.14817 6
-2.56992 3.05562 6
-2.52905 3.39076 6

-3.66968 0.88939 6
-3.67615 0.555446 6
-3.97456 0.738359 0

-3.34213 -1.60062 6
-3.12874 -1.88443 6
-3.45507 -1.98809 6

-0.683251 -3.65229 0
-0.361959 -3.83225 0
-0.694519 -3.97984 0

-3.98706 1.07425 0
-3.97456 0.738359 0
-4.28695 0.891354 0

-3.90615 -0.283774 6
-4.13863 -0.518798 0
-4.23791 -0.166902 0

2.59618 -2.67177 6
2.91004 -2.54582 6
2.8812 -2.88285 6

-2.56992 3.05562 6
-2.51199 2.74045 5
-2.82805 2.83121 6

-3.45507 -1.98809 6
-3.45266 -2.34675 6
-3.74312 -2.14497 7

2.32807 -2.79684 5
2.59618 -2.67177 6
2.57136 -3.05562 6

-2.51199 2.74045 5
-2.71879 2.458 7
-2.82805 2.83121 6

-0.0339833 -3.72544 0
0.269768 -3.6096 0
0.255736 -3.98574 0

1.42891 3.75978 0
1.16159 3.94326 0
1.71796 3.92723 0

-3.47721 -1.30955 6
-3.34213 -1.60062 6
-3.6345 -1.7118 7

-3.34032 1.76695 6
-3.3676 1.44537 6
-3.67063 1.6056 6

-1.00618 -3.81241 0
-0.694519 -3.97984 0
-1.30505 -3.9724 0

-3.76243 -1.31648 6
-3.96193 -1.52997 0
-4.17517 -1.21861 0

-3.15011 -2.21111 6
-2.83935 -2.39595 6
-3.15416 -2.55122 6

3.20745 -2.73824 6
3.24133 -2.39884 6
3.52268 -2.58314 6

-4.13863 -0.518798 0
-3.8306 -0.684565 7
-4.16067 -0.858523 0

2.94635 2.66692 6
2.94515 3.08244 6
3.17622 2.88102 6

-2.71879 2.458 7
-3.01488 2.28162 6
-3.05499 2.61575 6

2.61771 -3.39947 6
2.57136 -3.05562 6
2.89646 -3.21456 6

-1.62947 3.57231 0
-1.92265 3.73838 0
-1.65184 3.93799 0

-1.30505 -3.9724 0
-0.694519 -3.97984 0
-3.10572 -3.97106 0

3.57619 0.891354 6
3.58791 1.26433 6
3.87608 1.07425 6

-0.357569 3.79707 0
-0.678347 3.65545 0
-0.689292 3.9769 0

2.93938 -2.22819 6
3.17622 -2.00798 6
3.24133 -2.39884 6

1.08306 3.59051 0
0.827584 3.76519 0
1.16159 3.94326 0

-3.10572 3.01323 6
-3.05499 2.61575 6
-3.35584 2.7941 6

2.89646 -3.21456 6
2.8812 -2.88285 6
3.21157 -3.07345 6

-0.694519 -3.97984 0
0.255736 -3.98574 0
0.823199 -4.00129 0

-3.97456 0.738359 0
-3.67615 0.555446 6
-4.08206 0.436518 0

-3.90615 -0.283774 6
-3.8306 -0.684565 7
-4.13863 -0.518798 0

-3.15416 -2.55122 6
-3.14042 -2.86961 6
-3.47721 -2.70641 6

4.19346 0.88939 0
3.87608 1.07425 6
4.14954 1.26703 0

0.54603 -3.79981 0
0.840498 -3.62821 0
0.823199 -4.00129 0

3.88507 1.77676 6
3.564 1.97935 6
3.88209 2.10018 6

3.26185 1.82088 6
3.23738 2.1395 6
3.564 1.97935 6

3.68797 -1.21861 7
3.97455 -1.02341 0
4.10071 -1.31648 0

-4.16067 -0.858523 0
-3.88858 -1.02341 5
-4.17517 -1.21861 0

0.823199 -4.00129 0
1.1052 -3.8255 0
1.52798 -3.80902 0

-3.67615 0.555446 6
-3.77964 0.261911 5
-4.08206 0.436518 0

-2.25023 -3.18974 6
-2.21141 -3.50546 0
-2.57018 -3.26687 6

-1.6137 -3.78154 0
-1.30505 -3.9724 0
-1.90786 -3.95651 0

3.59028 -1.53735 6
3.68797 -1.21861 7
3.9012 -1.52997 5

3.87488 0.0453167 6
3.78107 0.436518 6
4.0835 0.261911 0

3.78107 0.436518 6
3.88857 0.738359 6
4.18699 0.555446 0

-1.62947 -3.41197 6
-1.3242 -3.62283 0
-1.6137 -3.78154 0

1.33568 -3.56411 0
1.67594 -3.45412 7
1.52798 -3.80902 0

3.68797 -1.21861 7
3.70247 -0.858523 6
3.97455 -1.02341 0

-3.67063 1.6056 6
-3.99685 1.4431 0
-3.97807 1.77676 0

-3.98825 0.0453167 0
-3.90615 -0.283774 6
-4.23791 -0.166902 0

1.67594 -3.45412 7
1.97164 -3.25916 6
2.00224 -3.58284 0

3.59028 -1.53735 6
3.9012 -1.52997 5
3.92732 -1.83627 6

2.66136 2.92977 5
2.57554 3.23318 7
2.94515 3.08244 6

-1.90728 -3.61399 0
-1.6137 -3.78154 0
-1.90786 -3.95651 0

-1.90728 -3.61399 0
-1.90786 -3.95651 0
-2.23598 -3.83611 0

3.77027 -2.0767 5
3.47864 -1.83337 6
3.92732 -1.83627 6

3.52268 -2.58314 6
3.4851 -2.19901 6
3.81754 -2.39401 6

1.67594 3.53016 0
1.42891 3.75978 0
1.71796 3.92723 0

-1.00622 3.82678 0
-1.3293 3.69662 0
-1.65184 3.93799 0

-4.08206 0.436518 0
-3.98825 0.0453167 0
-4.30756 0.18385 0

3.58791 1.26433 6
3.56982 1.63612 6
3.86628 1.4431 6

2.23859 3.1342 6
2.00224 3.40144 5
2.31446 3.47394 6

-3.7136 1.26703 6
-3.66968 0.88939 6
-3.98706 1.07425 0

2.57554 3.23318 7
2.61771 3.58481 0
2.89842 3.39385 6

-3.01488 2.28162 6
-3.34318 2.10437 6
-3.34217 2.43072 6

2.61771 3.58481 0
2.31446 3.47394 6
2.28128 3.8113 0

2.31446 3.47394 6
2.00224 3.40144 5
1.97164 3.72513 0

-3.65478 1.93864 6
-3.97807 1.77676 0
-3.98104 2.10018 0

-3.34318 2.10437 6
-3.34032 1.76695 6
-3.65478 1.93864 6

4.0835 0.261911 0
4.18699 0.555446 0
4.23881 -0.016084 0

3.23738 2.1395 6
2.99051 2.33577 6
3.2778 2.52757 6

-4.09287 -2.0767 0
-3.74312 -2.14497 7
-4.0456 -2.39401 0

-2.25023 -3.18974 6
-1.92265 -3.2459 6
-2.21141 -3.50546 0

0.823199 -4.00129 0
1.52798 -3.80902 0
1.82686 -3.83615 0

-2.56776 -2.92227 6
-2.25023 -3.18974 6
-2.57018 -3.26687 6

-3.35584 2.7941 6
-3.34217 2.43072 6
-3.63775 2.59927 6

-3.6345 -1.7118 7
-3.74312 -2.14497 7
-3.93582 -1.83627 0

4.30402 -0.961657 0
4.03254 -0.684565 0
4.40505 -0.657725 0

-2.25023 3.79454 0
-2.21141 3.47883 6
-2.57018 3.71742 0

-3.45507 -1.98809 6
-3.15011 -2.21111 6
-3.45266 -2.34675 6

-2.80097 -2.69774 6
-2.56776 -2.92227 6
-2.87235 -3.05562 6

-1.3242 -3.62283 0
-1.00618 -3.81241 0
-1.30505 -3.9724 0

3.92732 -1.83627 6
3.9012 -1.52997 5
4.22864 -1.7118 0

1.82686 -3.83615 0
2.00224 -3.58284 0
2.23859 -3.85008 0

-3.45266 -2.34675 6
-3.47721 -2.70641 6
-3.7438 -2.50676 6

-4.13863 -0.518798 0
-4.16067 -0.858523 0
-4.45247 -0.681912 0

-2.87235 -3.05562 6
-2.87043 -3.41662 6
-3.17478 -3.23023 6

3.2778 2.52757 6
3.17622 2.88102 6
3.56928 2.67087 7

-1.62947 3.57231 0
-1.90728 3.37029 6
-1.92265 3.73838 0

2.23859 -3.85008 0
2.31446 -3.51034 0
2.57554 -3.7511 0

1.97164 -3.25916 6
2.28128 -3.17298 6
2.31446 -3.51034 0

2.00224 3.40144 5
1.67594 3.53016 0
1.97164 3.72513 0

2.94515 3.08244 6
2.89842 3.39385 6
3.26241 3.26804 7

-4.30756 0.18385 0
-4.23791 -0.166902 0
-4.45247 -0.681912 0

2.91004 -2.54582 6
3.24133 -2.39884 6
3.20745 -2.73824 6

4.14954 1.26703 0
3.86628 1.4431 6
4.1925 1.6056 0

1.97164 3.72513 0
1.71796 3.92723 0
2.28128 3.8113 0

-1.65184 3.93799 0
-1.92265 3.73838 0
-2.25023 3.79454 0

-2.84785 3.22811 6
-2.82805 2.83121 6
-3.10572 3.01323 6

4.40505 -0.657725 0
4.23881 -0.016084 0
4.43195 1.11652 0

3.564 1.97935 6
3.23738 2.1395 6
3.5418 2.31568 6

3.21157 -3.07345 6
3.20745 -2.73824 6
3.50828 -2.93844 6

3.95698 -0.283774 0
3.87488 0.0453167 6
4.23881 -0.016084 0

-3.67063 1.6056 6
-3.7136 1.26703 6
-3.99685 1.4431 0

-2.52905 -3.59353 0
-2.21141 -3.50546 0
-2.23598 -3.83611 0

-3.76243 -1.31648 6
-3.6345 -1.7118 7
-3.96193 -1.52997 0

-2.57018 3.71742 0
-2.52905 3.39076 6
-2.87043 3.56766 0

3.56982 1.63612 6
3.564 1.97935 6
3.88507 1.77676 6

-3.8306 -0.684565 7
-3.88858 -1.02341 5
-4.16067 -0.858523 0

-3.6345 -1.7118 7
-3.45507 -1.98809 6
-3.74312 -2.14497 7

1.52798 -3.80902 0
1.67594 -3.45412 7
1.82686 -3.83615 0

4.03254 -0.684565 0
3.95698 -0.283774 0
4.23735 -0.396471 0

-3.98706 1.07425 0
-4.28695 0.891354 0
-4.27522 1.26433 0

-4.16067 -0.858523 0
-4.17517 -1.21861 0
-4.45247 -0.681912 0

-3.15416 -2.55122 6
-2.80097 -2.69774 6
-3.14042 -2.86961 6

3.97455 -1.02341 0
4.03254 -0.684565 0
4.30402 -0.961657 0

3.5418 2.31568 6
3.56928 2.67087 7
3.86398 2.41768 6

2.94635 2.66692 6
2.66136 2.92977 5
2.94515 3.08244 6

-3.99685 1.4431 0
-4.27522 1.26433 0
-4.29332 1.63612 0

-1.3293 3.69662 0
-1.62947 3.57231 0
-1.65184 3.93799 0

-3.15988 3.38008 6
-3.10572 3.01323 6
-3.41052 3.15987 6

4.22864 -1.7118 0
4.10071 -1.31648 0
4.38593 -1.30955 0

4.18699 0.555446 0
4.19346 0.88939 0
4.43195 1.11652 0

1.71796 3.92723 0
1.16159 3.94326 0
2.57136 3.92866 0

2.57136 -3.05562 6
2.8812 -2.88285 6
2.89646 -3.21456 6

2.89842 -3.59043 0
2.89646 -3.21456 6
3.17622 -3.40484 5

3.88857 0.738359 6
3.87608 1.07425 6
4.19346 0.88939 0

4.1925 1.6056 0
3.88507 1.77676 6
4.20836 1.93864 0

3.2778 2.52757 6
2.94635 2.66692 6
3.17622 2.88102 6

3.47864 -1.83337 6
3.59028 -1.53735 6
3.92732 -1.83627 6

2.28128 -3.17298 6
2.57136 -3.05562 6
2.61771 -3.39947 6

3.4851 -2.19901 6
3.47864 -1.83337 6
3.77027 -2.0767 5

-2.56992 3.05562 6
-2.82805 2.83121 6
-2.84785 3.22811 6

-1.65184 3.93799 0
-2.25023 3.79454 0
-2.87235 3.92866 0

-2.57018 -3.26687 6
-2.52905 -3.59353 0
-2.87043 -3.41662 6

-3.67057 2.27047 6
-3.98104 2.10018 0
-3.99915 2.41768 0

4.10071 -1.31648 0
3.97455 -1.02341 0
4.30402 -0.961657 0

-4.28695 0.891354 0
-4.36377 0.561308 0
-4.27522 1.26433 0

-4.08206 0.436518 0
-4.30756 0.18385 0
-4.36377 0.561308 0

-4.17517 -1.21861 0
-3.96193 -1.52997 0
-4.27285 -1.53735 0

3.81754 -2.39401 6
3.77027 -2.0767 5
4.12002 -2.14497 0

-4.36377 0.561308 0
-4.30756 0.18385 0
-4.45247 -0.681912 0

-3.34217 2.43072 6
-3.34318 2.10437 6
-3.67057 2.27047 6

2.23859 -3.85008 0
2.57554 -3.7511 0
2.94515 -3.90185 0

3.87608 1.07425 6
3.86628 1.4431 6
4.14954 1.26703 0

-2.82805 2.83121 6
-3.05499 2.61575 6
-3.10572 3.01323 6

-3.96193 -1.52997 0
-3.6345 -1.7118 7
-3.93582 -1.83627 0

-2.52905 -3.59353 0
-2.56992 -3.92866 0
-2.84785 -3.75618 0

3.56928 2.67087 7
3.17622 2.88102 6
3.46729 2.99587 5

4.23881 -0.016084 0
4.18699 0.555446 0
4.43195 1.11652 0

-2.87043 3.56766 0
-2.84785 3.22811 6
-3.15988 3.38008 6

-1.92265 3.73838 0
-2.21141 3.47883 6
-2.25023 3.79454 0

-1.90786 -3.95651 0
-1.30505 -3.9724 0
-3.10572 -3.97106 0

3.24133 -2.39884 6
3.4851 -2.19901 6
3.52268 -2.58314 6

-3.88858 -1.02341 5
-3.76243 -1.31648 6
-4.17517 -1.21861 0

4.23735 -0.396471 0
4.23881 -0.016084 0
4.40505 -0.657725 0

-3.65478 1.93864 6
-3.67063 1.6056 6
-3.97807 1.77676 0

-3.97807 1.77676 0
-4.29332 1.63612 0
-4.29913 1.97935 0

-3.05499 2.61575 6
-3.34217 2.43072 6
-3.35584 2.7941 6

2.8812 -2.88285 6
3.20745 -2.73824 6
3.21157 -3.07345 6

3.92732 -1.83627 6
4.22864 -1.7118 0
4.12002 -2.14497 0

-4.28695 0.891354 0
-3.97456 0.738359 0
-4.36377 0.561308 0

-4.45247 -0.681912 0
-4.17517 -1.21861 0
-4.27285 -1.53735 0

-3.93582 -1.83627 0
-4.09287 -2.0767 0
-4.38449 -1.83337 0

-3.14042 -2.86961 6
-3.17478 -3.23023 6
-3.46167 -3.03294 6

-3.41052 3.15987 6
-3.35584 2.7941 6
-3.67299 2.95627 7

-2.57018 -3.26687 6
-2.21141 -3.50546 0
-2.52905 -3.59353 0

2.94515 3.08244 6
2.57554 3.23318 7
2.89842 3.39385 6

-3.97456 0.738359 0
-4.08206 0.436518 0
-4.36377 0.561308 0

-3.45266 -2.34675 6
-3.15416 -2.55122 6
-3.47721 -2.70641 6

-2.21141 -3.50546 0
-1.90728 -3.61399 0
-2.23598 -3.83611 0

3.50828 -2.93844 6
3.52268 -2.58314 6
3.81129 -2.74079 6

3.86628 1.4431 6
3.88507 1.77676 6
4.1925 1.6056 0

2.28128 3.8113 0
1.71796 3.92723 0
2.57136 3.92866 0

-3.99685 1.4431 0
-3.98706 1.07425 0
-4.27522 1.26433 0

4.20836 1.93864 0
3.88209 2.10018 6
4.19257 2.27047 0

3.564 1.97935 6
3.5418 2.31568 6
3.88209 2.10018 6

2.57554 3.23318 7
2.31446 3.47394 6
2.61771 3.58481 0

3.92355 2.72466 5
3.56928 2.67087 7
3.77786 3.00177 6

2.00224 -3.58284 0
2.31446 -3.51034 0
2.23859 -3.85008 0

-3.47721 -2.70641 6
-3.46167 -3.03294 6
-3.77964 -2.88102 6

2.89842 3.39385 6
2.89646 3.76972 0
3.17622 3.57944 0

2.31446 3.47394 6
1.97164 3.72513 0
2.28128 3.8113 0

0.823199 -4.00129 0
1.82686 -3.83615 0
2.23859 -3.85008 0

4.30402 -0.961657 0
4.40505 -0.657725 0
4.38593 -1.30955 0

3.88209 2.10018 6
3.5418 2.31568 6
3.86398 2.41768 6

2.57554 -3.7511 0
2.61771 -3.39947 6
2.89842 -3.59043 0

3.9012 -1.52997 5
4.10071 -1.31648 0
4.22864 -1.7118 0

4.03254 -0.684565 0
4.23735 -0.396471 0
4.40505 -0.657725 0

3.5418 2.31568 6
3.2778 2.52757 6
3.56928 2.67087 7

-4.29913 1.97935 0
-4.29332 1.63612 0
-4.32134 2.31568 0

-3.34217 2.43072 6
-3.67057 2.27047 6
-3.63775 2.59927 6

-2.87043 -3.41662 6
-2.84785 -3.75618 0
-3.15988 -3.60421 0

-2.87235 -3.05562 6
-2.57018 -3.26687 6
-2.87043 -3.41662 6

2.31446 -3.51034 0
2.61771 -3.39947 6
2.57554 -3.7511 0

3.17622 -3.40484 5
3.21157 -3.07345 6
3.50057 -3.31521 7

2.57136 3.92866 0
1.16159 3.94326 0
4.40146 3.95135 0

-2.84785 3.22811 6
-3.10572 3.01323 6
-3.15988 3.38008 6

-3.97807 1.77676 0
-3.99685 1.4431 0
-4.29332 1.63612 0

2.61771 -3.39947 6
2.89646 -3.21456 6
2.89842 -3.59043 0

4.14954 1.26703 0
4.1925 1.6056 0
4.43195 1.11652 0

-2.25023 3.79454 0
-2.57018 3.71742 0
-2.87235 3.92866 0

-3.67057 2.27047 6
-3.65478 1.93864 6
-3.98104 2.10018 0

-4.23791 -0.166902 0
-4.13863 -0.518798 0
-4.45247 -0.681912 0

-2.52905 -3.59353 0
-2.23598 -3.83611 0
-2.56992 -3.92866 0

-3.74312 -2.14497 7
-3.45266 -2.34675 6
-3.7438 -2.50676 6

2.61771 3.58481 0
2.28128 3.8113 0
2.57136 3.92866 0

3.4851 -2.19901 6
3.77027 -2.0767 5
3.81754 -2.39401 6

-3.98104 2.10018 0
-4.29913 1.97935 0
-4.32134 2.31568 0

-2.21141 3.47883 6
-2.52905 3.39076 6
-2.57018 3.71742 0

-4.38449 -1.83337 0
-4.09287 -2.0767 0
-4.37804 -2.19901 0

-3.7438 -2.50676 6
-3.77964 -2.88102 6
-4.05185 -2.74079 0

-3.14042 -2.86961 6
-2.87235 -3.05562 6
-3.17478 -3.23023 6

4.12002 -2.14497 0
4.40807 -1.98809 0
4.41048 -2.34675 0

-3.96193 -1.52997 0
-3.93582 -1.83627 0
-4.27285 -1.53735 0

-2.23598 -3.83611 0
-1.90786 -3.95651 0
-2.56992 -3.92866 0

3.81129 -2.74079 6
3.81754 -2.39401 6
4.11933 -2.50676 0

4.43195 1.11652 0
4.1925 1.6056 0
4.20836 1.93864 0

3.88209 2.10018 6
3.86398 2.41768 6
4.19257 2.27047 0

-3.93582 -1.83627 0
-3.74312 -2.14497 7
-4.09287 -2.0767 0

4.38593 -1.30955 0
4.40505 -0.657725 0
4.40807 -1.98809 0

4.19346 0.88939 0
4.14954 1.26703 0
4.43195 1.11652 0

-2.52905 3.39076 6
-2.84785 3.22811 6
-2.87043 3.56766 0

-2.87235 3.92866 0
-2.87043 3.56766 0
-3.17478 3.75405 0

3.20745 -2.73824 6
3.52268 -2.58314 6
3.50828 -2.93844 6

4.10071 -1.31648 0
4.30402 -0.961657 0
4.38593 -1.30955 0

3.88507 1.77676 6
3.88209 2.10018 6
4.20836 1.93864 0

-2.57018 3.71742 0
-2.87043 3.56766 0
-2.87235 3.92866 0

-3.17478 -3.23023 6
-3.15988 -3.60421 0
-3.43489 -3.37655 6

-4.45247 -0.681912 0
-4.27285 -1.53735 0
-4.38449 -1.83337 0

3.46729 2.99587 5
3.17622 2.88102 6
3.26241 3.26804 7

-4.45247 -0.681912 0
-4.38449 -1.83337 0
-4.37804 -2.19901 0

3.50057 -3.31521 7
3.50828 -2.93844 6
3.7819 -3.10116 6

-3.35584 2.7941 6
-3.63775 2.59927 6
-3.67299 2.95627 7

-4.27522 1.26433 0
-4.36377 0.561308 0
-4.29332 1.63612 0

-3.47721 -2.70641 6
-3.14042 -2.86961 6
-3.46167 -3.03294 6

4.22864 -1.7118 0
4.38593 -1.30955 0
4.40807 -1.98809 0

0.823199 -4.00129 0
2.23859 -3.85008 0
2.94515 -3.90185 0

3.17622 2.88102 6
2.94515 3.08244 6
3.26241 3.26804 7

4.19257 2.27047 0
4.22538 2.59927 0
4.45262 3.15987 0

-3.98104 2.10018 0
-3.97807 1.77676 0
-4.29913 1.97935 0

-3.67299 2.95627 7
-3.63775 2.59927 6
-3.93958 2.72466 0

-3.99915 2.41768 0
-4.32134 2.31568 0
-4.29386 2.67087 0

4.43195 1.11652 0
4.45262 3.15987 0
4.45262 -3.82441 0

3.86398 2.41768 6
3.92355 2.72466 5
4.22538 2.59927 0

3.17622 -3.40484 5
3.50057 -3.31521 7
3.26241 -3.71624 0

3.77027 -2.0767 5
3.92732 -1.83627 6
4.12002 -2.14497 0

-3.6418 3.40048 6
-3.67299 2.95627 7
-3.88872 3.22831 5

-3.10572 3.01323 6
-3.35584 2.7941 6
-3.41052 3.15987 6

2.89646 -3.21456 6
3.21157 -3.07345 6
3.17622 -3.40484 5

4.40807 -1.98809 0
4.40505 -0.657725 0
4.45262 -3.82441 0

3.26241 3.26804 7
2.89842 3.39385 6
3.17622 3.57944 0

-3.63775 2.59927 6
-3.67057 2.27047 6
-3.99915 2.41768 0

-3.15988 -3.60421 0
-2.84785 -3.75618 0
-3.10572 -3.97106 0

3.52268 -2.58314 6
3.81754 -2.39401 6
3.81129 -2.74079 6

-3.46167 -3.03294 6
-3.43489 -3.37655 6
-3.77964 -3.23023 6

-2.56992 -3.92866 0
-1.90786 -3.95651 0
-3.10572 -3.97106 0

-4.37804 -2.19901 0
-4.0456 -2.39401 0
-4.34046 -2.58314 0

2.61771 3.58481 0
2.57136 3.92866 0
2.89646 3.76972 0

-3.74312 -2.14497 7
-3.7438 -2.50676 6
-4.0456 -2.39401 0

3.21157 -3.07345 6
3.50828 -2.93844 6
3.50057 -3.31521 7

-2.87043 -3.41662 6
-2.52905 -3.59353 0
-2.84785 -3.75618 0

-4.08528 -3.98251 0
-3.10572 -3.97106 0
-4.39584 -3.98841 0

3.21157 3.91083 0
2.57136 3.92866 0
4.40146 3.95135 0

-3.43489 3.60773 0
-3.41052 3.15987 6
-3.6418 3.40048 6

-4.32134 2.31568 0
-4.36377 0.561308 0
-4.39584 2.99587 0

-3.63775 2.59927 6
-3.99915 2.41768 0
-3.93958 2.72466 0

4.43195 1.11652 0
4.20836 1.93864 0
4.45262 3.15987 0

-4.27285 -1.53735 0
-3.93582 -1.83627 0
-4.38449 -1.83337 0

-3.7438 -2.50676 6
-3.47721 -2.70641 6
-3.77964 -2.88102 6

-3.77964 -2.88102 6
-3.46167 -3.03294 6
-3.77964 -3.23023 6

2.89842 3.39385 6
2.61771 3.58481 0
2.89646 3.76972 0

2.89646 3.76972 0
2.57136 3.92866 0
3.21157 3.91083 0

-3.99915 2.41768 0
-3.98104 2.10018 0
-4.32134 2.31568 0

3.56928 2.67087 7
3.46729 2.99587 5
3.77786 3.00177 6

3.86398 2.41768 6
3.56928 2.67087 7
3.92355 2.72466 5

3.77786 3.00177 6
3.46729 2.99587 5
3.58983 3.33742 6

4.0835 -2.88102 0
4.11933 -2.50676 0
4.38593 -2.70641 0

3.58983 3.33742 6
3.26241 3.26804 7
3.50057 3.66907 0

-1.65184 3.93799 0
-2.87235 3.92866 0
-3.46167 3.95135 0

-4.0456 -2.39401 0
-3.7438 -2.50676 6
-4.05185 -2.74079 0

-3.77964 -2.88102 6
-3.77964 -3.23023 6
-4.08124 -3.10116 0

-3.17478 -3.23023 6
-2.87043 -3.41662 6
-3.15988 -3.60421 0

3.7819 -3.10116 6
3.81129 -2.74079 6
4.0835 -2.88102 0

-3.46167 -3.03294 6
-3.17478 -3.23023 6
-3.43489 -3.37655 6

2.57554 -3.7511 0
2.89842 -3.59043 0
2.94515 -3.90185 0

3.46729 2.99587 5
3.26241 3.26804 7
3.58983 3.33742 6

3.81754 -2.39401 6
4.12002 -2.14497 0
4.11933 -2.50676 0

-3.93958 2.72466 0
-4.29386 2.67087 0
-4.08528 3.00177 0

4.22538 2.59927 0
3.92355 2.72466 5
4.19014 2.95627 0

-4.29386 2.67087 0
-4.32134 2.31568 0
-4.39584 2.99587 0

2.94515 -3.90185 0
2.89842 -3.59043 0
3.26241 -3.71624 0

4.12002 -2.14497 0
4.22864 -1.7118 0
4.40807 -1.98809 0

-4.05185 -2.74079 0
-4.08124 -3.10116 0
-4.35485 -2.93844 0

-3.17478 3.75405 0
-3.15988 3.38008 6
-3.43489 3.60773 0

3.26241 -3.71624 0
3.50057 -3.31521 7
3.58983 -3.64687 0

4.11933 -2.50676 0
4.12002 -2.14497 0
4.41048 -2.34675 0

3.50828 -2.93844 6
3.81129 -2.74079 6
3.7819 -3.10116 6

3.17622 3.57944 0
3.21157 3.91083 0
3.50057 3.66907 0

-4.45247 -0.681912 0
-4.37804 -2.19901 0
-4.39584 -3.98841 0

-3.77964 -3.23023 6
-3.43489 -3.37655 6
-3.6418 -3.5838 0

2.89842 -3.59043 0
3.17622 -3.40484 5
3.26241 -3.71624 0

-4.09287 -2.0767 0
-4.0456 -2.39401 0
-4.37804 -2.19901 0

-0.694519 -3.97984 0
0.823199 -4.00129 0
-4.39584 -3.98841 0

3.77786 3.00177 6
3.97442 3.22831 0
4.19014 2.95627 0

-3.17478 3.75405 0
-3.43489 3.60773 0
-3.46167 3.95135 0

-4.29332 1.63612 0
-4.36377 0.561308 0
-4.32134 2.31568 0

-4.37804 -2.19901 0
-4.34046 -2.58314 0
-4.35485 -2.93844 0

-2.87043 3.56766 0
-3.15988 3.38008 6
-3.17478 3.75405 0

0.823199 -4.00129 0
2.94515 -3.90185 0
3.46729 -3.98841 0

3.84444 -3.44742 6
3.7819 -3.10116 6
4.0835 -3.23023 0

4.19257 2.27047 0
3.86398 2.41768 6
4.22538 2.59927 0

3.7819 3.88312 0
3.21157 3.91083 0
4.40146 3.95135 0

-3.77964 3.75405 0
-3.6418 3.40048 6
-4.01869 3.53686 0

-2.84785 -3.75618 0
-2.56992 -3.92866 0
-3.10572 -3.97106 0

-2.87235 3.92866 0
-3.17478 3.75405 0
-3.46167 3.95135 0

-3.15988 3.38008 6
-3.41052 3.15987 6
-3.43489 3.60773 0

-3.41052 3.15987 6
-3.67299 2.95627 7
-3.6418 3.40048 6

-3.6418 -3.5838 0
-3.43489 -3.37655 6
-3.41052 -3.82441 0

4.42825 -3.37655 0
4.41048 -2.34675 0
4.45262 -3.82441 0

4.19014 2.95627 0
4.22134 3.40048 0
4.45262 3.15987 0

-4.08124 -3.10116 0
-3.77964 -3.23023 6
-4.01869 -3.44742 0

3.81129 -2.74079 6
4.11933 -2.50676 0
4.0835 -2.88102 0

3.97442 3.22831 0
3.58983 3.33742 6
3.84444 3.53686 0

-3.15988 -3.60421 0
-3.10572 -3.97106 0
-3.41052 -3.82441 0

3.84444 3.53686 0
3.50057 3.66907 0
3.7819 3.88312 0

-4.0456 -2.39401 0
-4.05185 -2.74079 0
-4.34046 -2.58314 0

-4.01869 3.53686 0
-3.88872 3.22831 5
-4.27331 3.33742 0

-3.88872 3.22831 5
-3.67299 2.95627 7
-4.08528 3.00177 0

-3.93958 2.72466 0
-3.99915 2.41768 0
-4.29386 2.67087 0

4.11933 -2.50676 0
4.41048 -2.34675 0
4.38593 -2.70641 0

4.0835 -3.23023 0
4.0835 -2.88102 0
4.40146 -3.03294 0

3.17622 3.57944 0
2.89646 3.76972 0
3.21157 3.91083 0

-3.67299 2.95627 7
-3.93958 2.72466 0
-4.08528 3.00177 0

-4.08528 3.00177 0
-4.39584 2.99587 0
-4.27331 3.33742 0

4.0835 -2.88102 0
4.38593 -2.70641 0
4.40146 -3.03294 0

3.26241 3.26804 7
3.17622 3.57944 0
3.50057 3.66907 0

-4.37804 -2.19901 0
-4.35485 -2.93844 0
-4.36257 -3.31521 0

3.58983 -3.64687 0
3.50057 -3.31521 7
3.84444 -3.44742 6

3.26241 -3.71624 0
3.58983 -3.64687 0
3.46729 -3.98841 0

-3.46167 3.95135 0
-3.43489 3.60773 0
-3.77964 3.75405 0

3.77786 3.00177 6
3.58983 3.33742 6
3.97442 3.22831 0

3.58983 3.33742 6
3.50057 3.66907 0
3.84444 3.53686 0

-4.08124 -3.10116 0
-4.01869 -3.44742 0
-4.36257 -3.31521 0

-3.43489 -3.37655 6
-3.15988 -3.60421 0
-3.41052 -3.82441 0

3.92355 2.72466 5
3.77786 3.00177 6
4.19014 2.95627 0

-4.05185 -2.74079 0
-3.77964 -2.88102 6
-4.08124 -3.10116 0

3.58983 -3.64687 0
3.97442 -3.75597 0
3.77786 -3.98251 0

3.97442 3.22831 0
3.84444 3.53686 0
4.22134 3.40048 0

3.58983 -3.64687 0
3.84444 -3.44742 6
3.97442 -3.75597 0

4.38593 -2.70641 0
4.41048 -2.34675 0
4.40146 -3.03294 0

-3.88872 3.22831 5
-4.08528 3.00177 0
-4.27331 3.33742 0

3.50057 -3.31521 7
3.7819 -3.10116 6
3.84444 -3.44742 6

3.7819 -3.10116 6
4.0835 -2.88102 0
4.0835 -3.23023 0

-3.88872 -3.75597 0
-3.41052 -3.82441 0
-4.08528 -3.98251 0

4.20836 1.93864 0
4.19257 2.27047 0
4.45262 3.15987 0

-4.08528 3.00177 0
-4.29386 2.67087 0
-4.39584 2.99587 0

-0.689292 3.9769 0
-1.65184 3.93799 0
-3.46167 3.95135 0

-4.01869 -3.44742 0
-3.6418 -3.5838 0
-3.88872 -3.75597 0

-4.34046 -2.58314 0
-4.05185 -2.74079 0
-4.35485 -2.93844 0

4.40146 -3.03294 0
4.41048 -2.34675 0
4.42825 -3.37655 0

2.94515 -3.90185 0
3.26241 -3.71624 0
3.46729 -3.98841 0

4.22134 3.40048 0
3.84444 3.53686 0
4.0835 3.75405 0

-4.35485 -2.93844 0
-4.08124 -3.10116 0
-4.36257 -3.31521 0

-3.77964 -3.23023 6
-3.6418 -3.5838 0
-4.01869 -3.44742 0

1.16159 3.94326 0
-0.689292 3.9769 0
4.40146 3.95135 0

-4.36377 0.561308 0
-4.45247 -0.681912 0
-4.39584 2.99587 0

-4.36257 -3.31521 0
-4.27331 -3.64687 0
-4.39584 -3.98841 0

-3.43489 3.60773 0
-3.6418 3.40048 6
-3.77964 3.75405 0

4.22134 -3.5838 0
4.0835 -3.23023 0
4.42825 -3.37655 0

-3.77964 3.75405 0
-4.01869 3.53686 0
-4.08124 3.88312 0

-3.6418 3.40048 6
-3.88872 3.22831 5
-4.01869 3.53686 0

-4.36257 -3.31521 0
-4.01869 -3.44742 0
-4.27331 -3.64687 0

-3.6418 -3.5838 0
-3.41052 -3.82441 0
-3.88872 -3.75597 0

4.22134 -3.5838 0
4.42825 -3.37655 0
4.45262 -3.82441 0

3.50057 3.66907 0
3.21157 3.91083 0
3.7819 3.88312 0

4.40505 -0.657725 0
4.43195 1.11652 0
4.45262 -3.82441 0

4.19014 2.95627 0
3.97442 3.22831 0
4.22134 3.40048 0

-3.46167 3.95135 0
-3.77964 3.75405 0
-4.08124 3.88312 0

-4.08124 3.88312 0
-4.01869 3.53686 0
-4.36257 3.66907 0

4.22538 2.59927 0
4.19014 2.95627 0
4.45262 3.15987 0

4.22134 3.40048 0
4.0835 3.75405 0
4.42825 3.60773 0

-4.01869 -3.44742 0
-3.88872 -3.75597 0
-4.27331 -3.64687 0

3.97442 -3.75597 0
3.84444 -3.44742 6
4.22134 -3.5838 0

-4.37804 -2.19901 0
-4.36257 -3.31521 0
-4.39584 -3.98841 0

3.46729 -3.98841 0
3.58983 -3.64687 0
3.77786 -3.98251 0

3.97442 -3.75597 0
4.22134 -3.5838 0
4.45262 -3.82441 0

3.84444 -3.44742 6
4.0835 -3.23023 0
4.22134 -3.5838 0

3.84444 3.53686 0
3.7819 3.88312 0
4.0835 3.75405 0

4.0835 -3.23023 0
4.40146 -3.03294 0
4.42825 -3.37655 0

-4.27331 -3.64687 0
-3.88872 -3.75597 0
-4.08528 -3.98251 0

-4.27331 3.33742 0
-4.39584 2.99587 0
-4.36257 3.66907 0

-4.01869 3.53686 0
-4.27331 3.33742 0
-4.36257 3.66907 0

4.45262 3.15987 0
4.22134 3.40048 0
4.42825 3.60773 0

-4.27331 -3.64687 0
-4.08528 -3.98251 0
-4.39584 -3.98841 0

-3.41052 -3.82441 0
-3.10572 -3.97106 0
-4.08528 -3.98251 0

3.77786 -3.98251 0
3.97442 -3.75597 0
4.45262 -3.82441 0

4.42825 3.60773 0
4.0835 3.75405 0
4.40146 3.95135 0

4.41048 -2.34675 0
4.40807 -1.98809 0
4.45262 -3.82441 0

4.0835 3.75405 0
3.7819 3.88312 0
4.40146 3.95135 0

-3.10572 -3.97106 0
-0.694519 -3.97984 0
-4.39584 -3.98841 0

# 3.93157 -3.93157 3.49214 -3.49214
