# x y adNum
-0.114888 -0.450898 6
0.203072 -0.281708 6
0.151933 -0.611125 6

-0.0404985 -0.078871 6
-0.0109696 0.278455 6
0.259018 0.149521 6

-0.0109696 0.278455 6
-0.0404985 -0.078871 6
-0.328682 0.0676946 6

-0.0109696 0.278455 6
-0.290321 0.421833 6
0.0551665 0.605098 6

-0.0404985 -0.078871 6
0.203072 -0.281708 6
-0.114888 -0.450898 6

-0.0404985 -0.078871 6
0.259018 0.149521 6
0.203072 -0.281708 6

0.203072 -0.281708 6
0.259018 0.149521 6
0.454361 -0.0873035 6

0.259018 0.149521 6
0.359836 0.500279 6
0.585059 0.255134 6

-0.313427 0.750694 6
-0.290321 0.421833 6
-0.601288 0.557743 6

-0.0404985 -0.078871 6
-0.114888 -0.450898 6
-0.375423 -0.280653 6

-0.328682 0.0676946 6
-0.0404985 -0.078871 6
-0.375423 -0.280653 6

-0.290321 0.421833 6
-0.328682 0.0676946 6
-0.613132 0.221724 6

-0.0109696 0.278455 6
-0.328682 0.0676946 6
-0.290321 0.421833 6

0.454361 -0.0873035 6
0.823727 0.037501 6
0.87599 -0.259638 7

0.518866 -0.403889 6
0.87599 -0.259638 7
0.797827 -0.556716 5

-0.0109696 0.278455 6
0.0551665 0.605098 6
0.359836 0.500279 6

0.259018 0.149521 6
-0.0109696 0.278455 6
0.359836 0.500279 6

-0.398736 -0.637168 6
-0.114888 -0.450898 6
-0.0810797 -0.831657 6

-0.375423 -0.280653 6
-0.398736 -0.637168 6
-0.712564 -0.447161 6

0.151933 -0.611125 6
0.203072 -0.281708 6
0.518866 -0.403889 6

0.454361 -0.0873035 6
0.259018 0.149521 6
0.585059 0.255134 6

0.359836 0.500279 6
0.336269 0.851712 7
0.665258 0.649189 6

0.0551665 0.605098 6
-0.290321 0.421833 6
-0.313427 0.750694 6

-0.613132 0.221724 6
-0.328682 0.0676946 6
-0.657327 -0.133904 6

-0.114888 -0.450898 6
0.151933 -0.611125 6
-0.0810797 -0.831657 6

0.203072 -0.281708 6
0.454361 -0.0873035 6
0.518866 -0.403889 6

1.08783 -0.675655 6
0.87599 -0.259638 7
1.26305 -0.42933 6

-0.328682 0.0676946 6
-0.375423 -0.280653 6
-0.657327 -0.133904 6

-0.375423 -0.280653 6
-0.114888 -0.450898 6
-0.398736 -0.637168 6

0.0551665 0.605098 6
-0.313427 0.750694 6
-0.0424213 0.914263 6

0.454361 -0.0873035 6
0.585059 0.255134 6
0.823727 0.037501 6

-0.613132 0.221724 6
-0.926616 0.0300068 6
-0.932639 0.364562 6

-0.290321 0.421833 6
-0.613132 0.221724 6
-0.601288 0.557743 6

-0.926616 0.0300068 6
-0.657327 -0.133904 6
-1.05778 -0.261911 6

-0.358556 -0.996151 6
-0.0810797 -0.831657 6
-0.0137128 -1.1691 6

0.585059 0.255134 6
0.665258 0.649189 6
0.875339 0.404352 6

-0.712564 -0.447161 6
-0.398736 -0.637168 6
-0.665852 -0.811862 6

0.151933 -0.611125 6
0.491397 -0.74249 6
0.257882 -0.964335 6

0.257882 -0.964335 6
0.575093 -1.11506 6
0.315579 -1.32 6

-0.657327 -0.133904 6
-0.375423 -0.280653 6
-0.712564 -0.447161 6

0.151933 -0.611125 6
0.518866 -0.403889 6
0.491397 -0.74249 6

-0.313427 0.750694 6
-0.636918 0.912439 6
-0.369691 1.10174 6

0.518866 -0.403889 6
0.454361 -0.0873035 6
0.87599 -0.259638 7

-0.636918 0.912439 6
-0.601288 0.557743 6
-0.905091 0.691648 6

0.0551665 0.605098 6
-0.0424213 0.914263 6
0.336269 0.851712 7

-1.05778 -0.261911 6
-0.712564 -0.447161 6
-0.968952 -0.638896 6

0.823727 0.037501 6
0.875339 0.404352 6
1.15171 0.213233 6

0.359836 0.500279 6
0.0551665 0.605098 6
0.336269 0.851712 7

-0.932639 0.364562 6
-1.23574 0.168164 6
-1.25213 0.518027 6

-0.613132 0.221724 6
-0.657327 -0.133904 6
-0.926616 0.0300068 6

0.585059 0.255134 6
0.359836 0.500279 6
0.665258 0.649189 6

0.665258 0.649189 6
0.632181 0.972407 5
0.970213 0.834428 7

0.632181 0.972407 5
0.336269 0.851712 7
0.534068 1.26476 7

0.823727 0.037501 6
0.585059 0.255134 6
0.875339 0.404352 6

0.491397 -0.74249 6
0.814301 -0.902417 6
0.575093 -1.11506 6

0.491397 -0.74249 6
0.518866 -0.403889 6
0.797827 -0.556716 5

-1.23574 0.168164 6
-0.926616 0.0300068 6
-1.34027 -0.145186 6

-0.0810797 -0.831657 6
0.151933 -0.611125 6
0.257882 -0.964335 6

-0.665852 -0.811862 6
-0.630123 -1.18004 6
-0.928972 -1.01111 6

-0.601288 0.557743 6
-0.613132 0.221724 6
-0.932639 0.364562 6

-0.665852 -0.811862 6
-0.398736 -0.637168 6
-0.358556 -0.996151 6

0.151933 1.13495 5
-0.0424213 0.914263 6
-0.150495 1.30955 6

-0.398736 -0.637168 6
-0.0810797 -0.831657 6
-0.358556 -0.996151 6

-1.34027 -0.145186 6
-1.05778 -0.261911 6
-1.27728 -0.517373 6

-0.0424213 0.914263 6
-0.369691 1.10174 6
-0.150495 1.30955 6

-0.657327 -0.133904 6
-0.712564 -0.447161 6
-1.05778 -0.261911 6

-0.369691 1.10174 6
-0.665888 1.27394 6
-0.424645 1.50473 7

-0.313427 0.750694 6
-0.601288 0.557743 6
-0.636918 0.912439 6

-0.601288 0.557743 6
-0.932639 0.364562 6
-0.905091 0.691648 6

0.875339 0.404352 6
0.970213 0.834428 7
1.14841 0.573951 5

0.814301 -0.902417 6
0.797827 -0.556716 5
1.08783 -0.675655 6

0.336269 0.851712 7
-0.0424213 0.914263 6
0.151933 1.13495 5

-0.905091 0.691648 6
-0.932639 0.364562 6
-1.25213 0.518027 6

0.665258 0.649189 6
0.336269 0.851712 7
0.632181 0.972407 5

-0.712564 -0.447161 6
-0.665852 -0.811862 6
-0.968952 -0.638896 6

-0.630123 -1.18004 6
-0.358556 -0.996151 6
-0.301018 -1.33682 6

-0.932639 0.364562 6
-0.926616 0.0300068 6
-1.23574 0.168164 6

-0.0424213 0.914263 6
-0.313427 0.750694 6
-0.369691 1.10174 6

0.257882 -0.964335 6
0.491397 -0.74249 6
0.575093 -1.11506 6

-0.0810797 -0.831657 6
0.257882 -0.964335 6
-0.0137128 -1.1691 6

0.823727 0.037501 6
1.15171 0.213233 6
1.17393 -0.113068 6

0.814301 -0.902417 6
1.08783 -0.675655 6
1.13469 -1.03409 6

-0.636918 0.912439 6
-0.947136 1.06374 6
-0.665888 1.27394 6

0.87599 -0.259638 7
0.823727 0.037501 6
1.17393 -0.113068 6

1.47286 0.0976599 6
1.15171 0.213233 6
1.45529 0.435539 6

0.491397 -0.74249 6
0.797827 -0.556716 5
0.814301 -0.902417 6

1.17393 -0.113068 6
1.47286 0.0976599 6
1.52286 -0.246251 6

-1.27728 -0.517373 6
-0.968952 -0.638896 6
-1.23832 -0.868021 6

-0.301018 -1.33682 6
-0.0137128 -1.1691 6
0.0278155 -1.50703 6

0.875339 0.404352 6
0.665258 0.649189 6
0.970213 0.834428 7

0.87599 -0.259638 7
1.17393 -0.113068 6
1.26305 -0.42933 6

0.632181 0.972407 5
0.534068 1.26476 7
0.911992 1.17022 6

0.315579 -1.32 6
0.644144 -1.47609 6
0.35473 -1.6623 6

0.797827 -0.556716 5
0.87599 -0.259638 7
1.08783 -0.675655 6

1.15171 0.213233 6
0.875339 0.404352 6
1.14841 0.573951 5

0.336269 0.851712 7
0.151933 1.13495 5
0.534068 1.26476 7

0.534068 1.26476 7
0.151933 1.13495 5
0.262396 1.43736 6

-1.5358 0.327649 5
-1.23574 0.168164 6
-1.62606 0.0128017 6

0.575093 -1.11506 6
0.895157 -1.26653 6
0.644144 -1.47609 6

0.911992 1.17022 6
0.534068 1.26476 7
0.818465 1.47764 6

-1.25213 0.518027 6
-1.23574 0.168164 6
-1.5358 0.327649 5

-0.665852 -0.811862 6
-0.358556 -0.996151 6
-0.630123 -1.18004 6

-0.150495 1.30955 6
-0.424645 1.50473 7
-0.0168229 1.60134 5

-0.926616 0.0300068 6
-1.05778 -0.261911 6
-1.34027 -0.145186 6

1.52286 -0.246251 6
1.78871 -0.0440381 6
1.85817 -0.374832 6

-0.947136 1.06374 6
-0.905091 0.691648 6
-1.19499 0.838402 6

-0.630123 -1.18004 6
-0.301018 -1.33682 6
-0.59195 -1.52966 6

-0.0137128 -1.1691 6
0.257882 -0.964335 6
0.315579 -1.32 6

-0.665888 1.27394 6
-0.947136 1.06374 6
-1.01481 1.39575 6

-0.358556 -0.996151 6
-0.0137128 -1.1691 6
-0.301018 -1.33682 6

1.17393 -0.113068 6
1.15171 0.213233 6
1.47286 0.0976599 6

0.970213 0.834428 7
0.632181 0.972407 5
0.911992 1.17022 6

-1.25213 0.518027 6
-1.5358 0.327649 5
-1.60559 0.62787 7

-0.968952 -0.638896 6
-0.665852 -0.811862 6
-0.928972 -1.01111 6

-0.665888 1.27394 6
-1.01481 1.39575 6
-0.77177 1.60985 6

-1.05778 -0.261911 6
-0.968952 -0.638896 6
-1.27728 -0.517373 6

-0.59195 -1.52966 6
-0.301018 -1.33682 6
-0.271312 -1.67488 6

-0.636918 0.912439 6
-0.905091 0.691648 6
-0.947136 1.06374 6

-1.59437 -0.362535 6
-1.27728 -0.517373 6
-1.55689 -0.71293 6

-0.369691 1.10174 6
-0.636918 0.912439 6
-0.665888 1.27394 6

-0.905091 0.691648 6
-1.25213 0.518027 6
-1.19499 0.838402 6

1.39418 -0.804417 6
1.26305 -0.42933 6
1.62516 -0.5919 6

-0.0137128 -1.1691 6
0.315579 -1.32 6
0.0278155 -1.50703 6

0.151933 1.13495 5
-0.150495 1.30955 6
0.262396 1.43736 6

-0.968952 -0.638896 6
-0.928972 -1.01111 6
-1.23832 -0.868021 6

1.15171 0.213233 6
1.14841 0.573951 5
1.45529 0.435539 6

1.40292 0.778196 6
0.970213 0.834428 7
1.2319 1.07897 6

0.515472 1.64593 6
0.262396 1.43736 6
0.19658 1.82804 7

1.19751 -1.41375 6
1.13469 -1.03409 6
1.43501 -1.1834 6

1.13469 -1.03409 6
1.08783 -0.675655 6
1.39418 -0.804417 6

1.77113 0.317846 6
1.45529 0.435539 6
1.74177 0.653657 7

-0.928972 -1.01111 6
-0.900447 -1.38849 6
-1.19776 -1.21502 6

1.45529 0.435539 6
1.14841 0.573951 5
1.40292 0.778196 6

0.911992 1.17022 6
0.818465 1.47764 6
1.17754 1.42252 6

0.895157 -1.26653 6
1.19751 -1.41375 6
0.9617 -1.63864 6

0.814301 -0.902417 6
1.13469 -1.03409 6
0.895157 -1.26653 6

1.26305 -0.42933 6
1.17393 -0.113068 6
1.52286 -0.246251 6

-1.19499 0.838402 6
-1.60559 0.62787 7
-1.48186 0.936241 5

0.781229 1.83259 5
0.515472 1.64593 6
0.454361 2.00798 6

0.575093 -1.11506 6
0.814301 -0.902417 6
0.895157 -1.26653 6

1.78871 -0.0440381 6
1.47286 0.0976599 6
1.77113 0.317846 6

-0.150495 1.30955 6
-0.369691 1.10174 6
-0.424645 1.50473 7

-1.62606 0.0128017 6
-1.34027 -0.145186 6
-1.59437 -0.362535 6

-1.55689 -0.71293 6
-1.23832 -0.868021 6
-1.52681 -1.05886 6

1.45529 0.435539 6
1.40292 0.778196 6
1.74177 0.653657 7

0.262396 1.43736 6
-0.150495 1.30955 6
-0.0168229 1.60134 5

0.0278155 -1.50703 6
0.35473 -1.6623 6
0.0557645 -1.84408 6

1.14841 0.573951 5
0.970213 0.834428 7
1.40292 0.778196 6

-1.87561 -0.533492 6
-1.55689 -0.71293 6
-1.84683 -0.880405 6

1.08783 -0.675655 6
1.26305 -0.42933 6
1.39418 -0.804417 6

-1.60559 0.62787 7
-1.5358 0.327649 5
-1.86317 0.264693 7

0.315579 -1.32 6
0.575093 -1.11506 6
0.644144 -1.47609 6

-1.5358 0.327649 5
-1.62606 0.0128017 6
-1.86317 0.264693 7

-1.23574 0.168164 6
-1.34027 -0.145186 6
-1.62606 0.0128017 6

-1.34027 -0.145186 6
-1.27728 -0.517373 6
-1.59437 -0.362535 6

0.970213 0.834428 7
0.911992 1.17022 6
1.2319 1.07897 6

-0.59195 -1.52966 6
-0.576373 -1.86678 6
-0.883294 -1.75787 6

0.534068 1.26476 7
0.262396 1.43736 6
0.515472 1.64593 6

-0.630123 -1.18004 6
-0.59195 -1.52966 6
-0.900447 -1.38849 6

-0.576373 -1.86678 6
-0.271312 -1.67488 6
-0.249925 -2.00789 6

0.895157 -1.26653 6
1.13469 -1.03409 6
1.19751 -1.41375 6

-0.928972 -1.01111 6
-0.630123 -1.18004 6
-0.900447 -1.38849 6

1.2319 1.07897 6
0.911992 1.17022 6
1.17754 1.42252 6

0.818465 1.47764 6
0.534068 1.26476 7
0.515472 1.64593 6

-0.59195 -1.52966 6
-0.271312 -1.67488 6
-0.576373 -1.86678 6

-0.301018 -1.33682 6
0.0278155 -1.50703 6
-0.271312 -1.67488 6

0.0278155 -1.50703 6
0.315579 -1.32 6
0.35473 -1.6623 6

1.43501 -1.1834 6
1.39418 -0.804417 6
1.68731 -0.970192 6

-0.424645 1.50473 7
-0.77177 1.60985 6
-0.589466 1.86795 6

-1.23832 -0.868021 6
-0.928972 -1.01111 6
-1.19776 -1.21502 6

-1.8217 0.906809 6
-1.60559 0.62787 7
-1.96507 0.611125 6

-1.27728 -0.517373 6
-1.23832 -0.868021 6
-1.55689 -0.71293 6

1.68731 -0.970192 6
1.62516 -0.5919 6
1.93658 -0.778169 7

-1.19499 0.838402 6
-1.25213 0.518027 6
-1.60559 0.62787 7

1.57649 1.04466 6
1.2319 1.07897 6
1.49753 1.36926 6

-0.0168229 1.60134 5
-0.269127 1.79528 6
0.19658 1.82804 7

-0.269127 1.79528 6
-0.424645 1.50473 7
-0.589466 1.86795 6

-1.01481 1.39575 6
-0.947136 1.06374 6
-1.28127 1.22299 6

-1.19499 0.838402 6
-1.48186 0.936241 5
-1.28127 1.22299 6

1.26305 -0.42933 6
1.52286 -0.246251 6
1.62516 -0.5919 6

-0.77177 1.60985 6
-1.17819 1.68174 5
-0.963274 1.9071 6

-1.48186 0.936241 5
-1.8217 0.906809 6
-1.62834 1.23735 6

-0.124197 2.05718 5
-0.269127 1.79528 6
-0.452924 2.18259 6

-0.947136 1.06374 6
-1.19499 0.838402 6
-1.28127 1.22299 6

-0.271312 -1.67488 6
0.0278155 -1.50703 6
0.0557645 -1.84408 6

-0.424645 1.50473 7
-0.665888 1.27394 6
-0.77177 1.60985 6

-0.576373 -1.86678 6
-0.249925 -2.00789 6
-0.569359 -2.19031 6

1.52286 -0.246251 6
1.47286 0.0976599 6
1.78871 -0.0440381 6

1.47286 0.0976599 6
1.45529 0.435539 6
1.77113 0.317846 6

-1.23832 -0.868021 6
-1.19776 -1.21502 6
-1.52681 -1.05886 6

-0.0168229 1.60134 5
-0.424645 1.50473 7
-0.269127 1.79528 6

0.35473 -1.6623 6
0.669545 -1.82152 6
0.372019 -2.00616 6

-0.77177 1.60985 6
-1.01481 1.39575 6
-1.17819 1.68174 5

0.262396 1.43736 6
-0.0168229 1.60134 5
0.19658 1.82804 7

-1.86317 0.264693 7
-1.62606 0.0128017 6
-1.89098 -0.161999 6

1.62516 -0.5919 6
1.52286 -0.246251 6
1.85817 -0.374832 6

1.74177 0.653657 7
1.40292 0.778196 6
1.57649 1.04466 6

0.818465 1.47764 6
0.781229 1.83259 5
1.08411 1.73009 6

0.962802 -1.99811 6
0.9617 -1.63864 6
1.25671 -1.83623 6

0.644144 -1.47609 6
0.9617 -1.63864 6
0.669545 -1.82152 6

-1.89098 -0.161999 6
-1.59437 -0.362535 6
-1.87561 -0.533492 6

-1.19776 -1.21502 6
-1.1744 -1.58 6
-1.4772 -1.39469 6

1.39418 -0.804417 6
1.62516 -0.5919 6
1.68731 -0.970192 6

1.13469 -1.03409 6
1.39418 -0.804417 6
1.43501 -1.1834 6

2.05652 0.135672 6
1.77113 0.317846 6
2.0743 0.497587 6

1.40292 0.778196 6
1.2319 1.07897 6
1.57649 1.04466 6

0.19658 1.82804 7
-0.124197 2.05718 5
0.151933 2.18259 6

-1.62606 0.0128017 6
-1.59437 -0.362535 6
-1.89098 -0.161999 6

2.0743 0.497587 6
1.74177 0.653657 7
2.16435 0.798446 6

1.17754 1.42252 6
1.08411 1.73009 6
1.45074 1.7107 7

0.644144 -1.47609 6
0.895157 -1.26653 6
0.9617 -1.63864 6

1.78871 -0.0440381 6
2.05652 0.135672 6
2.16618 -0.172813 6

-1.60559 0.62787 7
-1.86317 0.264693 7
-1.96507 0.611125 6

-1.84683 -0.880405 6
-1.52681 -1.05886 6
-1.82904 -1.22232 6

0.0557645 -1.84408 6
0.372019 -2.00616 6
0.0670253 -2.18298 6

1.70352 -1.38229 6
1.68731 -0.970192 6
1.94304 -1.1787 5

1.85817 -0.374832 6
2.16618 -0.172813 6
2.15567 -0.499276 5

0.35473 -1.6623 6
0.644144 -1.47609 6
0.669545 -1.82152 6

1.46375 -1.6082 6
1.43501 -1.1834 6
1.70352 -1.38229 6

1.88656 0.939076 5
1.57649 1.04466 6
1.84737 1.26852 6

-1.86317 0.264693 7
-2.13536 0.0510866 6
-2.18188 0.408824 5

-1.59437 -0.362535 6
-1.55689 -0.71293 6
-1.87561 -0.533492 6

-0.900447 -1.38849 6
-0.883294 -1.75787 6
-1.1744 -1.58 6

-0.569359 -2.19031 6
-0.249925 -2.00789 6
-0.253311 -2.33914 6

1.19751 -1.41375 6
1.46375 -1.6082 6
1.25671 -1.83623 6

-1.28127 1.22299 6
-1.62834 1.23735 6
-1.44885 1.54015 7

-0.900447 -1.38849 6
-0.59195 -1.52966 6
-0.883294 -1.75787 6

0.669545 -1.82152 6
0.962802 -1.99811 6
0.669387 -2.17806 6

-1.52681 -1.05886 6
-1.19776 -1.21502 6
-1.4772 -1.39469 6

-1.19776 -1.21502 6
-0.900447 -1.38849 6
-1.1744 -1.58 6

0.818465 1.47764 6
0.515472 1.64593 6
0.781229 1.83259 5

0.372019 -2.00616 6
0.669387 -2.17806 6
0.369037 -2.3586 6

-1.55689 -0.71293 6
-1.52681 -1.05886 6
-1.84683 -0.880405 6

-0.271312 -1.67488 6
0.0557645 -1.84408 6
-0.249925 -2.00789 6

1.2319 1.07897 6
1.17754 1.42252 6
1.49753 1.36926 6

1.17754 1.42252 6
0.818465 1.47764 6
1.08411 1.73009 6

-1.01481 1.39575 6
-1.28127 1.22299 6
-1.44885 1.54015 7

-1.4772 -1.39469 6
-1.46428 -1.74933 6
-1.77129 -1.54562 6

-0.452924 2.18259 6
-0.589466 1.86795 6
-0.770221 2.17717 6

-1.48186 0.936241 5
-1.60559 0.62787 7
-1.8217 0.906809 6

-1.89098 -0.161999 6
-1.87561 -0.533492 6
-2.1684 -0.342702 6

0.0557645 -1.84408 6
0.35473 -1.6623 6
0.372019 -2.00616 6

1.49753 1.36926 6
1.45074 1.7107 7
1.77143 1.5923 6

0.781229 1.83259 5
0.454361 2.00798 6
0.815717 2.12382 7

-1.28127 1.22299 6
-1.48186 0.936241 5
-1.62834 1.23735 6

-2.18327 0.87657 6
-1.96507 0.611125 6
-2.42294 0.657036 7

-2.1684 -0.342702 6
-1.87561 -0.533492 6
-2.1736 -0.690652 6

1.77113 0.317846 6
1.74177 0.653657 7
2.0743 0.497587 6

-0.963274 1.9071 6
-1.17819 1.68174 5
-1.34437 1.97178 7

-1.17819 1.68174 5
-1.01481 1.39575 6
-1.44885 1.54015 7

-2.13536 0.0510866 6
-1.89098 -0.161999 6
-2.1684 -0.342702 6

2.05652 0.135672 6
2.33431 0.261763 6
2.46271 -0.0611244 6

1.08411 1.73009 6
0.815717 2.12382 7
1.24882 1.98471 5

0.515472 1.64593 6
0.19658 1.82804 7
0.454361 2.00798 6

0.19658 1.82804 7
-0.269127 1.79528 6
-0.124197 2.05718 5

-1.62834 1.23735 6
-1.96845 1.19562 6
-1.79416 1.52901 6

1.85817 -0.374832 6
1.78871 -0.0440381 6
2.16618 -0.172813 6

1.78871 -0.0440381 6
1.77113 0.317846 6
2.05652 0.135672 6

-0.589466 1.86795 6
-0.77177 1.60985 6
-0.963274 1.9071 6

1.62516 -0.5919 6
1.85817 -0.374832 6
1.93658 -0.778169 7

1.74177 0.653657 7
1.57649 1.04466 6
1.88656 0.939076 5

-1.62834 1.23735 6
-1.8217 0.906809 6
-1.96845 1.19562 6

-0.124197 2.05718 5
-0.452924 2.18259 6
-0.130988 2.40098 7

-1.96845 1.19562 6
-1.8217 0.906809 6
-2.18327 0.87657 6

-1.16975 -1.94097 6
-0.883294 -1.75787 6
-0.885224 -2.12387 6

2.16435 0.798446 6
1.88656 0.939076 5
2.20935 1.13043 6

-1.86317 0.264693 7
-1.89098 -0.161999 6
-2.13536 0.0510866 6

-0.576373 -1.86678 6
-0.569359 -2.19031 6
-0.885224 -2.12387 6

1.57649 1.04466 6
1.49753 1.36926 6
1.84737 1.26852 6

0.815717 2.12382 7
0.454361 2.00798 6
0.454361 2.3572 6

1.46375 -1.6082 6
1.78089 -1.724 6
1.59963 -1.98632 6

1.93658 -0.778169 7
2.26893 -0.785732 6
2.23319 -1.09536 6

1.19751 -1.41375 6
1.43501 -1.1834 6
1.46375 -1.6082 6

-2.1736 -0.690652 6
-1.84683 -0.880405 6
-2.14574 -1.02526 6

2.16618 -0.172813 6
2.05652 0.135672 6
2.46271 -0.0611244 6

-0.249925 -2.00789 6
0.0557645 -1.84408 6
0.0670253 -2.18298 6

0.454361 2.00798 6
0.19658 1.82804 7
0.151933 2.18259 6

-0.269127 1.79528 6
-0.589466 1.86795 6
-0.452924 2.18259 6

0.0670253 -2.18298 6
0.369037 -2.3586 6
0.056573 -2.52201 6

1.43501 -1.1834 6
1.68731 -0.970192 6
1.70352 -1.38229 6

-2.14574 -1.02526 6
-1.82904 -1.22232 6
-2.14082 -1.36092 6

-2.13536 0.0510866 6
-2.42341 -0.140414 6
-2.44112 0.245891 6

-1.52681 -1.05886 6
-1.4772 -1.39469 6
-1.82904 -1.22232 6

1.93658 -0.778169 7
1.85817 -0.374832 6
2.15567 -0.499276 5

1.78089 -1.724 6
1.70352 -1.38229 6
2.05473 -1.50981 7

1.88656 0.939076 5
1.84737 1.26852 6
2.20935 1.13043 6

-1.96507 0.611125 6
-1.86317 0.264693 7
-2.18188 0.408824 5

0.669545 -1.82152 6
0.9617 -1.63864 6
0.962802 -1.99811 6

0.454361 2.00798 6
0.151933 2.18259 6
0.454361 2.3572 6

-2.42341 -0.140414 6
-2.1684 -0.342702 6
-2.48483 -0.497706 6

0.962802 -1.99811 6
1.27866 -2.16779 6
0.969607 -2.34664 6

0.9617 -1.63864 6
1.19751 -1.41375 6
1.25671 -1.83623 6

1.93658 -0.778169 7
2.15567 -0.499276 5
2.26893 -0.785732 6

-0.589466 1.86795 6
-0.963274 1.9071 6
-0.770221 2.17717 6

1.74177 0.653657 7
1.88656 0.939076 5
2.16435 0.798446 6

2.33431 0.261763 6
2.0743 0.497587 6
2.45439 0.699799 6

1.49753 1.36926 6
1.17754 1.42252 6
1.45074 1.7107 7

-1.1744 -1.58 6
-1.16975 -1.94097 6
-1.46428 -1.74933 6

-1.87561 -0.533492 6
-1.84683 -0.880405 6
-2.1736 -0.690652 6

0.669387 -2.17806 6
0.969607 -2.34664 6
0.671346 -2.53033 6

1.08411 1.73009 6
0.781229 1.83259 5
0.815717 2.12382 7

-1.1744 -1.58 6
-0.883294 -1.75787 6
-1.16975 -1.94097 6

-0.569359 -2.19031 6
-0.253311 -2.33914 6
-0.586978 -2.50726 6

1.68731 -0.970192 6
1.93658 -0.778169 7
1.94304 -1.1787 5

1.45074 1.7107 7
1.08411 1.73009 6
1.24882 1.98471 5

-0.130988 2.40098 7
-0.452924 2.18259 6
-0.5151 2.49307 6

-1.46944 -2.10447 6
-1.16975 -1.94097 6
-1.19304 -2.30069 6

0.372019 -2.00616 6
0.669545 -1.82152 6
0.669387 -2.17806 6

-1.77129 -1.54562 6
-1.76986 -1.89288 6
-2.06933 -1.67664 6

-2.18188 0.408824 5
-2.44112 0.245891 6
-2.42294 0.657036 7

-1.4772 -1.39469 6
-1.1744 -1.58 6
-1.46428 -1.74933 6

0.369037 -2.3586 6
0.671346 -2.53033 6
0.360914 -2.70263 6

-0.883294 -1.75787 6
-0.576373 -1.86678 6
-0.885224 -2.12387 6

-2.48483 -0.497706 6
-2.1736 -0.690652 6
-2.49068 -0.817351 6

-1.44885 1.54015 7
-1.62834 1.23735 6
-1.79416 1.52901 6

1.12703 2.26767 6
0.815717 2.12382 7
0.817862 2.43193 6

2.20935 1.13043 6
1.84737 1.26852 6
2.12015 1.45075 6

2.26893 -0.785732 6
2.15567 -0.499276 5
2.4735 -0.430649 7

-0.963274 1.9071 6
-1.34437 1.97178 7
-1.10045 2.22751 6

-0.5151 2.49307 6
-0.770221 2.17717 6
-0.841701 2.50676 6

-1.82904 -1.22232 6
-1.4772 -1.39469 6
-1.77129 -1.54562 6

1.77143 1.5923 6
1.45074 1.7107 7
1.75022 1.9264 6

1.27866 -2.16779 6
1.25671 -1.83623 6
1.59963 -1.98632 6

2.05652 0.135672 6
2.0743 0.497587 6
2.33431 0.261763 6

-1.96845 1.19562 6
-2.29123 1.19092 6
-2.11317 1.51037 6

-0.586978 -2.50726 6
-0.253311 -2.33914 6
-0.270529 -2.66602 6

1.77143 1.5923 6
1.75022 1.9264 6
2.06531 1.79222 6

-1.8217 0.906809 6
-1.96507 0.611125 6
-2.18327 0.87657 6

-1.19304 -2.30069 6
-0.885224 -2.12387 6
-0.909886 -2.47785 6

-0.249925 -2.00789 6
0.0670253 -2.18298 6
-0.253311 -2.33914 6

-1.34437 1.97178 7
-1.44885 1.54015 7
-1.66264 1.83337 5

-2.13536 0.0510866 6
-2.1684 -0.342702 6
-2.42341 -0.140414 6

-1.84683 -0.880405 6
-1.82904 -1.22232 6
-2.14574 -1.02526 6

1.84737 1.26852 6
1.49753 1.36926 6
1.77143 1.5923 6

2.33431 0.261763 6
2.45439 0.699799 6
2.57136 0.436518 5

1.24882 1.98471 5
0.815717 2.12382 7
1.12703 2.26767 6

-1.17819 1.68174 5
-1.44885 1.54015 7
-1.34437 1.97178 7

-1.44885 1.54015 7
-1.79416 1.52901 6
-1.66264 1.83337 5

-2.44112 0.245891 6
-2.69094 0.0614502 6
-2.69134 0.486684 6

0.0670253 -2.18298 6
0.372019 -2.00616 6
0.369037 -2.3586 6

0.151933 2.18259 6
-0.130988 2.40098 7
0.199026 2.53697 6

-1.34437 1.97178 7
-1.66724 2.15468 6
-1.39779 2.34668 6

2.16618 -0.172813 6
2.46271 -0.0611244 6
2.4735 -0.430649 7

1.94304 -1.1787 5
2.23319 -1.09536 6
2.05473 -1.50981 7

2.15567 -0.499276 5
2.16618 -0.172813 6
2.4735 -0.430649 7

0.151933 2.18259 6
-0.124197 2.05718 5
-0.130988 2.40098 7

-1.96507 0.611125 6
-2.18188 0.408824 5
-2.42294 0.657036 7

0.962802 -1.99811 6
1.25671 -1.83623 6
1.27866 -2.16779 6

-2.69094 0.0614502 6
-2.42341 -0.140414 6
-2.74968 -0.312412 6

-2.18188 0.408824 5
-2.13536 0.0510866 6
-2.44112 0.245891 6

2.26893 -0.785732 6
2.4735 -0.430649 7
2.62588 -0.798842 6

1.24882 1.98471 5
1.12703 2.26767 6
1.52169 2.13924 6

-0.130988 2.40098 7
-0.5151 2.49307 6
-0.267293 2.69442 5

-1.79416 1.52901 6
-2.11317 1.51037 6
-1.95833 1.88745 7

-2.1684 -0.342702 6
-2.1736 -0.690652 6
-2.48483 -0.497706 6

1.46375 -1.6082 6
1.70352 -1.38229 6
1.78089 -1.724 6

2.46271 -0.0611244 6
2.7334 0.14389 6
2.76834 -0.209185 6

2.45439 0.699799 6
2.16435 0.798446 6
2.54767 0.999066 6

-0.770221 2.17717 6
-0.963274 1.9071 6
-1.10045 2.22751 6

-1.96845 1.19562 6
-2.18327 0.87657 6
-2.29123 1.19092 6

0.669387 -2.17806 6
0.962802 -1.99811 6
0.969607 -2.34664 6

1.94304 -1.1787 5
1.93658 -0.778169 7
2.23319 -1.09536 6

-0.770221 2.17717 6
-1.10045 2.22751 6
-0.841701 2.50676 6

-2.29123 1.19092 6
-2.18327 0.87657 6
-2.56992 0.960339 6

2.37191 -1.39808 6
2.23319 -1.09536 6
2.56759 -1.09243 6

2.54767 0.999066 6
2.20935 1.13043 6
2.49629 1.32231 6

-1.46428 -1.74933 6
-1.16975 -1.94097 6
-1.46944 -2.10447 6

1.78089 -1.724 6
2.05511 -1.87728 5
1.92015 -2.16154 7

-1.10045 2.22751 6
-1.39779 2.34668 6
-1.15739 2.5931 6

-0.253311 -2.33914 6
0.0670253 -2.18298 6
0.056573 -2.52201 6

2.57136 0.436518 5
2.81863 0.754681 7
2.92616 0.420594 6

0.817862 2.43193 6
0.454361 2.3572 6
0.579218 2.66155 6

-2.56992 0.960339 6
-2.42294 0.657036 7
-2.85068 0.775213 6

-2.49068 -0.817351 6
-2.14574 -1.02526 6
-2.45774 -1.14334 6

-1.82904 -1.22232 6
-1.77129 -1.54562 6
-2.14082 -1.36092 6

1.15194 2.60333 6
0.817862 2.43193 6
0.89132 2.79527 6

0.056573 -2.52201 6
0.360914 -2.70263 6
0.0418229 -2.85642 6

1.57871 -2.31641 6
1.59963 -1.98632 6
1.92015 -2.16154 7

1.12703 2.26767 6
1.15194 2.60333 6
1.44739 2.45554 6

0.454361 2.3572 6
0.151933 2.18259 6
0.199026 2.53697 6

-0.452924 2.18259 6
-0.770221 2.17717 6
-0.5151 2.49307 6

-2.45774 -1.14334 6
-2.14082 -1.36092 6
-2.45499 -1.48488 6

0.969607 -2.34664 6
1.26541 -2.51204 6
0.965234 -2.7004 6

1.70352 -1.38229 6
1.94304 -1.1787 5
2.05473 -1.50981 7

-1.46428 -1.74933 6
-1.46944 -2.10447 6
-1.76986 -1.89288 6

1.25671 -1.83623 6
1.46375 -1.6082 6
1.59963 -1.98632 6

2.12015 1.45075 6
1.77143 1.5923 6
2.06531 1.79222 6

2.0743 0.497587 6
2.16435 0.798446 6
2.45439 0.699799 6

0.815717 2.12382 7
0.454361 2.3572 6
0.817862 2.43193 6

-2.1736 -0.690652 6
-2.14574 -1.02526 6
-2.49068 -0.817351 6

-0.569359 -2.19031 6
-0.586978 -2.50726 6
-0.909886 -2.47785 6

-2.74968 -0.312412 6
-2.48483 -0.497706 6
-2.85486 -0.606491 6

0.369037 -2.3586 6
0.669387 -2.17806 6
0.671346 -2.53033 6

1.84737 1.26852 6
1.77143 1.5923 6
2.12015 1.45075 6

-1.7764 -2.23204 6
-1.46944 -2.10447 6
-1.51183 -2.46501 6

-0.586978 -2.50726 6
-0.270529 -2.66602 6
-0.599413 -2.82661 5

-0.267293 2.69442 5
-0.5151 2.49307 6
-0.595267 2.83881 6

-1.66264 1.83337 5
-1.79416 1.52901 6
-1.95833 1.88745 7

-1.77129 -1.54562 6
-1.46428 -1.74933 6
-1.76986 -1.89288 6

2.05511 -1.87728 5
2.05473 -1.50981 7
2.35529 -1.72464 6

-1.16975 -1.94097 6
-0.885224 -2.12387 6
-1.19304 -2.30069 6

-1.76986 -1.89288 6
-1.7764 -2.23204 6
-2.08718 -2.02027 6

-1.79416 1.52901 6
-1.96845 1.19562 6
-2.11317 1.51037 6

-2.4387 1.58041 6
-2.29123 1.19092 6
-2.59189 1.31688 5

2.33431 0.261763 6
2.57136 0.436518 5
2.7334 0.14389 6

1.75022 1.9264 6
1.45074 1.7107 7
1.52169 2.13924 6

-0.885224 -2.12387 6
-0.569359 -2.19031 6
-0.909886 -2.47785 6

2.45439 0.699799 6
2.54767 0.999066 6
2.81863 0.754681 7

-2.11317 1.51037 6
-2.4387 1.58041 6
-2.25292 1.85026 5

0.671346 -2.53033 6
0.965234 -2.7004 6
0.655774 -2.88203 6

1.75022 1.9264 6
1.80925 2.31316 6
2.06568 2.13239 6

-2.14082 -1.36092 6
-1.77129 -1.54562 6
-2.06933 -1.67664 6

2.4735 -0.430649 7
2.76834 -0.209185 6
2.78241 -0.543618 5

1.45074 1.7107 7
1.24882 1.98471 5
1.52169 2.13924 6

-1.51183 -2.46501 6
-1.19304 -2.30069 6
-1.24024 -2.64615 6

-1.24024 -2.64615 6
-0.909886 -2.47785 6
-0.924965 -2.81363 7

-2.06933 -1.67664 6
-2.08718 -2.02027 6
-2.38121 -1.78938 6

0.199026 2.53697 6
0.0280581 2.80476 6
0.340459 2.8906 6

-2.85486 -0.606491 6
-2.49068 -0.817351 6
-2.79343 -0.920335 6

1.27866 -2.16779 6
1.57871 -2.31641 6
1.26541 -2.51204 6

-0.253311 -2.33914 6
0.056573 -2.52201 6
-0.270529 -2.66602 6

-0.270529 -2.66602 6
0.056573 -2.52201 6
0.0418229 -2.85642 6

-0.130988 2.40098 7
-0.267293 2.69442 5
0.0280581 2.80476 6

-2.44112 0.245891 6
-2.42341 -0.140414 6
-2.69094 0.0614502 6

1.52169 2.13924 6
1.44739 2.45554 6
1.80925 2.31316 6

-0.841701 2.50676 6
-1.10045 2.22751 6
-1.15739 2.5931 6

-2.97417 -0.0949979 6
-2.74968 -0.312412 6
-3.17478 -0.436518 7

-2.14574 -1.02526 6
-2.14082 -1.36092 6
-2.45774 -1.14334 6

0.199026 2.53697 6
-0.130988 2.40098 7
0.0280581 2.80476 6

-1.66264 1.83337 5
-1.95833 1.88745 7
-1.66724 2.15468 6

2.06531 1.79222 6
2.06568 2.13239 6
2.37022 1.97685 6

0.454361 2.3572 6
0.199026 2.53697 6
0.579218 2.66155 6

-1.34437 1.97178 7
-1.66264 1.83337 5
-1.66724 2.15468 6

-1.39779 2.34668 6
-1.71458 2.48935 6
-1.45781 2.72316 6

-2.79343 -0.920335 6
-2.45774 -1.14334 6
-2.75379 -1.2845 6

0.056573 -2.52201 6
0.369037 -2.3586 6
0.360914 -2.70263 6

-1.10045 2.22751 6
-1.34437 1.97178 7
-1.39779 2.34668 6

-2.11317 1.51037 6
-2.29123 1.19092 6
-2.4387 1.58041 6

2.4735 -0.430649 7
2.46271 -0.0611244 6
2.76834 -0.209185 6

2.49629 1.32231 6
2.12015 1.45075 6
2.38758 1.63339 6

-2.56992 0.960339 6
-2.85068 0.775213 6
-2.86797 1.11844 6

-2.42294 0.657036 7
-2.44112 0.245891 6
-2.69134 0.486684 6

2.7334 0.14389 6
2.92616 0.420594 6
3.03248 0.00288478 6

2.16435 0.798446 6
2.20935 1.13043 6
2.54767 0.999066 6

2.05511 -1.87728 5
2.35529 -1.72464 6
2.32969 -2.06825 6

2.46271 -0.0611244 6
2.33431 0.261763 6
2.7334 0.14389 6

-2.18327 0.87657 6
-2.42294 0.657036 7
-2.56992 0.960339 6

-2.85068 0.775213 6
-2.69134 0.486684 6
-3.1127 0.581051 7

2.26893 -0.785732 6
2.62588 -0.798842 6
2.56759 -1.09243 6

2.56759 -1.09243 6
2.62588 -0.798842 6
2.92565 -1.05841 6

2.20935 1.13043 6
2.12015 1.45075 6
2.49629 1.32231 6

2.05473 -1.50981 7
2.23319 -1.09536 6
2.37191 -1.39808 6

2.76834 -0.209185 6
3.03248 0.00288478 6
3.07604 -0.403717 6

-2.42341 -0.140414 6
-2.48483 -0.497706 6
-2.74968 -0.312412 6

2.37191 -1.39808 6
2.72211 -1.37314 5
2.67715 -1.68897 6

-0.267293 2.69442 5
-0.595267 2.83881 6
-0.294167 3.02798 6

0.360914 -2.70263 6
0.655774 -2.88203 6
0.344669 -3.0482 6

1.78089 -1.724 6
2.05473 -1.50981 7
2.05511 -1.87728 5

2.23319 -1.09536 6
2.26893 -0.785732 6
2.56759 -1.09243 6

-1.66724 2.15468 6
-1.99442 2.2409 6
-1.71458 2.48935 6

1.59963 -1.98632 6
1.78089 -1.724 6
1.92015 -2.16154 7

1.27866 -2.16779 6
1.59963 -1.98632 6
1.57871 -2.31641 6

1.80925 2.31316 6
1.44739 2.45554 6
1.73837 2.64011 6

0.89132 2.79527 6
0.579218 2.66155 6
0.640933 3.03038 6

0.969607 -2.34664 6
1.27866 -2.16779 6
1.26541 -2.51204 6

1.26541 -2.51204 6
1.55306 -2.67493 6
1.25175 -2.86961 6

2.37191 -1.39808 6
2.56759 -1.09243 6
2.72211 -1.37314 5

2.81863 0.754681 7
2.54767 0.999066 6
2.84619 1.12996 6

-0.595267 2.83881 6
-0.841701 2.50676 6
-0.911346 2.84232 6

2.62588 -0.798842 6
2.4735 -0.430649 7
2.78241 -0.543618 5

0.0280581 2.80476 6
-0.294167 3.02798 6
0.0300327 3.13422 6

-2.48483 -0.497706 6
-2.49068 -0.817351 6
-2.85486 -0.606491 6

2.12015 1.45075 6
2.06531 1.79222 6
2.38758 1.63339 6

1.12703 2.26767 6
0.817862 2.43193 6
1.15194 2.60333 6

0.0418229 -2.85642 6
0.344669 -3.0482 6
0.0313449 -3.19139 6

1.52169 2.13924 6
1.12703 2.26767 6
1.44739 2.45554 6

-2.14082 -1.36092 6
-2.06933 -1.67664 6
-2.45499 -1.48488 6

-1.76986 -1.89288 6
-1.46944 -2.10447 6
-1.7764 -2.23204 6

-0.599413 -2.82661 5
-0.270529 -2.66602 6
-0.282156 -2.99153 6

2.78241 -0.543618 5
2.76834 -0.209185 6
3.07604 -0.403717 6

0.671346 -2.53033 6
0.969607 -2.34664 6
0.965234 -2.7004 6

-1.83249 -2.58184 6
-1.51183 -2.46501 6
-1.58782 -2.81497 7

-2.75379 -1.2845 6
-2.45499 -1.48488 6
-2.77619 -1.61514 6

-2.08718 -2.02027 6
-1.7764 -2.23204 6
-2.08557 -2.35928 6

-0.586978 -2.50726 6
-0.599413 -2.82661 5
-0.924965 -2.81363 7

-1.15739 2.5931 6
-1.45781 2.72316 6
-1.22877 2.96544 6

1.92015 -2.16154 7
2.32969 -2.06825 6
2.23648 -2.36413 6

1.55306 -2.67493 6
1.57871 -2.31641 6
1.85818 -2.48218 6

0.340459 2.8906 6
0.0300327 3.13422 6
0.344507 3.24109 6

-1.46944 -2.10447 6
-1.19304 -2.30069 6
-1.51183 -2.46501 6

2.84619 1.12996 6
2.49629 1.32231 6
2.78989 1.47767 6

-0.5151 2.49307 6
-0.841701 2.50676 6
-0.595267 2.83881 6

1.45501 2.81002 6
1.15194 2.60333 6
1.17874 2.97697 6

-1.19304 -2.30069 6
-0.909886 -2.47785 6
-1.24024 -2.64615 6

-2.06933 -1.67664 6
-1.76986 -1.89288 6
-2.08718 -2.02027 6

0.965234 -2.7004 6
1.25175 -2.86961 6
0.94946 -3.05552 6

-1.95833 1.88745 7
-2.25292 1.85026 5
-2.3285 2.15205 6

-1.99442 2.2409 6
-1.95833 1.88745 7
-2.3285 2.15205 6

-2.29123 1.19092 6
-2.56992 0.960339 6
-2.59189 1.31688 5

0.579218 2.66155 6
0.199026 2.53697 6
0.340459 2.8906 6

2.06531 1.79222 6
1.75022 1.9264 6
2.06568 2.13239 6

-0.841701 2.50676 6
-1.15739 2.5931 6
-0.911346 2.84232 6

-1.95833 1.88745 7
-2.11317 1.51037 6
-2.25292 1.85026 5

-2.74968 -0.312412 6
-2.85486 -0.606491 6
-3.17478 -0.436518 7

-2.79343 -0.920335 6
-2.75379 -1.2845 6
-3.04365 -1.13072 6

2.57136 0.436518 5
2.45439 0.699799 6
2.81863 0.754681 7

0.579218 2.66155 6
0.340459 2.8906 6
0.640933 3.03038 6

-2.69134 0.486684 6
-2.69094 0.0614502 6
-2.93682 0.290525 5

-2.45499 -1.48488 6
-2.06933 -1.67664 6
-2.38121 -1.78938 6

2.05473 -1.50981 7
2.37191 -1.39808 6
2.35529 -1.72464 6

0.817862 2.43193 6
0.579218 2.66155 6
0.89132 2.79527 6

-0.909886 -2.47785 6
-0.586978 -2.50726 6
-0.924965 -2.81363 7

2.54767 0.999066 6
2.49629 1.32231 6
2.84619 1.12996 6

-2.59189 1.31688 5
-2.86797 1.11844 6
-2.85774 1.48895 7

-2.49068 -0.817351 6
-2.45774 -1.14334 6
-2.79343 -0.920335 6

1.75022 1.9264 6
1.52169 2.13924 6
1.80925 2.31316 6

-2.59189 1.31688 5
-2.56992 0.960339 6
-2.86797 1.11844 6

-1.24024 -2.64615 6
-1.2433 -2.96863 6
-1.58782 -2.81497 7

-3.1127 0.581051 7
-2.93682 0.290525 5
-3.23421 0.198974 6

-2.93682 0.290525 5
-2.69094 0.0614502 6
-2.97417 -0.0949979 6

-2.38121 -1.78938 6
-2.41781 -2.12286 6
-2.692 -1.9305 6

-2.42294 0.657036 7
-2.69134 0.486684 6
-2.85068 0.775213 6

0.360914 -2.70263 6
0.671346 -2.53033 6
0.655774 -2.88203 6

2.76834 -0.209185 6
2.7334 0.14389 6
3.03248 0.00288478 6

2.7334 0.14389 6
2.57136 0.436518 5
2.92616 0.420594 6

2.06568 2.13239 6
2.07304 2.5461 6
2.3358 2.34422 6

-2.3285 2.15205 6
-2.25292 1.85026 5
-2.61024 1.85801 7

-0.599413 -2.82661 5
-0.282156 -2.99153 6
-0.619256 -3.14698 6

1.80925 2.31316 6
1.73837 2.64011 6
2.07304 2.5461 6

2.78989 1.47767 6
2.38758 1.63339 6
2.67534 1.77678 6

-2.85068 0.775213 6
-3.1127 0.581051 7
-3.17478 0.960339 6

-2.69094 0.0614502 6
-2.74968 -0.312412 6
-2.97417 -0.0949979 6

-2.08718 -2.02027 6
-2.08557 -2.35928 6
-2.41781 -2.12286 6

-1.2433 -2.96863 6
-0.924965 -2.81363 7
-0.944498 -3.15134 6

-0.619267 3.17878 7
-0.911346 2.84232 6
-0.941346 3.17348 5

-0.294167 3.02798 6
-0.595267 2.83881 6
-0.619267 3.17878 7

-1.66724 2.15468 6
-1.95833 1.88745 7
-1.99442 2.2409 6

0.0418229 -2.85642 6
0.360914 -2.70263 6
0.344669 -3.0482 6

-0.270529 -2.66602 6
0.0418229 -2.85642 6
-0.282156 -2.99153 6

3.03248 0.00288478 6
2.92616 0.420594 6
3.21524 0.264648 6

-1.39779 2.34668 6
-1.66724 2.15468 6
-1.71458 2.48935 6

-3.23421 0.198974 6
-2.97417 -0.0949979 6
-3.28407 -0.137542 5

-0.282156 -2.99153 6
0.0418229 -2.85642 6
0.0313449 -3.19139 6

2.35529 -1.72464 6
2.67715 -1.68897 6
2.6546 -2.01261 6

-1.15739 2.5931 6
-1.39779 2.34668 6
-1.45781 2.72316 6

-2.45774 -1.14334 6
-2.45499 -1.48488 6
-2.75379 -1.2845 6

3.03248 0.00288478 6
3.21524 0.264648 6
3.29622 -0.163234 7

0.0280581 2.80476 6
-0.267293 2.69442 5
-0.294167 3.02798 6

1.26541 -2.51204 6
1.57871 -2.31641 6
1.55306 -2.67493 6

2.72211 -1.37314 5
2.56759 -1.09243 6
2.92565 -1.05841 6

3.16093 0.650934 6
2.81863 0.754681 7
3.12314 0.964718 6

2.32969 -2.06825 6
2.6546 -2.01261 6
2.57136 -2.3572 6

-3.04365 -1.13072 6
-2.75379 -1.2845 6
-3.09904 -1.44589 6

0.655774 -2.88203 6
0.94946 -3.05552 6
0.640315 -3.23201 6

-0.294167 3.02798 6
-0.619267 3.17878 7
-0.295657 3.3495 6

-2.61024 1.85801 7
-2.4387 1.58041 6
-2.85774 1.48895 7

3.09745 1.379 6
2.78989 1.47767 6
3.06092 1.73269 6

2.38758 1.63339 6
2.06531 1.79222 6
2.37022 1.97685 6

-1.71458 2.48935 6
-2.00411 2.6255 6
-1.74901 2.86439 6

1.25175 -2.86961 6
1.5365 -3.03902 6
1.2348 -3.22831 6

0.965234 -2.7004 6
1.26541 -2.51204 6
1.25175 -2.86961 6

2.67715 -1.68897 6
2.72211 -1.37314 5
3.03527 -1.40533 6

-2.41781 -2.12286 6
-2.08557 -2.35928 6
-2.40503 -2.44326 5

1.17874 2.97697 6
0.89132 2.79527 6
0.927456 3.18951 6

0.344669 -3.0482 6
0.640315 -3.23201 6
0.339661 -3.3973 6

1.57871 -2.31641 6
1.92015 -2.16154 7
1.85818 -2.48218 6

2.78241 -0.543618 5
3.07604 -0.403717 6
3.0411 -0.766174 7

2.62588 -0.798842 6
2.78241 -0.543618 5
3.0411 -0.766174 7

0.927456 3.18951 6
0.640933 3.03038 6
0.643828 3.39198 6

2.92565 -1.05841 6
2.62588 -0.798842 6
3.0411 -0.766174 7

0.340459 2.8906 6
0.0280581 2.80476 6
0.0300327 3.13422 6

1.92015 -2.16154 7
2.05511 -1.87728 5
2.32969 -2.06825 6

1.85818 -2.48218 6
1.92015 -2.16154 7
2.23648 -2.36413 6

1.55306 -2.67493 6
1.83428 -2.84717 6
1.5365 -3.03902 6

2.37022 1.97685 6
2.3358 2.34422 6
2.63025 2.19318 6

-1.45781 2.72316 6
-1.74901 2.86439 6
-1.51981 3.12765 6

2.67715 -1.68897 6
3.03527 -1.40533 6
2.97748 -1.76929 6

2.49629 1.32231 6
2.38758 1.63339 6
2.78989 1.47767 6

1.9665 2.88102 6
1.73837 2.64011 6
1.7157 3.04443 6

-2.08557 -2.35928 6
-1.7764 -2.23204 6
-1.83249 -2.58184 6

3.0411 -0.766174 7
3.37741 -0.518612 6
3.34454 -0.856366 5

3.12314 0.964718 6
2.84619 1.12996 6
3.09745 1.379 6

1.73837 2.64011 6
1.44739 2.45554 6
1.45501 2.81002 6

0.0300327 3.13422 6
-0.295657 3.3495 6
0.0255317 3.46201 6

1.44739 2.45554 6
1.15194 2.60333 6
1.45501 2.81002 6

2.32969 -2.06825 6
2.35529 -1.72464 6
2.6546 -2.01261 6

-0.619256 -3.14698 6
-0.29498 -3.31182 6
-0.616565 -3.47368 6

2.35529 -1.72464 6
2.37191 -1.39808 6
2.67715 -1.68897 6

-2.86797 1.11844 6
-3.17478 0.960339 6
-3.16092 1.30309 6

-1.7764 -2.23204 6
-1.51183 -2.46501 6
-1.83249 -2.58184 6

1.15194 2.60333 6
0.89132 2.79527 6
1.17874 2.97697 6

-2.69134 0.486684 6
-2.93682 0.290525 5
-3.1127 0.581051 7

-0.619256 -3.14698 6
-0.282156 -2.99153 6
-0.29498 -3.31182 6

-2.00411 2.6255 6
-1.99442 2.2409 6
-2.27942 2.46492 6

-1.83249 -2.58184 6
-1.58782 -2.81497 7
-1.96507 -2.88102 5

2.07304 2.5461 6
1.73837 2.64011 6
1.9665 2.88102 6

0.655774 -2.88203 6
0.965234 -2.7004 6
0.94946 -3.05552 6

-2.45499 -1.48488 6
-2.38121 -1.78938 6
-2.77619 -1.61514 6

-2.25292 1.85026 5
-2.4387 1.58041 6
-2.61024 1.85801 7

3.07604 -0.403717 6
3.29622 -0.163234 7
3.37741 -0.518612 6

-2.27942 2.46492 6
-2.3285 2.15205 6
-2.64532 2.19841 6

-3.1127 0.581051 7
-3.44793 0.425497 6
-3.40957 0.757626 6

-3.17478 -0.436518 7
-2.85486 -0.606491 6
-3.17478 -0.785732 6

1.83428 -2.84717 6
1.85818 -2.48218 6
2.13124 -2.64966 6

-0.924965 -2.81363 7
-0.599413 -2.82661 5
-0.619256 -3.14698 6

2.67534 1.77678 6
2.63025 2.19318 6
2.87379 2.00798 6

-0.911346 2.84232 6
-1.15739 2.5931 6
-1.22877 2.96544 6

-1.99442 2.2409 6
-2.3285 2.15205 6
-2.27942 2.46492 6

-3.35763 -1.03421 6
-3.04365 -1.13072 6
-3.47721 -1.30955 6

2.38758 1.63339 6
2.37022 1.97685 6
2.67534 1.77678 6

-1.22877 2.96544 6
-1.51981 3.12765 6
-1.25809 3.3268 6

-3.09904 -1.44589 6
-2.77619 -1.61514 6
-3.05434 -1.80581 7

-2.4387 1.58041 6
-2.59189 1.31688 5
-2.85774 1.48895 7

-2.38121 -1.78938 6
-2.08718 -2.02027 6
-2.41781 -2.12286 6

-1.24024 -2.64615 6
-0.924965 -2.81363 7
-1.2433 -2.96863 6

-1.52867 -3.13958 5
-1.2433 -2.96863 6
-1.2565 -3.32802 6

-2.75379 -1.2845 6
-2.77619 -1.61514 6
-3.09904 -1.44589 6

-3.17478 -0.436518 7
-3.44728 -0.604516 6
-3.57245 -0.317168 6

3.21524 0.264648 6
2.92616 0.420594 6
3.16093 0.650934 6

-0.595267 2.83881 6
-0.911346 2.84232 6
-0.619267 3.17878 7

2.92616 0.420594 6
2.81863 0.754681 7
3.16093 0.650934 6

-3.44793 0.425497 6
-3.23421 0.198974 6
-3.56427 0.0402145 7

-1.51183 -2.46501 6
-1.24024 -2.64615 6
-1.58782 -2.81497 7

-0.924965 -2.81363 7
-0.619256 -3.14698 6
-0.944498 -3.15134 6

-2.85486 -0.606491 6
-2.79343 -0.920335 6
-3.17478 -0.785732 6

0.89132 2.79527 6
0.640933 3.03038 6
0.927456 3.18951 6

-2.93682 0.290525 5
-2.97417 -0.0949979 6
-3.23421 0.198974 6

3.07604 -0.403717 6
3.03248 0.00288478 6
3.29622 -0.163234 7

-2.79343 -0.920335 6
-3.04365 -1.13072 6
-3.17478 -0.785732 6

0.344507 3.24109 6
0.0255317 3.46201 6
0.339661 3.58698 0

3.46343 0.580698 6
3.16093 0.650934 6
3.50139 0.907328 7

0.94946 -3.05552 6
1.2348 -3.22831 6
0.927708 -3.40986 6

0.640933 3.03038 6
0.340459 2.8906 6
0.344507 3.24109 6

-0.295657 3.3495 6
-0.619267 3.17878 7
-0.616565 3.5106 0

-2.08554 2.9615 5
-2.00411 2.6255 6
-2.36008 2.8018 7

2.81863 0.754681 7
2.84619 1.12996 6
3.12314 0.964718 6

-2.86797 1.11844 6
-2.85068 0.775213 6
-3.17478 0.960339 6

-2.77619 -1.61514 6
-2.38121 -1.78938 6
-2.692 -1.9305 6

3.12314 0.964718 6
3.35893 1.19424 5
3.50139 0.907328 7

2.06568 2.13239 6
1.80925 2.31316 6
2.07304 2.5461 6

-2.97417 -0.0949979 6
-3.17478 -0.436518 7
-3.28407 -0.137542 5

0.0313449 -3.19139 6
0.339661 -3.3973 6
0.0255317 -3.52227 0

-1.58782 -2.81497 7
-1.52867 -3.13958 5
-1.82483 -3.1859 6

2.23648 -2.36413 6
2.57136 -2.3572 6
2.60272 -2.66261 7

0.344669 -3.0482 6
0.655774 -2.88203 6
0.640315 -3.23201 6

2.57136 -2.3572 6
2.6546 -2.01261 6
2.91258 -2.18514 6

2.37022 1.97685 6
2.06568 2.13239 6
2.3358 2.34422 6

3.21524 0.264648 6
3.46343 0.580698 6
3.51719 0.239342 6

-1.71458 2.48935 6
-1.99442 2.2409 6
-2.00411 2.6255 6

-3.17478 0.960339 6
-3.40957 0.757626 6
-3.46748 1.16397 6

3.0411 -0.766174 7
3.07604 -0.403717 6
3.37741 -0.518612 6

2.07304 2.5461 6
1.9665 2.88102 6
2.36423 2.68484 6

-0.911346 2.84232 6
-1.22877 2.96544 6
-0.941346 3.17348 5

-0.29498 -3.31182 6
0.0313449 -3.19139 6
0.0255317 -3.52227 0

-2.41781 -2.12286 6
-2.40503 -2.44326 5
-2.71943 -2.36231 7

0.640315 -3.23201 6
0.927708 -3.40986 6
0.643828 -3.5923 0

-0.295657 3.3495 6
-0.616565 3.5106 0
-0.29498 3.67246 0

-2.85774 1.48895 7
-2.86797 1.11844 6
-3.16092 1.30309 6

2.84619 1.12996 6
2.78989 1.47767 6
3.09745 1.379 6

1.44045 3.20013 6
1.17874 2.97697 6
1.1921 3.38958 6

-2.692 -1.9305 6
-2.71943 -2.36231 7
-2.9301 -2.14921 5

-0.282156 -2.99153 6
0.0313449 -3.19139 6
-0.29498 -3.31182 6

3.03527 -1.40533 6
2.92565 -1.05841 6
3.26176 -1.17238 7

0.640933 3.03038 6
0.344507 3.24109 6
0.643828 3.39198 6

2.72211 -1.37314 5
2.92565 -1.05841 6
3.03527 -1.40533 6

-1.74901 2.86439 6
-2.08554 2.9615 5
-1.84246 3.20229 6

-2.92169 1.79065 5
-2.85774 1.48895 7
-3.22105 1.62632 6

-1.45781 2.72316 6
-1.71458 2.48935 6
-1.74901 2.86439 6

-2.64532 2.19841 6
-2.61024 1.85801 7
-2.96113 2.11161 6

1.55306 -2.67493 6
1.85818 -2.48218 6
1.83428 -2.84717 6

3.03527 -1.40533 6
3.26176 -1.17238 7
3.2805 -1.6032 6

0.0300327 3.13422 6
-0.294167 3.02798 6
-0.295657 3.3495 6

1.83428 -2.84717 6
2.07892 -3.05812 6
1.79701 -3.23343 6

1.5365 -3.03902 6
1.79701 -3.23343 6
1.50137 -3.41715 6

2.3358 2.34422 6
2.36423 2.68484 6
2.68721 2.50523 6

2.67534 1.77678 6
2.87379 2.00798 6
3.06092 1.73269 6

-1.2565 -3.32802 6
-0.944498 -3.15134 6
-0.939676 -3.48335 6

1.85818 -2.48218 6
2.23648 -2.36413 6
2.13124 -2.64966 6

0.94946 -3.05552 6
1.25175 -2.86961 6
1.2348 -3.22831 6

1.25175 -2.86961 6
1.55306 -2.67493 6
1.5365 -3.03902 6

-2.96113 2.11161 6
-2.92169 1.79065 5
-3.26584 1.95965 6

0.0313449 -3.19139 6
0.344669 -3.0482 6
0.339661 -3.3973 6

3.29622 -0.163234 7
3.51719 0.239342 6
3.57906 -0.0851438 5

-2.27942 2.46492 6
-2.60121 2.53217 5
-2.36008 2.8018 7

1.1921 3.38958 6
0.927456 3.18951 6
0.927708 3.57442 0

-3.1127 0.581051 7
-3.23421 0.198974 6
-3.44793 0.425497 6

-3.44728 -0.604516 6
-3.17478 -0.785732 6
-3.35763 -1.03421 6

-2.3285 2.15205 6
-2.61024 1.85801 7
-2.64532 2.19841 6

-1.83249 -2.58184 6
-1.96507 -2.88102 5
-2.22252 -2.7084 7

2.67534 1.77678 6
2.37022 1.97685 6
2.63025 2.19318 6

-2.61024 1.85801 7
-2.85774 1.48895 7
-2.92169 1.79065 5

-3.47721 -1.30955 6
-3.09904 -1.44589 6
-3.3555 -1.64378 5

-2.40503 -2.44326 5
-2.08557 -2.35928 6
-2.22252 -2.7084 7

0.339661 -3.3973 6
0.643828 -3.5923 0
0.344507 -3.74319 0

3.37741 -0.518612 6
3.29622 -0.163234 7
3.70015 -0.381292 6

-3.56427 0.0402145 7
-3.28407 -0.137542 5
-3.57245 -0.317168 6

3.0411 -0.766174 7
3.34454 -0.856366 5
3.26176 -1.17238 7

3.37741 -0.518612 6
3.70015 -0.381292 6
3.66244 -0.70522 6

1.7157 3.04443 6
1.45501 2.81002 6
1.44045 3.20013 6

-1.22877 2.96544 6
-1.45781 2.72316 6
-1.51981 3.12765 6

-2.64532 2.19841 6
-2.96113 2.11161 6
-2.93498 2.43938 7

2.60272 -2.66261 7
2.57136 -2.3572 6
2.91581 -2.51289 6

1.17874 2.97697 6
0.927456 3.18951 6
1.1921 3.38958 6

0.344507 3.24109 6
0.0300327 3.13422 6
0.0255317 3.46201 6

2.6546 -2.01261 6
2.97748 -1.76929 6
2.91258 -2.18514 6

2.6546 -2.01261 6
2.67715 -1.68897 6
2.97748 -1.76929 6

2.92565 -1.05841 6
3.0411 -0.766174 7
3.26176 -1.17238 7

-3.64672 -0.840537 5
-3.35763 -1.03421 6
-3.75117 -1.16843 6

-3.16092 1.30309 6
-3.46748 1.16397 6
-3.51812 1.48997 6

2.3483 -2.84964 5
2.13124 -2.64966 6
2.60272 -2.66261 7

0.0255317 3.46201 6
-0.29498 3.67246 0
0.0313449 3.79289 0

-0.941346 3.17348 5
-1.25809 3.3268 6
-0.939676 3.50093 0

-1.96507 -2.88102 5
-1.58782 -2.81497 7
-1.82483 -3.1859 6

-2.71943 -2.36231 7
-2.40503 -2.44326 5
-2.60836 -2.72155 6

3.26176 -1.17238 7
3.60614 -1.083 6
3.53073 -1.40925 6

2.63025 2.19318 6
2.68721 2.50523 6
3.00776 2.309 6

2.63025 2.19318 6
2.3358 2.34422 6
2.68721 2.50523 6

2.23648 -2.36413 6
2.32969 -2.06825 6
2.57136 -2.3572 6

-3.17478 0.960339 6
-3.1127 0.581051 7
-3.40957 0.757626 6

-1.58782 -2.81497 7
-1.2433 -2.96863 6
-1.52867 -3.13958 5

-0.941346 3.17348 5
-1.22877 2.96544 6
-1.25809 3.3268 6

-3.73699 0.605207 6
-3.44793 0.425497 6
-3.77964 0.261911 5

2.3358 2.34422 6
2.07304 2.5461 6
2.36423 2.68484 6

1.73837 2.64011 6
1.45501 2.81002 6
1.7157 3.04443 6

-3.17478 -0.436518 7
-3.17478 -0.785732 6
-3.44728 -0.604516 6

-1.82483 -3.1859 6
-1.52867 -3.13958 5
-1.58011 -3.49795 0

-2.08557 -2.35928 6
-1.83249 -2.58184 6
-2.22252 -2.7084 7

2.13124 -2.64966 6
2.3483 -2.84964 5
2.07892 -3.05812 6

3.35893 1.19424 5
3.09745 1.379 6
3.39516 1.55367 7

1.45501 2.81002 6
1.17874 2.97697 6
1.44045 3.20013 6

2.3484 2.99269 6
1.9665 2.88102 6
2.0796 3.18961 6

-3.17478 -0.785732 6
-3.04365 -1.13072 6
-3.35763 -1.03421 6

-2.692 -1.9305 6
-2.41781 -2.12286 6
-2.71943 -2.36231 7

3.21524 0.264648 6
3.16093 0.650934 6
3.46343 0.580698 6

3.12314 0.964718 6
3.09745 1.379 6
3.35893 1.19424 5

-3.44728 -0.604516 6
-3.64672 -0.840537 5
-3.85308 -0.566608 7

3.16093 0.650934 6
3.12314 0.964718 6
3.50139 0.907328 7

2.78989 1.47767 6
2.67534 1.77678 6
3.06092 1.73269 6

0.0255317 -3.52227 0
0.344507 -3.74319 0
0.0300327 -3.85007 0

-0.616565 -3.47368 6
-0.29498 -3.31182 6
-0.295657 -3.63479 0

3.29622 -0.163234 7
3.21524 0.264648 6
3.51719 0.239342 6

-0.29498 3.67246 0
-0.616565 3.5106 0
-0.619256 3.8373 0

-0.616565 -3.47368 6
-0.295657 -3.63479 0
-0.619267 -3.8055 0

-0.944498 -3.15134 6
-0.619256 -3.14698 6
-0.616565 -3.47368 6

0.640315 -3.23201 6
0.94946 -3.05552 6
0.927708 -3.40986 6

-3.23421 0.198974 6
-3.28407 -0.137542 5
-3.56427 0.0402145 7

0.927708 3.57442 0
0.643828 3.39198 6
0.640315 3.75227 0

-2.77619 -1.61514 6
-2.692 -1.9305 6
-3.05434 -1.80581 7

3.29622 -0.163234 7
3.57906 -0.0851438 5
3.70015 -0.381292 6

-1.51981 3.12765 6
-1.84246 3.20229 6
-1.58011 3.48634 7

-1.2433 -2.96863 6
-0.944498 -3.15134 6
-1.2565 -3.32802 6

0.927708 -3.40986 6
1.1921 -3.59471 0
0.927456 -3.79477 0

-0.616565 3.5106 0
-0.619267 3.17878 7
-0.939676 3.50093 0

-3.40957 0.757626 6
-3.44793 0.425497 6
-3.73699 0.605207 6

-3.40957 0.757626 6
-3.73699 0.605207 6
-3.69456 0.943763 6

-3.05434 -1.80581 7
-3.23358 -2.10576 5
-3.4847 -1.93503 7

3.35893 1.19424 5
3.39516 1.55367 7
3.66825 1.28772 6

2.36423 2.68484 6
1.9665 2.88102 6
2.3484 2.99269 6

2.87379 2.00798 6
2.63025 2.19318 6
3.00776 2.309 6

3.57906 -0.0851438 5
3.85286 0.0695142 6
3.99996 -0.211701 0

-1.58011 -3.49795 0
-1.2565 -3.32802 6
-1.25809 -3.65748 0

3.51719 0.239342 6
3.46343 0.580698 6
3.78107 0.436518 6

-1.25809 3.3268 6
-1.58011 3.48634 7
-1.2565 3.65626 0

-3.28407 -0.137542 5
-3.17478 -0.436518 7
-3.57245 -0.317168 6

2.36423 2.68484 6
2.3484 2.99269 6
2.68567 2.82902 6

1.77185 3.3783 6
1.44045 3.20013 6
1.50137 3.56713 0

-3.86317 -0.211701 6
-3.57245 -0.317168 6
-3.85308 -0.566608 7

-2.40503 -2.44326 5
-2.22252 -2.7084 7
-2.60836 -2.72155 6

1.50137 3.56713 0
1.1921 3.38958 6
1.2348 3.75598 0

0.643828 3.39198 6
0.344507 3.24109 6
0.339661 3.58698 0

-2.61024 1.85801 7
-2.92169 1.79065 5
-2.96113 2.11161 6

-0.944498 -3.15134 6
-0.616565 -3.47368 6
-0.939676 -3.48335 6

-1.25809 3.3268 6
-1.51981 3.12765 6
-1.58011 3.48634 7

-2.85774 1.48895 7
-3.16092 1.30309 6
-3.22105 1.62632 6

-1.84246 3.20229 6
-2.08554 2.9615 5
-2.23602 3.2353 7

3.78107 0.436518 6
3.46343 0.580698 6
3.80996 0.750504 6

-1.74901 2.86439 6
-2.00411 2.6255 6
-2.08554 2.9615 5

-2.71943 -2.36231 7
-2.60836 -2.72155 6
-2.9008 -2.67366 5

-2.93498 2.43938 7
-2.96113 2.11161 6
-3.26929 2.29746 6

-0.619267 3.17878 7
-0.941346 3.17348 5
-0.939676 3.50093 0

-2.27942 2.46492 6
-2.64532 2.19841 6
-2.60121 2.53217 5

-0.295657 -3.63479 0
0.0255317 -3.52227 0
0.0300327 -3.85007 0

-1.82483 -3.1859 6
-1.58011 -3.49795 0
-1.93357 -3.48844 6

-3.05434 -1.80581 7
-2.692 -1.9305 6
-2.9301 -2.14921 5

3.09745 1.379 6
3.06092 1.73269 6
3.39516 1.55367 7

-3.22105 1.62632 6
-3.51812 1.48997 6
-3.55799 1.84017 6

2.97748 -1.76929 6
3.2805 -1.6032 6
3.17622 -2.00798 6

3.50139 0.907328 7
3.66825 1.28772 6
3.86644 1.05529 5

-3.05434 -1.80581 7
-2.9301 -2.14921 5
-3.23358 -2.10576 5

-0.29498 -3.31182 6
0.0255317 -3.52227 0
-0.295657 -3.63479 0

0.339661 -3.3973 6
0.640315 -3.23201 6
0.643828 -3.5923 0

-3.75117 -1.16843 6
-3.47721 -1.30955 6
-3.70185 -1.5522 7

2.91581 -2.51289 6
2.91258 -2.18514 6
3.22907 -2.3648 6

2.97748 -1.76929 6
3.03527 -1.40533 6
3.2805 -1.6032 6

-2.00411 2.6255 6
-2.27942 2.46492 6
-2.36008 2.8018 7

-3.16092 1.30309 6
-3.17478 0.960339 6
-3.46748 1.16397 6

3.88896 -0.927579 6
3.66244 -0.70522 6
4.01006 -0.566608 0

-2.60121 2.53217 5
-2.93498 2.43938 7
-2.75682 2.82428 7

-1.96507 -2.88102 5
-1.82483 -3.1859 6
-2.1725 -3.11915 7

1.2348 -3.22831 6
1.50137 -3.41715 6
1.1921 -3.59471 0

3.2805 -1.6032 6
3.53073 -1.40925 6
3.47864 -1.83337 6

0.0255317 3.46201 6
-0.295657 3.3495 6
-0.29498 3.67246 0

0.640315 3.75227 0
0.339661 3.58698 0
0.344669 3.93608 0

-2.36008 2.8018 7
-2.75682 2.82428 7
-2.56992 3.05562 5

1.1921 -3.59471 0
1.44045 -3.78415 0
1.17874 -4.00732 0

0.643828 -3.5923 0
0.927456 -3.79477 0
0.640933 -3.95391 0

0.927456 3.18951 6
0.643828 3.39198 6
0.927708 3.57442 0

-0.939676 3.50093 0
-1.2565 3.65626 0
-0.944498 3.83295 0

-1.51981 3.12765 6
-1.74901 2.86439 6
-1.84246 3.20229 6

-1.25809 -3.65748 0
-0.939676 -3.48335 6
-0.941346 -3.8108 0

1.83428 -2.84717 6
2.13124 -2.64966 6
2.07892 -3.05812 6

2.57136 -3.05562 6
2.60272 -2.66261 7
2.89092 -2.84946 6

2.57136 -2.3572 6
2.91258 -2.18514 6
2.91581 -2.51289 6

1.5365 -3.03902 6
1.83428 -2.84717 6
1.79701 -3.23343 6

1.2348 3.75598 0
0.927708 3.57442 0
0.94946 3.92877 0

-3.04365 -1.13072 6
-3.09904 -1.44589 6
-3.47721 -1.30955 6

3.34454 -0.856366 5
3.66244 -0.70522 6
3.60614 -1.083 6

3.34256 1.87624 6
2.87379 2.00798 6
3.27986 2.17093 5

1.2348 -3.22831 6
1.5365 -3.03902 6
1.50137 -3.41715 6

2.13124 -2.64966 6
2.23648 -2.36413 6
2.60272 -2.66261 7

3.34454 -0.856366 5
3.37741 -0.518612 6
3.66244 -0.70522 6

2.68721 2.50523 6
2.68567 2.82902 6
3.0085 2.62691 6

0.0300327 -3.85007 0
0.344507 -3.74319 0
0.640933 -3.95391 0

1.50137 -3.41715 6
1.77185 -3.60598 0
1.44045 -3.78415 0

3.60614 -1.083 6
3.66244 -0.70522 6
3.88896 -0.927579 6

3.39516 1.55367 7
3.06092 1.73269 6
3.34256 1.87624 6

-3.51812 1.48997 6
-3.46748 1.16397 6
-3.81048 1.3314 7

-3.09904 -1.44589 6
-3.05434 -1.80581 7
-3.3555 -1.64378 5

-3.26584 1.95965 6
-3.55799 1.84017 6
-3.58102 2.18731 6

-3.44728 -0.604516 6
-3.35763 -1.03421 6
-3.64672 -0.840537 5

2.3483 -2.84964 5
2.57136 -3.05562 6
2.33692 -3.27375 6

2.91258 -2.18514 6
2.97748 -1.76929 6
3.17622 -2.00798 6

-3.23358 -2.10576 5
-2.9301 -2.14921 5
-3.13334 -2.46963 7

0.0255317 -3.52227 0
0.339661 -3.3973 6
0.344507 -3.74319 0

3.22907 -2.3648 6
3.17622 -2.00798 6
3.50185 -2.18396 6

3.26176 -1.17238 7
3.34454 -0.856366 5
3.60614 -1.083 6

-3.64672 -0.840537 5
-3.75117 -1.16843 6
-3.97417 -0.927579 0

-2.22252 -2.7084 7
-2.1725 -3.11915 7
-2.47103 -2.98093 5

3.66825 1.28772 6
3.39516 1.55367 7
3.72926 1.59697 5

-3.56427 0.0402145 7
-3.86317 -0.211701 6
-4.01028 0.0695142 0

-2.9008 -2.67366 5
-2.60836 -2.72155 6
-2.87235 -3.05562 7

0.927708 -3.40986 6
1.2348 -3.22831 6
1.1921 -3.59471 0

0.344669 3.93608 0
0.0313449 3.79289 0
-0.282156 3.99275 0

-3.44793 0.425497 6
-3.56427 0.0402145 7
-3.77964 0.261911 5

3.2805 -1.6032 6
3.26176 -1.17238 7
3.53073 -1.40925 6

-0.29498 3.67246 0
-0.619256 3.8373 0
-0.282156 3.99275 0

0.339661 3.58698 0
0.0255317 3.46201 6
0.0313449 3.79289 0

-3.77964 0.261911 5
-4.01028 0.0695142 0
-4.08206 0.436518 0

-2.22252 -2.7084 7
-1.96507 -2.88102 5
-2.1725 -3.11915 7

2.06137 -3.44701 6
2.07892 -3.05812 6
2.33692 -3.27375 6

3.51719 0.239342 6
3.78107 0.436518 6
3.85286 0.0695142 6

3.00776 2.309 6
3.0085 2.62691 6
3.34602 2.51755 7

2.0796 3.18961 6
1.7157 3.04443 6
1.77185 3.3783 6

-3.73699 0.605207 6
-3.77964 0.261911 5
-4.08206 0.436518 0

4.0835 0.261911 0
3.78107 0.436518 6
4.12614 0.605207 0

3.70015 -0.381292 6
3.99996 -0.211701 0
4.01006 -0.566608 0

2.06137 3.53727 0
1.77185 3.3783 6
1.79701 3.75085 0

0.643828 3.39198 6
0.339661 3.58698 0
0.640315 3.75227 0

-1.52867 3.8447 0
-1.58011 3.48634 7
-1.82483 3.79838 0

1.9665 2.88102 6
1.7157 3.04443 6
2.0796 3.18961 6

-2.92169 1.79065 5
-3.22105 1.62632 6
-3.26584 1.95965 6

-3.46748 1.16397 6
-3.69456 0.943763 6
-3.81048 1.3314 7

-3.46748 1.16397 6
-3.40957 0.757626 6
-3.69456 0.943763 6

1.7157 3.04443 6
1.44045 3.20013 6
1.77185 3.3783 6

3.06092 1.73269 6
2.87379 2.00798 6
3.34256 1.87624 6

-0.282156 3.99275 0
-0.619256 3.8373 0
-1.2433 4.01565 0

-2.60121 2.53217 5
-2.64532 2.19841 6
-2.93498 2.43938 7

-3.23358 -2.10576 5
-3.13334 -2.46963 7
-3.4378 -2.36659 6

-3.22105 1.62632 6
-3.16092 1.30309 6
-3.51812 1.48997 6

2.0796 3.18961 6
2.06137 3.53727 0
2.37521 3.36228 6

3.17622 -2.00798 6
3.2805 -1.6032 6
3.47864 -1.83337 6

-1.84246 3.20229 6
-2.23602 3.2353 7
-1.93357 3.49585 0

-2.1725 -3.11915 7
-1.93357 -3.48844 6
-2.25583 -3.41847 5

2.68721 2.50523 6
2.36423 2.68484 6
2.68567 2.82902 6

-2.1725 -3.11915 7
-1.82483 -3.1859 6
-1.93357 -3.48844 6

-1.52867 -3.13958 5
-1.2565 -3.32802 6
-1.58011 -3.49795 0

2.3483 -2.84964 5
2.60272 -2.66261 7
2.57136 -3.05562 6

3.6711 1.91424 6
3.34256 1.87624 6
3.6085 2.23156 7

-3.86317 -0.211701 6
-4.16299 -0.381292 0
-4.28408 -0.0851438 0

-0.619267 -3.8055 0
-0.295657 -3.63479 0
-0.294167 -3.9563 0

2.89092 -2.84946 6
2.91581 -2.51289 6
3.2187 -2.71112 6

3.57906 -0.0851438 5
3.51719 0.239342 6
3.85286 0.0695142 6

-0.939676 -3.48335 6
-0.616565 -3.47368 6
-0.619267 -3.8055 0

-0.939676 -3.48335 6
-0.619267 -3.8055 0
-0.941346 -3.8108 0

-0.939676 3.50093 0
-1.25809 3.3268 6
-1.2565 3.65626 0

-3.3555 -1.64378 5
-3.05434 -1.80581 7
-3.4847 -1.93503 7

3.85286 0.0695142 6
4.0835 0.261911 0
4.29886 0.0402145 0

-4.16299 -0.381292 0
-3.85308 -0.566608 7
-4.2007 -0.70522 0

-1.2565 -3.32802 6
-0.939676 -3.48335 6
-1.25809 -3.65748 0

0.643828 -3.5923 0
0.927708 -3.40986 6
0.927456 -3.79477 0

1.79701 3.75085 0
1.50137 3.56713 0
1.5365 3.94526 0

-3.56427 0.0402145 7
-3.57245 -0.317168 6
-3.86317 -0.211701 6

3.60614 -1.083 6
3.88896 -0.927579 6
3.85888 -1.35157 6

1.44045 3.20013 6
1.1921 3.38958 6
1.50137 3.56713 0

-3.97417 -0.927579 0
-3.75117 -1.16843 6
-4.00426 -1.35157 0

-2.60836 -2.72155 6
-2.22252 -2.7084 7
-2.47103 -2.98093 5

3.46343 0.580698 6
3.50139 0.907328 7
3.80996 0.750504 6

-1.2565 3.65626 0
-1.52867 3.8447 0
-1.2433 4.01565 0

-0.619256 3.8373 0
-0.616565 3.5106 0
-0.944498 3.83295 0

-3.57245 -0.317168 6
-3.44728 -0.604516 6
-3.85308 -0.566608 7

0.640933 -3.95391 0
0.927456 -3.79477 0
1.17874 -4.00732 0

3.50139 0.907328 7
3.35893 1.19424 5
3.66825 1.28772 6

-2.86886 3.20612 6
-2.75682 2.82428 7
-3.15141 3.03058 7

-2.47103 -2.98093 5
-2.57538 -3.26583 6
-2.87235 -3.05562 7

2.87379 2.00798 6
3.00776 2.309 6
3.27986 2.17093 5

2.3484 2.99269 6
2.37521 3.36228 6
2.64121 3.19114 6

-1.25809 -3.65748 0
-0.941346 -3.8108 0
-1.51981 -3.85663 0

-0.294167 -3.9563 0
0.0300327 -3.85007 0
0.640933 -3.95391 0

-0.941346 -3.8108 0
-0.619267 -3.8055 0
-0.294167 -3.9563 0

-2.08554 2.9615 5
-2.36008 2.8018 7
-2.23602 3.2353 7

-0.616565 3.5106 0
-0.939676 3.50093 0
-0.944498 3.83295 0

-3.35763 -1.03421 6
-3.47721 -1.30955 6
-3.75117 -1.16843 6

-1.93357 -3.48844 6
-1.84246 -3.782 0
-2.23602 -3.74898 0

3.53073 -1.40925 6
3.85888 -1.35157 6
3.77399 -1.6716 6

-0.619256 3.8373 0
-0.944498 3.83295 0
-1.2433 4.01565 0

-3.05041 2.74299 4
-2.93498 2.43938 7
-3.32773 2.60272 6

3.27986 2.17093 5
3.34602 2.51755 7
3.6085 2.23156 7

2.68567 2.82902 6
2.64121 3.19114 6
2.93455 3.04914 6

-1.93357 3.49585 0
-2.25583 3.56581 0
-2.1725 3.86514 0

-2.71943 -2.36231 7
-2.9008 -2.67366 5
-3.13334 -2.46963 7

3.00776 2.309 6
2.68721 2.50523 6
3.0085 2.62691 6

-2.36008 2.8018 7
-2.60121 2.53217 5
-2.75682 2.82428 7

-2.56992 -3.92866 0
-0.294167 -3.9563 0
-3.15141 -3.9537 0

0.640315 3.75227 0
0.344669 3.93608 0
0.94946 3.92877 0

-1.58011 3.48634 7
-1.84246 3.20229 6
-1.93357 3.49585 0

0.339661 3.58698 0
0.0313449 3.79289 0
0.344669 3.93608 0

-3.75117 -1.16843 6
-3.70185 -1.5522 7
-4.00426 -1.35157 0

1.1921 3.38958 6
0.927708 3.57442 0
1.2348 3.75598 0

-2.60836 -2.72155 6
-2.47103 -2.98093 5
-2.87235 -3.05562 7

-0.295657 -3.63479 0
0.0300327 -3.85007 0
-0.294167 -3.9563 0

-2.23602 3.2353 7
-2.36008 2.8018 7
-2.56992 3.05562 5

-3.3555 -1.64378 5
-3.4847 -1.93503 7
-3.70185 -1.5522 7

-1.58011 -3.49795 0
-1.51981 -3.85663 0
-1.84246 -3.782 0

3.47864 -1.83337 6
3.77399 -1.6716 6
3.79351 -2.03726 6

-3.80143 -1.84729 5
-3.4847 -1.93503 7
-3.72829 -2.18739 6

-2.9301 -2.14921 5
-2.71943 -2.36231 7
-3.13334 -2.46963 7

1.77185 -3.60598 0
2.06137 -3.44701 6
2.0796 -3.79467 0

-3.51812 1.48997 6
-3.81048 1.3314 7
-3.835 1.6746 6

2.57136 -3.05562 6
2.89092 -2.84946 6
2.91678 -3.17303 6

1.79701 -3.23343 6
2.06137 -3.44701 6
1.77185 -3.60598 0

3.66825 1.28772 6
3.72926 1.59697 5
4.05266 1.3314 0

1.2348 3.75598 0
0.94946 3.92877 0
1.5365 3.94526 0

0.344669 3.93608 0
-0.282156 3.99275 0
0.94946 3.92877 0

-3.58102 2.18731 6
-3.55799 1.84017 6
-3.88664 2.01719 6

-2.96113 2.11161 6
-3.26584 1.95965 6
-3.26929 2.29746 6

4.12614 0.605207 0
3.80996 0.750504 6
4.16857 0.943763 0

-0.941346 -3.8108 0
-0.294167 -3.9563 0
-1.51981 -3.85663 0

3.85888 -1.35157 6
3.88896 -0.927579 6
4.11197 -1.16843 0

0.0313449 3.79289 0
-0.29498 3.67246 0
-0.282156 3.99275 0

2.91258 -2.18514 6
3.17622 -2.00798 6
3.22907 -2.3648 6

3.0085 2.62691 6
2.93455 3.04914 6
3.17622 2.88102 6

-2.25583 3.56581 0
-2.23602 3.2353 7
-2.55551 3.38161 6

-2.55551 3.38161 6
-2.56992 3.05562 5
-2.86886 3.20612 6

0.344507 -3.74319 0
0.643828 -3.5923 0
0.640933 -3.95391 0

2.33692 -3.27375 6
2.65873 -3.39785 6
2.37521 -3.62201 0

3.70015 -0.381292 6
3.57906 -0.0851438 5
3.99996 -0.211701 0

1.17874 -4.00732 0
1.44045 -3.78415 0
1.7157 -3.93986 0

-3.26584 1.95965 6
-3.22105 1.62632 6
-3.55799 1.84017 6

3.99996 -0.211701 0
4.29886 0.0402145 0
4.29069 -0.317168 0

3.80996 0.750504 6
3.50139 0.907328 7
3.86644 1.05529 5

-2.75682 2.82428 7
-2.93498 2.43938 7
-3.05041 2.74299 4

-3.77964 0.261911 5
-3.56427 0.0402145 7
-4.01028 0.0695142 0

-3.47721 -1.30955 6
-3.3555 -1.64378 5
-3.70185 -1.5522 7

3.53073 -1.40925 6
3.60614 -1.083 6
3.85888 -1.35157 6

0.927456 -3.79477 0
1.1921 -3.59471 0
1.17874 -4.00732 0

1.79701 -3.23343 6
2.07892 -3.05812 6
2.06137 -3.44701 6

-3.69456 0.943763 6
-4.05318 0.750504 0
-3.99669 1.05529 0

1.50137 -3.41715 6
1.79701 -3.23343 6
1.77185 -3.60598 0

2.07892 -3.05812 6
2.3483 -2.84964 5
2.33692 -3.27375 6

-4.01028 0.0695142 0
-4.28408 -0.0851438 0
-4.34594 0.239342 0

0.927708 3.57442 0
0.640315 3.75227 0
0.94946 3.92877 0

-3.85308 -0.566608 7
-3.64672 -0.840537 5
-3.97417 -0.927579 0

4.29886 0.0402145 0
4.0835 0.261911 0
4.4152 0.425497 0

2.57136 3.92866 0
1.5365 3.94526 0
3.22234 3.93857 0

1.1921 -3.59471 0
1.50137 -3.41715 6
1.44045 -3.78415 0

3.66244 -0.70522 6
3.70015 -0.381292 6
4.01006 -0.566608 0

3.2187 -2.71112 6
3.22907 -2.3648 6
3.52409 -2.54337 6

3.78107 0.436518 6
3.80996 0.750504 6
4.12614 0.605207 0

3.72926 1.59697 5
3.39516 1.55367 7
3.6711 1.91424 6

2.64121 3.19114 6
2.65873 3.58643 0
2.91923 3.4007 6

-3.4847 -1.93503 7
-3.23358 -2.10576 5
-3.4378 -2.36659 6

2.60272 -2.66261 7
2.91581 -2.51289 6
2.89092 -2.84946 6

-3.81048 1.3314 7
-4.19489 1.28772 0
-4.13388 1.59697 0

-2.1725 -3.11915 7
-2.25583 -3.41847 5
-2.57538 -3.26583 6

3.17622 -2.00798 6
3.47864 -1.83337 6
3.50185 -2.18396 6

4.05266 1.3314 0
3.72926 1.59697 5
4.02814 1.6746 0

3.85286 0.0695142 6
3.78107 0.436518 6
4.0835 0.261911 0

-4.05318 0.750504 0
-4.3997 0.580698 0
-4.36175 0.907328 0

-3.32773 2.60272 6
-3.26929 2.29746 6
-3.65052 2.53 6

2.0796 3.18961 6
1.77185 3.3783 6
2.06137 3.53727 0

-4.16299 -0.381292 0
-4.2007 -0.70522 0
-4.28408 -0.0851438 0

1.7157 -3.93986 0
1.77185 -3.60598 0
2.0796 -3.79467 0

-3.05041 2.74299 4
-3.32773 2.60272 6
-3.15141 3.03058 7

-1.2565 3.65626 0
-1.58011 3.48634 7
-1.52867 3.8447 0

-3.73699 0.605207 6
-4.08206 0.436518 0
-4.05318 0.750504 0

2.3484 2.99269 6
2.0796 3.18961 6
2.37521 3.36228 6

4.4152 0.425497 0
4.12614 0.605207 0
4.45357 0.757626 0

1.77185 3.3783 6
1.50137 3.56713 0
1.79701 3.75085 0

-3.69456 0.943763 6
-3.73699 0.605207 6
-4.05318 0.750504 0

-1.58011 -3.49795 0
-1.25809 -3.65748 0
-1.51981 -3.85663 0

2.91581 -2.51289 6
3.22907 -2.3648 6
3.2187 -2.71112 6

3.85888 -1.35157 6
4.11197 -1.16843 0
4.16129 -1.5522 0

3.47864 -1.83337 6
3.53073 -1.40925 6
3.77399 -1.6716 6

2.37521 3.36228 6
2.06137 3.53727 0
2.33692 3.71053 0

-3.81048 1.3314 7
-3.69456 0.943763 6
-3.99669 1.05529 0

-4.2007 -0.70522 0
-3.97417 -0.927579 0
-4.257 -1.083 0

3.86644 1.05529 5
4.05266 1.3314 0
4.16857 0.943763 0

1.50137 3.56713 0
1.2348 3.75598 0
1.5365 3.94526 0

-2.25583 -3.41847 5
-2.23602 -3.74898 0
-2.55551 -3.60267 0

3.39516 1.55367 7
3.34256 1.87624 6
3.6711 1.91424 6

2.68567 2.82902 6
2.3484 2.99269 6
2.64121 3.19114 6

2.33692 3.71053 0
2.06137 3.53727 0
2.07892 3.92616 0

-4.19489 1.28772 0
-3.99669 1.05529 0
-4.36175 0.907328 0

-2.23602 -3.74898 0
-1.84246 -3.782 0
-2.56992 -3.92866 0

-3.4378 -2.36659 6
-3.47721 -2.70641 6
-3.75181 -2.5273 6

-0.944498 3.83295 0
-1.2565 3.65626 0
-1.2433 4.01565 0

-2.47103 -2.98093 5
-2.1725 -3.11915 7
-2.57538 -3.26583 6

3.77399 -1.6716 6
4.16129 -1.5522 0
4.0617 -1.84729 0

3.52409 -2.54337 6
3.50185 -2.18396 6
3.81853 -2.37395 6

4.02814 1.6746 0
3.6711 1.91424 6
3.9765 2.01719 0

1.79701 3.75085 0
1.5365 3.94526 0
2.07892 3.92616 0

-3.13334 -2.46963 7
-3.1604 -2.85733 6
-3.47721 -2.70641 6

-2.9008 -2.67366 5
-2.87235 -3.05562 7
-3.1604 -2.85733 6

-0.294167 -3.9563 0
0.640933 -3.95391 0
1.17874 -4.00732 0

-3.70185 -1.5522 7
-3.80143 -1.84729 5
-4.08914 -1.6716 0

-3.86317 -0.211701 6
-3.85308 -0.566608 7
-4.16299 -0.381292 0

-3.55799 1.84017 6
-3.51812 1.48997 6
-3.835 1.6746 6

4.11197 -1.16843 0
3.88896 -0.927579 6
4.21641 -0.840537 0

3.27986 2.17093 5
3.00776 2.309 6
3.34602 2.51755 7

-4.08206 0.436518 0
-4.01028 0.0695142 0
-4.34594 0.239342 0

-2.25583 -3.41847 5
-1.93357 -3.48844 6
-2.23602 -3.74898 0

-3.26929 2.29746 6
-3.26584 1.95965 6
-3.58102 2.18731 6

-2.75682 2.82428 7
-3.05041 2.74299 4
-3.15141 3.03058 7

-2.23602 3.2353 7
-2.56992 3.05562 5
-2.55551 3.38161 6

-1.2433 4.01565 0
-1.52867 3.8447 0
-1.82483 3.79838 0

-2.57538 -3.26583 6
-2.25583 -3.41847 5
-2.55551 -3.60267 0

-1.93357 -3.48844 6
-1.58011 -3.49795 0
-1.84246 -3.782 0

2.91678 -3.17303 6
2.89092 -2.84946 6
3.22234 -3.04572 6

-2.57538 3.71846 0
-2.55551 3.38161 6
-2.86667 3.57324 0

-2.1725 3.86514 0
-2.25583 3.56581 0
-2.57538 3.71846 0

-1.58011 3.48634 7
-1.93357 3.49585 0
-1.82483 3.79838 0

-1.93357 3.49585 0
-2.23602 3.2353 7
-2.25583 3.56581 0

3.70569 2.54553 5
3.34602 2.51755 7
3.54102 2.80223 6

-2.93498 2.43938 7
-3.26929 2.29746 6
-3.32773 2.60272 6

4.39566 1.16397 0
4.05266 1.3314 0
4.34502 1.48997 0

-4.08914 -1.6716 0
-3.80143 -1.84729 5
-4.06963 -2.03726 0

-4.08206 0.436518 0
-4.34594 0.239342 0
-4.3997 0.580698 0

-3.70185 -1.5522 7
-3.4847 -1.93503 7
-3.80143 -1.84729 5

3.17622 -3.40484 6
3.22234 -3.04572 6
3.50055 -3.24633 6

3.0085 2.62691 6
2.68567 2.82902 6
2.93455 3.04914 6

-2.56992 3.05562 5
-2.75682 2.82428 7
-2.86886 3.20612 6

0.94946 3.92877 0
-0.282156 3.99275 0
1.5365 3.94526 0

-3.97417 -0.927579 0
-4.00426 -1.35157 0
-4.257 -1.083 0

-1.2433 4.01565 0
-1.82483 3.79838 0
-2.1725 3.86514 0

-4.01028 0.0695142 0
-3.86317 -0.211701 6
-4.28408 -0.0851438 0

3.34256 1.87624 6
3.27986 2.17093 5
3.6085 2.23156 7

3.6085 2.23156 7
3.70569 2.54553 5
3.9531 2.34067 0

-3.85308 -0.566608 7
-3.97417 -0.927579 0
-4.2007 -0.70522 0

-2.57538 -3.26583 6
-2.55551 -3.60267 0
-2.86667 -3.41104 6

-3.13334 -2.46963 7
-2.9008 -2.67366 5
-3.1604 -2.85733 6

3.22234 -3.04572 6
3.2187 -2.71112 6
3.53199 -2.89658 6

3.86644 1.05529 5
3.66825 1.28772 6
4.05266 1.3314 0

2.93455 3.04914 6
2.91923 3.4007 6
3.23658 3.25042 6

3.34602 2.51755 7
3.0085 2.62691 6
3.17622 2.88102 6

3.80996 0.750504 6
3.86644 1.05529 5
4.16857 0.943763 0

2.0796 -3.79467 0
2.06137 -3.44701 6
2.37521 -3.62201 0

4.01006 -0.566608 0
4.29069 -0.317168 0
4.41586 -0.604516 0

-3.835 1.6746 6
-4.13388 1.59697 0
-4.19204 1.91424 0

-4.00426 -1.35157 0
-4.08914 -1.6716 0
-4.33241 -1.40925 0

4.45357 0.757626 0
4.16857 0.943763 0
4.39566 1.16397 0

-1.82483 3.79838 0
-1.93357 3.49585 0
-2.1725 3.86514 0

-3.32773 2.60272 6
-3.65052 2.53 6
-3.5116 2.85941 6

1.44045 -3.78415 0
1.77185 -3.60598 0
1.7157 -3.93986 0

3.99996 -0.211701 0
3.85286 0.0695142 6
4.29886 0.0402145 0

3.72926 1.59697 5
3.6711 1.91424 6
4.02814 1.6746 0

4.16129 -1.5522 0
4.11197 -1.16843 0
4.38593 -1.30955 0

3.88896 -0.927579 6
4.01006 -0.566608 0
4.21641 -0.840537 0

4.01006 -0.566608 0
3.99996 -0.211701 0
4.29069 -0.317168 0

-2.86667 3.57324 0
-2.86886 3.20612 6
-3.15046 3.40329 6

3.53199 -2.89658 6
3.52409 -2.54337 6
3.81191 -2.74119 6

4.0835 0.261911 0
4.12614 0.605207 0
4.4152 0.425497 0

-3.4847 -1.93503 7
-3.4378 -2.36659 6
-3.72829 -2.18739 6

3.50185 -2.18396 6
3.47864 -1.83337 6
3.79351 -2.03726 6

4.29069 -0.317168 0
4.29886 0.0402145 0
4.41586 -0.604516 0

2.57136 -3.05562 6
2.91678 -3.17303 6
2.65873 -3.39785 6

2.33692 -3.27375 6
2.57136 -3.05562 6
2.65873 -3.39785 6

2.91923 -3.58358 0
2.91678 -3.17303 6
3.17622 -3.40484 6

2.37521 -3.62201 0
2.65873 -3.39785 6
2.64121 -3.79315 0

-3.4378 -2.36659 6
-3.13334 -2.46963 7
-3.47721 -2.70641 6

-2.55551 -3.60267 0
-2.23602 -3.74898 0
-2.56992 -3.92866 0

3.81853 -2.37395 6
3.79351 -2.03726 6
4.13485 -2.18739 0

2.06137 -3.44701 6
2.33692 -3.27375 6
2.37521 -3.62201 0

-3.17478 -3.23023 6
-3.15046 -3.581 0
-3.45193 -3.37918 6

-4.28408 -0.0851438 0
-4.257 -1.083 0
-4.33241 -1.40925 0

3.22907 -2.3648 6
3.50185 -2.18396 6
3.52409 -2.54337 6

-3.55799 1.84017 6
-3.835 1.6746 6
-3.88664 2.01719 6

-4.06963 -2.03726 0
-3.72829 -2.18739 6
-4.0446 -2.37395 0

4.29886 0.0402145 0
4.4152 0.425497 0
4.41586 -0.604516 0

2.65873 3.58643 0
2.33692 3.71053 0
2.57136 3.92866 0

-4.3997 0.580698 0
-4.34594 0.239342 0
-4.33241 -1.40925 0

-1.84246 -3.782 0
-1.51981 -3.85663 0
-2.56992 -3.92866 0

-3.15046 3.40329 6
-3.15141 3.03058 7
-3.41955 3.20225 6

2.37521 3.36228 6
2.33692 3.71053 0
2.65873 3.58643 0

-3.65052 2.53 6
-3.58102 2.18731 6
-3.91004 2.34067 6

-4.34594 0.239342 0
-4.28408 -0.0851438 0
-4.33241 -1.40925 0

2.37521 -3.62201 0
2.64121 -3.79315 0
2.3484 -3.99159 0

2.06137 3.53727 0
1.79701 3.75085 0
2.07892 3.92616 0

-3.88664 2.01719 6
-4.19204 1.91424 0
-4.25463 2.23156 0

-3.81048 1.3314 7
-3.99669 1.05529 0
-4.19489 1.28772 0

-4.28408 -0.0851438 0
-4.2007 -0.70522 0
-4.257 -1.083 0

2.89092 -2.84946 6
3.2187 -2.71112 6
3.22234 -3.04572 6

-3.1604 -2.85733 6
-3.17478 -3.23023 6
-3.4568 -3.03448 6

-3.47721 -2.70641 6
-3.4568 -3.03448 6
-3.77964 -2.88102 6

-4.32212 2.80223 0
-4.36175 0.907328 0
-4.35444 3.10488 0

-2.87235 -3.05562 7
-2.86667 -3.41104 6
-3.17478 -3.23023 6

-3.835 1.6746 6
-3.81048 1.3314 7
-4.13388 1.59697 0

-4.00426 -1.35157 0
-3.70185 -1.5522 7
-4.08914 -1.6716 0

-4.13388 1.59697 0
-4.19489 1.28772 0
-4.19204 1.91424 0

-4.19489 1.28772 0
-4.36175 0.907328 0
-4.19204 1.91424 0

3.2187 -2.71112 6
3.52409 -2.54337 6
3.53199 -2.89658 6

-2.86667 -3.41104 6
-2.86886 -3.77816 0
-3.15046 -3.581 0

4.34502 1.48997 0
4.02814 1.6746 0
4.30515 1.84017 0

3.77399 -1.6716 6
3.85888 -1.35157 6
4.16129 -1.5522 0

2.07892 3.92616 0
1.5365 3.94526 0
2.57136 3.92866 0

-4.33241 -1.40925 0
-4.08914 -1.6716 0
-4.38449 -1.83337 0

-4.05318 0.750504 0
-4.08206 0.436518 0
-4.3997 0.580698 0

4.21641 -0.840537 0
4.01006 -0.566608 0
4.41586 -0.604516 0

4.37843 -1.93503 0
4.38593 -1.30955 0
4.42533 -2.36659 0

3.23658 3.25042 6
2.91923 3.4007 6
3.17622 3.57944 0

-3.26929 2.29746 6
-3.58102 2.18731 6
-3.65052 2.53 6

4.30515 1.84017 0
3.9765 2.01719 0
4.28212 2.18731 0

3.6711 1.91424 6
3.6085 2.23156 7
3.9765 2.01719 0

-3.65052 2.53 6
-3.91004 2.34067 6
-3.90698 2.75891 7

-3.99669 1.05529 0
-4.05318 0.750504 0
-4.36175 0.907328 0

-2.87235 -3.05562 7
-2.57538 -3.26583 6
-2.86667 -3.41104 6

4.21641 -0.840537 0
4.41586 -0.604516 0
4.38593 -1.30955 0

4.16129 -1.5522 0
4.38593 -1.30955 0
4.37843 -1.93503 0

3.17622 2.88102 6
2.93455 3.04914 6
3.23658 3.25042 6

3.17622 2.88102 6
3.23658 3.25042 6
3.50869 3.10488 5

4.05266 1.3314 0
4.02814 1.6746 0
4.34502 1.48997 0

3.50185 -2.18396 6
3.79351 -2.03726 6
3.81853 -2.37395 6

3.79351 -2.03726 6
3.77399 -1.6716 6
4.0617 -1.84729 0

2.64121 3.19114 6
2.37521 3.36228 6
2.65873 3.58643 0

-2.25583 3.56581 0
-2.55551 3.38161 6
-2.57538 3.71846 0

-2.47103 4.00336 0
-2.57538 3.71846 0
-2.87235 3.92866 0

2.93455 3.04914 6
2.64121 3.19114 6
2.91923 3.4007 6

3.34602 2.51755 7
3.17622 2.88102 6
3.54102 2.80223 6

3.6085 2.23156 7
3.34602 2.51755 7
3.70569 2.54553 5

-3.47721 -2.70641 6
-3.1604 -2.85733 6
-3.4568 -3.03448 6

3.81191 -2.74119 6
3.81853 -2.37395 6
4.11132 -2.5273 0

4.41586 -0.604516 0
4.4152 0.425497 0
4.45357 0.757626 0

3.22234 3.93857 0
-0.282156 3.99275 0
4.40634 3.9498 0

-4.19204 1.91424 0
-4.36175 0.907328 0
-4.25463 2.23156 0

4.12614 0.605207 0
4.16857 0.943763 0
4.45357 0.757626 0

-2.1725 3.86514 0
-2.57538 3.71846 0
-2.47103 4.00336 0

2.64121 -3.79315 0
2.65873 -3.39785 6
2.91923 -3.58358 0

-3.72829 -2.18739 6
-3.4378 -2.36659 6
-3.75181 -2.5273 6

1.7157 -3.93986 0
2.0796 -3.79467 0
2.3484 -3.99159 0

4.16857 0.943763 0
4.05266 1.3314 0
4.39566 1.16397 0

-3.15141 3.03058 7
-3.32773 2.60272 6
-3.5116 2.85941 6

-3.75181 -2.5273 6
-3.77964 -2.88102 6
-4.05122 -2.74119 0

-3.1604 -2.85733 6
-2.87235 -3.05562 7
-3.17478 -3.23023 6

4.34502 1.48997 0
4.30515 1.84017 0
4.44358 3.20225 0

3.54102 2.80223 6
3.17622 2.88102 6
3.50869 3.10488 5

-4.38449 -1.83337 0
-4.06963 -2.03726 0
-4.36129 -2.18396 0

-3.80143 -1.84729 5
-3.72829 -2.18739 6
-4.06963 -2.03726 0

3.52409 -2.54337 6
3.81853 -2.37395 6
3.81191 -2.74119 6

-4.257 -1.083 0
-4.00426 -1.35157 0
-4.33241 -1.40925 0

-3.5116 2.85941 6
-3.90698 2.75891 7
-3.74903 3.07036 6

-3.58102 2.18731 6
-3.88664 2.01719 6
-3.91004 2.34067 6

4.0617 -1.84729 0
4.16129 -1.5522 0
4.37843 -1.93503 0

4.11197 -1.16843 0
4.21641 -0.840537 0
4.38593 -1.30955 0

3.79351 -2.03726 6
4.0617 -1.84729 0
4.13485 -2.18739 0

-4.25463 2.23156 0
-4.36175 0.907328 0
-4.32212 2.80223 0

-3.91004 2.34067 6
-4.25463 2.23156 0
-4.15745 2.54553 0

-2.55551 3.38161 6
-2.86886 3.20612 6
-2.86667 3.57324 0

4.30515 1.84017 0
4.28212 2.18731 0
4.35153 2.85941 0

3.23658 3.25042 6
3.17622 3.57944 0
3.55774 3.43782 6

-2.55551 -3.60267 0
-2.56992 -3.92866 0
-2.86886 -3.77816 0

3.9531 2.34067 0
3.70569 2.54553 5
3.95616 2.75891 0

3.9765 2.01719 0
3.6085 2.23156 7
3.9531 2.34067 0

3.79915 -3.14006 6
3.81191 -2.74119 6
4.0835 -2.88102 0

-2.87235 3.92866 0
-2.86667 3.57324 0
-3.17478 3.75405 0

3.50055 -3.24633 6
3.53199 -2.89658 6
3.79915 -3.14006 6

2.3484 -3.99159 0
2.64121 -3.79315 0
2.93455 -3.93514 0

-3.88664 2.01719 6
-3.835 1.6746 6
-4.19204 1.91424 0

1.17874 -4.00732 0
1.7157 -3.93986 0
2.3484 -3.99159 0

2.91678 -3.17303 6
3.22234 -3.04572 6
3.17622 -3.40484 6

2.65873 -3.39785 6
2.91678 -3.17303 6
2.91923 -3.58358 0

3.9531 2.34067 0
3.95616 2.75891 0
4.21262 2.53 0

4.02814 1.6746 0
3.9765 2.01719 0
4.30515 1.84017 0

2.0796 -3.79467 0
2.37521 -3.62201 0
2.3484 -3.99159 0

-2.86886 3.20612 6
-3.15141 3.03058 7
-3.15046 3.40329 6

-3.72829 -2.18739 6
-3.75181 -2.5273 6
-4.0446 -2.37395 0

-3.15046 -3.581 0
-2.86886 -3.77816 0
-3.15141 -3.9537 0

3.23658 -3.73387 0
3.17622 -3.40484 6
3.55774 -3.54646 0

4.13485 -2.18739 0
4.0617 -1.84729 0
4.37843 -1.93503 0

-3.15141 3.03058 7
-3.5116 2.85941 6
-3.41955 3.20225 6

4.45357 0.757626 0
4.39566 1.16397 0
4.44358 3.20225 0

3.95616 2.75891 0
3.54102 2.80223 6
3.81257 3.09042 6

-2.57538 3.71846 0
-2.86667 3.57324 0
-2.87235 3.92866 0

-3.4568 -3.03448 6
-3.45193 -3.37918 6
-3.77964 -3.23023 6

3.9765 2.01719 0
3.9531 2.34067 0
4.28212 2.18731 0

2.33692 3.71053 0
2.07892 3.92616 0
2.57136 3.92866 0

-2.86667 -3.41104 6
-2.55551 -3.60267 0
-2.86886 -3.77816 0

-4.3997 0.580698 0
-4.33241 -1.40925 0
-4.38449 -1.83337 0

-1.51981 -3.85663 0
-0.294167 -3.9563 0
-2.56992 -3.92866 0

-4.06963 -2.03726 0
-4.0446 -2.37395 0
-4.36129 -2.18396 0

2.65873 3.58643 0
2.57136 3.92866 0
2.91678 3.81125 0

2.64121 -3.79315 0
2.91923 -3.58358 0
2.93455 -3.93514 0

3.17622 3.57944 0
2.91923 3.4007 6
2.91678 3.81125 0

-3.45193 3.6051 0
-3.41955 3.20225 6
-3.6891 3.40108 5

-1.2433 4.01565 0
-2.1725 3.86514 0
-2.47103 4.00336 0

-0.294167 -3.9563 0
1.17874 -4.00732 0
-3.15141 -3.9537 0

-4.0446 -2.37395 0
-4.05122 -2.74119 0
-4.33904 -2.54337 0

3.22234 -3.04572 6
3.53199 -2.89658 6
3.50055 -3.24633 6

-3.77964 -2.88102 6
-3.77964 -3.23023 6
-4.06399 -3.14006 0

-4.08914 -1.6716 0
-4.06963 -2.03726 0
-4.38449 -1.83337 0

-3.75181 -2.5273 6
-3.47721 -2.70641 6
-3.77964 -2.88102 6

4.41586 -0.604516 0
4.45357 0.757626 0
4.42533 -2.36659 0

-3.17478 -3.23023 6
-2.86667 -3.41104 6
-3.15046 -3.581 0

3.50869 3.10488 5
3.23658 3.25042 6
3.55774 3.43782 6

3.17622 3.57944 0
3.22234 3.93857 0
3.50055 3.73795 0

2.3484 -3.99159 0
2.93455 -3.93514 0
4.11411 -3.91392 0

-3.5116 2.85941 6
-3.65052 2.53 6
-3.90698 2.75891 7

3.81257 3.09042 6
3.50869 3.10488 5
3.55774 3.43782 6

2.91678 3.81125 0
2.57136 3.92866 0
3.22234 3.93857 0

2.93455 -3.93514 0
3.50869 -3.8794 0
3.81257 -3.89386 0

4.11132 -2.5273 0
4.13485 -2.18739 0
4.42533 -2.36659 0

2.91923 3.4007 6
2.65873 3.58643 0
2.91678 3.81125 0

-4.05057 3.09042 0
-3.90698 2.75891 7
-4.32212 2.80223 0

-3.91004 2.34067 6
-3.88664 2.01719 6
-4.25463 2.23156 0

-3.74903 3.07036 6
-4.05057 3.09042 0
-3.99628 3.45738 0

3.95616 2.75891 0
4.11411 3.07036 0
4.35153 2.85941 0

4.39566 1.16397 0
4.34502 1.48997 0
4.44358 3.20225 0

3.70569 2.54553 5
3.54102 2.80223 6
3.95616 2.75891 0

3.81853 -2.37395 6
4.13485 -2.18739 0
4.11132 -2.5273 0

-3.4568 -3.03448 6
-3.17478 -3.23023 6
-3.45193 -3.37918 6

4.38593 -1.30955 0
4.41586 -0.604516 0
4.42533 -2.36659 0

-3.45193 -3.37918 6
-3.41955 -3.78203 0
-3.6891 -3.58321 0

3.54102 2.80223 6
3.50869 3.10488 5
3.81257 3.09042 6

-3.41955 3.20225 6
-3.5116 2.85941 6
-3.74903 3.07036 6

-4.05122 -2.74119 0
-4.06399 -3.14006 0
-4.33114 -2.89658 0

-3.17478 3.75405 0
-3.15046 3.40329 6
-3.45193 3.6051 0

-3.90698 2.75891 7
-3.91004 2.34067 6
-4.15745 2.54553 0

3.55774 -3.54646 0
3.50055 -3.24633 6
3.86686 -3.5269 0

-4.33904 -2.54337 0
-4.33114 -2.89658 0
-4.36259 -3.24633 0

3.53199 -2.89658 6
3.81191 -2.74119 6
3.79915 -3.14006 6

-4.0446 -2.37395 0
-3.75181 -2.5273 6
-4.05122 -2.74119 0

3.55774 3.43782 6
3.50055 3.73795 0
3.86686 3.45738 7

-2.86667 3.57324 0
-3.15046 3.40329 6
-3.17478 3.75405 0

4.30515 1.84017 0
4.35153 2.85941 0
4.44358 3.20225 0

3.79915 -3.14006 6
4.0835 -3.23023 0
3.86686 -3.5269 0

2.93455 -3.93514 0
2.91923 -3.58358 0
3.23658 -3.73387 0

4.28212 2.18731 0
3.9531 2.34067 0
4.21262 2.53 0

-3.15046 3.40329 6
-3.41955 3.20225 6
-3.45193 3.6051 0

-2.87235 3.92866 0
-3.17478 3.75405 0
-3.4568 3.9498 0

-4.36129 -2.18396 0
-4.0446 -2.37395 0
-4.33904 -2.54337 0

-3.77964 -2.88102 6
-3.4568 -3.03448 6
-3.77964 -3.23023 6

4.11132 -2.5273 0
4.42533 -2.36659 0
4.38593 -2.70641 0

3.55774 -3.54646 0
3.86686 -3.5269 0
3.81257 -3.89386 0

2.91923 -3.58358 0
3.17622 -3.40484 6
3.23658 -3.73387 0

4.28212 2.18731 0
4.21262 2.53 0
4.35153 2.85941 0

1.5365 3.94526 0
-0.282156 3.99275 0
3.22234 3.93857 0

-3.17478 3.75405 0
-3.45193 3.6051 0
-3.4568 3.9498 0

-2.86886 -3.77816 0
-2.56992 -3.92866 0
-3.15141 -3.9537 0

3.17622 3.57944 0
2.91678 3.81125 0
3.22234 3.93857 0

-3.74903 3.07036 6
-3.90698 2.75891 7
-4.05057 3.09042 0

3.23658 -3.73387 0
3.55774 -3.54646 0
3.50869 -3.8794 0

3.81191 -2.74119 6
4.11132 -2.5273 0
4.0835 -2.88102 0

-2.47103 4.00336 0
-2.87235 3.92866 0
-3.4568 3.9498 0

-3.41955 3.20225 6
-3.74903 3.07036 6
-3.6891 3.40108 5

4.0835 -3.23023 0
4.0835 -2.88102 0
4.40634 -3.03448 0

4.13485 -2.18739 0
4.37843 -1.93503 0
4.42533 -2.36659 0

-3.77964 -3.23023 6
-3.6891 -3.58321 0
-3.99628 -3.5269 0

3.17622 -3.40484 6
3.50055 -3.24633 6
3.55774 -3.54646 0

-4.33904 -2.54337 0
-4.05122 -2.74119 0
-4.33114 -2.89658 0

-4.36129 -2.18396 0
-4.33904 -2.54337 0
-4.36259 -3.24633 0

-3.15046 -3.581 0
-3.15141 -3.9537 0
-3.41955 -3.78203 0

3.81257 3.09042 6
3.55774 3.43782 6
3.86686 3.45738 7

3.95616 2.75891 0
3.81257 3.09042 6
4.11411 3.07036 0

4.38593 -2.70641 0
4.42533 -2.36659 0
4.40634 -3.03448 0

-3.6891 3.40108 5
-3.74903 3.07036 6
-3.99628 3.45738 0

-4.15745 2.54553 0
-4.25463 2.23156 0
-4.32212 2.80223 0

-3.45193 -3.37918 6
-3.15046 -3.581 0
-3.41955 -3.78203 0

-4.05057 -3.89386 0
-3.74903 -3.91392 0
-4.35444 -3.8794 0

3.55774 3.43782 6
3.17622 3.57944 0
3.50055 3.73795 0

-3.77964 3.75405 0
-3.99628 3.45738 0
-4.06399 3.84422 0

-4.06399 -3.14006 0
-3.99628 -3.5269 0
-4.36259 -3.24633 0

4.11411 3.07036 0
3.81257 3.09042 6
3.86686 3.45738 7

-4.05122 -2.74119 0
-3.77964 -2.88102 6
-4.06399 -3.14006 0

-3.99628 -3.5269 0
-3.6891 -3.58321 0
-3.74903 -3.91392 0

-3.77964 -3.23023 6
-3.45193 -3.37918 6
-3.6891 -3.58321 0

4.11411 3.07036 0
4.17404 3.40108 0
4.44358 3.20225 0

-4.05057 3.09042 0
-4.35444 3.10488 0
-4.3054 3.43782 0

-3.90698 2.75891 7
-4.15745 2.54553 0
-4.32212 2.80223 0

4.0835 -2.88102 0
4.38593 -2.70641 0
4.40634 -3.03448 0

4.0835 -2.88102 0
4.11132 -2.5273 0
4.38593 -2.70641 0

3.86686 3.45738 7
3.79915 3.84422 0
4.0835 3.75405 0

4.17404 3.40108 0
4.0835 3.75405 0
4.4112 3.6051 0

-4.06399 -3.14006 0
-3.77964 -3.23023 6
-3.99628 -3.5269 0

3.79915 -3.14006 6
4.0835 -2.88102 0
4.0835 -3.23023 0

4.21262 2.53 0
3.95616 2.75891 0
4.35153 2.85941 0

3.50055 3.73795 0
3.22234 3.93857 0
3.79915 3.84422 0

-4.36175 0.907328 0
-4.3997 0.580698 0
-4.35444 3.10488 0

-4.38449 -1.83337 0
-4.36129 -2.18396 0
-4.36259 -3.24633 0

2.93455 -3.93514 0
3.23658 -3.73387 0
3.50869 -3.8794 0

4.17404 -3.58321 0
4.0835 -3.23023 0
4.4112 -3.37918 0

3.50055 -3.24633 6
3.79915 -3.14006 6
3.86686 -3.5269 0

4.17404 3.40108 0
3.86686 3.45738 7
4.0835 3.75405 0

-3.4568 3.9498 0
-3.45193 3.6051 0
-3.77964 3.75405 0

-4.06399 3.84422 0
-3.99628 3.45738 0
-4.36259 3.73795 0

-3.6891 3.40108 5
-3.99628 3.45738 0
-3.77964 3.75405 0

4.11411 3.07036 0
3.86686 3.45738 7
4.17404 3.40108 0

-3.41955 -3.78203 0
-3.15141 -3.9537 0
-3.74903 -3.91392 0

-3.45193 3.6051 0
-3.6891 3.40108 5
-3.77964 3.75405 0

-4.38449 -1.83337 0
-4.36259 -3.24633 0
-4.35444 -3.8794 0

3.86686 -3.5269 0
4.17404 -3.58321 0
4.11411 -3.91392 0

4.4112 -3.37918 0
4.40634 -3.03448 0
4.44358 -3.78203 0

-4.05057 3.09042 0
-4.32212 2.80223 0
-4.35444 3.10488 0

3.50869 -3.8794 0
3.55774 -3.54646 0
3.81257 -3.89386 0

3.79915 3.84422 0
3.22234 3.93857 0
4.40634 3.9498 0

-4.3054 3.43782 0
-4.35444 3.10488 0
-4.36259 3.73795 0

3.86686 3.45738 7
3.50055 3.73795 0
3.79915 3.84422 0

4.11411 -3.91392 0
4.17404 -3.58321 0
4.44358 -3.78203 0

-3.6891 -3.58321 0
-3.41955 -3.78203 0
-3.74903 -3.91392 0

-4.36259 -3.24633 0
-3.99628 -3.5269 0
-4.3054 -3.54646 0

-4.33114 -2.89658 0
-4.06399 -3.14006 0
-4.36259 -3.24633 0

-4.36259 -3.24633 0
-4.3054 -3.54646 0
-4.35444 -3.8794 0

4.42533 -2.36659 0
4.45357 0.757626 0
4.44358 -3.78203 0

2.93455 -3.93514 0
3.81257 -3.89386 0
4.11411 -3.91392 0

4.35153 2.85941 0
4.11411 3.07036 0
4.44358 3.20225 0

-3.99628 3.45738 0
-4.05057 3.09042 0
-4.3054 3.43782 0

-4.3054 -3.54646 0
-3.99628 -3.5269 0
-4.05057 -3.89386 0

3.86686 -3.5269 0
4.0835 -3.23023 0
4.17404 -3.58321 0

-4.3054 -3.54646 0
-4.05057 -3.89386 0
-4.35444 -3.8794 0

-3.4568 3.9498 0
-3.77964 3.75405 0
-4.06399 3.84422 0

4.17404 -3.58321 0
4.4112 -3.37918 0
4.44358 -3.78203 0

4.0835 3.75405 0
3.79915 3.84422 0
4.40634 3.9498 0

3.81257 -3.89386 0
3.86686 -3.5269 0
4.11411 -3.91392 0

4.0835 -3.23023 0
4.40634 -3.03448 0
4.4112 -3.37918 0

-4.35444 3.10488 0
-4.3997 0.580698 0
-4.36259 3.73795 0

-3.99628 -3.5269 0
-3.74903 -3.91392 0
-4.05057 -3.89386 0

4.44358 3.20225 0
4.17404 3.40108 0
4.4112 3.6051 0

4.4112 3.6051 0
4.0835 3.75405 0
4.40634 3.9498 0

-3.99628 3.45738 0
-4.3054 3.43782 0
-4.36259 3.73795 0

-3.74903 -3.91392 0
-3.15141 -3.9537 0
-4.35444 -3.8794 0

4.40634 -3.03448 0
4.42533 -2.36659 0
4.44358 -3.78203 0

-0.282156 3.99275 0
-1.2433 4.01565 0
4.40634 3.9498 0

4.44358 3.20225 0
4.4112 3.6051 0
4.40634 3.9498 0

# 3.93157 -3.93157 3.49214 -3.49214
