# x y adNum
-0.0512001 -0.0712727 6
0.248588 0.137398 6
0.207854 -0.280212 6

-0.0512001 -0.0712727 6
-0.0385003 0.274666 6
0.248588 0.137398 6

-0.0512001 -0.0712727 6
-0.113638 -0.416069 6
-0.399494 -0.247571 6

-0.387488 -0.608224 6
-0.113638 -0.416069 6
-0.0869258 -0.80805 6

-0.0385003 0.274666 6
-0.358858 0.07805 6
-0.331412 0.419285 6

-0.0385003 0.274666 6
-0.0512001 -0.0712727 6
-0.358858 0.07805 6

-0.0512001 -0.0712727 6
0.207854 -0.280212 6
-0.113638 -0.416069 6

0.151933 -0.611125 6
0.207854 -0.280212 6
0.507116 -0.439493 6

0.207854 -0.280212 6
0.248588 0.137398 6
0.454361 -0.0873035 6

0.248588 0.137398 6
0.310352 0.47176 6
0.583138 0.264954 6

-0.331412 0.419285 6
-0.358858 0.07805 6
-0.65178 0.243903 6

-0.358858 0.07805 6
-0.0512001 -0.0712727 6
-0.399494 -0.247571 6

-0.344 0.751212 6
-0.331412 0.419285 6
-0.645757 0.585021 6

0.310352 0.47176 6
-0.0385003 0.274666 6
0.000729338 0.605025 6

0.248588 0.137398 6
-0.0385003 0.274666 6
0.310352 0.47176 6

-0.976823 0.0868657 6
-0.707561 -0.0982901 6
-1.05778 -0.261911 6

-0.113638 -0.416069 6
0.207854 -0.280212 6
0.151933 -0.611125 6

-0.0385003 0.274666 6
-0.331412 0.419285 6
0.000729338 0.605025 6

-0.399494 -0.247571 6
-0.387488 -0.608224 6
-0.699678 -0.423547 6

0.507116 -0.439493 6
0.454361 -0.0873035 6
0.790933 -0.242559 6

0.454361 -0.0873035 6
0.248588 0.137398 6
0.583138 0.264954 6

0.310352 0.47176 6
0.000729338 0.605025 6
0.28961 0.820977 6

0.151933 -0.611125 6
0.535703 -0.755585 6
0.268277 -0.939946 6

0.207854 -0.280212 6
0.454361 -0.0873035 6
0.507116 -0.439493 6

-0.65178 0.243903 6
-0.976823 0.0868657 6
-0.95677 0.424924 6

-0.65178 0.243903 6
-0.358858 0.07805 6
-0.707561 -0.0982901 6

-0.358858 0.07805 6
-0.399494 -0.247571 6
-0.707561 -0.0982901 6

-0.699678 -0.423547 6
-0.387488 -0.608224 6
-0.65633 -0.789455 6

0.535703 -0.755585 6
0.507116 -0.439493 6
0.838739 -0.582344 6

-0.399494 -0.247571 6
-0.113638 -0.416069 6
-0.387488 -0.608224 6

-0.113638 -0.416069 6
0.151933 -0.611125 6
-0.0869258 -0.80805 6

-0.344 0.751212 6
-0.66364 0.931718 6
-0.388986 1.10381 6

0.28961 0.820977 6
0.000729338 0.605025 6
-0.0703131 0.929263 6

-0.707561 -0.0982901 6
-0.399494 -0.247571 6
-0.699678 -0.423547 6

0.583138 0.264954 6
0.604528 0.639018 6
0.880318 0.442886 6

0.000729338 0.605025 6
-0.331412 0.419285 6
-0.344 0.751212 6

0.833006 0.0743288 6
0.583138 0.264954 6
0.880318 0.442886 6

0.790933 -0.242559 6
0.454361 -0.0873035 6
0.833006 0.0743288 6

0.454361 -0.0873035 6
0.583138 0.264954 6
0.833006 0.0743288 6

-1.05778 -0.261911 6
-0.699678 -0.423547 6
-0.95796 -0.61144 6

0.310352 0.47176 6
0.28961 0.820977 6
0.604528 0.639018 6

0.555318 0.993314 6
0.28961 0.820977 6
0.151933 1.13495 6

-0.0703131 0.929263 6
-0.388986 1.10381 6
-0.150495 1.30955 6

-0.331412 0.419285 6
-0.65178 0.243903 6
-0.645757 0.585021 6

0.151933 -0.611125 6
0.507116 -0.439493 6
0.535703 -0.755585 6

0.583138 0.264954 6
0.310352 0.47176 6
0.604528 0.639018 6

-0.354235 -0.979633 6
-0.0869258 -0.80805 6
-0.00831134 -1.14073 6

0.507116 -0.439493 6
0.790933 -0.242559 6
0.838739 -0.582344 6

0.604528 0.639018 6
0.555318 0.993314 6
0.881356 0.812276 6

0.000729338 0.605025 6
-0.344 0.751212 6
-0.0703131 0.929263 6

-0.0869258 -0.80805 6
0.151933 -0.611125 6
0.268277 -0.939946 6

0.582799 -1.10725 6
0.535703 -0.755585 6
0.860559 -0.92355 6

-0.66364 0.931718 6
-0.645757 0.585021 6
-0.957133 0.763137 6

-0.65178 0.243903 6
-0.707561 -0.0982901 6
-0.976823 0.0868657 6

-0.624441 -1.15584 6
-0.354235 -0.979633 6
-0.301813 -1.32373 6

1.13377 -0.0755006 6
0.833006 0.0743288 6
1.1556 0.264325 6

0.790933 -0.242559 6
1.13377 -0.0755006 6
1.12575 -0.406794 6

0.268277 -0.939946 6
0.582799 -1.10725 6
0.301265 -1.29643 6

-0.65633 -0.789455 6
-0.387488 -0.608224 6
-0.354235 -0.979633 6

-0.65633 -0.789455 6
-0.624441 -1.15584 6
-0.931445 -0.974851 6

-0.645757 0.585021 6
-0.65178 0.243903 6
-0.95677 0.424924 6

-0.387488 -0.608224 6
-0.0869258 -0.80805 6
-0.354235 -0.979633 6

-0.95677 0.424924 6
-1.28008 0.280912 6
-1.27463 0.604017 6

-0.976823 0.0868657 6
-1.05778 -0.261911 6
-1.29953 -0.0615988 6

-0.707561 -0.0982901 6
-0.699678 -0.423547 6
-1.05778 -0.261911 6

0.790933 -0.242559 6
0.833006 0.0743288 6
1.13377 -0.0755006 6

0.860559 -0.92355 6
0.838739 -0.582344 6
1.15481 -0.751152 6

0.880318 0.442886 6
0.881356 0.812276 6
1.17424 0.623035 6

-1.29953 -0.0615988 6
-1.05778 -0.261911 6
-1.29017 -0.471837 6

-0.699678 -0.423547 6
-0.65633 -0.789455 6
-0.95796 -0.61144 6

0.582799 -1.10725 6
0.888738 -1.28068 6
0.604411 -1.4647 6

0.604528 0.639018 6
0.28961 0.820977 6
0.555318 0.993314 6

-0.674877 1.30028 6
-0.66364 0.931718 6
-0.957078 1.11958 6

-0.0869258 -0.80805 6
0.268277 -0.939946 6
-0.00831134 -1.14073 6

0.151933 1.13495 6
-0.0703131 0.929263 6
-0.150495 1.30955 6

-0.344 0.751212 6
-0.645757 0.585021 6
-0.66364 0.931718 6

1.12575 -0.406794 6
1.43785 -0.238057 6
1.448 -0.577307 6

0.28961 0.820977 6
-0.0703131 0.929263 6
0.151933 1.13495 6

-0.0703131 0.929263 6
-0.344 0.751212 6
-0.388986 1.10381 6

0.833006 0.0743288 6
0.880318 0.442886 6
1.1556 0.264325 6

0.268277 -0.939946 6
0.535703 -0.755585 6
0.582799 -1.10725 6

0.555318 0.993314 6
0.522122 1.30433 6
0.86218 1.15274 6

-0.645757 0.585021 6
-0.95677 0.424924 6
-0.957133 0.763137 6

0.838739 -0.582344 6
0.790933 -0.242559 6
1.12575 -0.406794 6

1.45547 0.101444 6
1.1556 0.264325 6
1.46447 0.447406 6

0.880318 0.442886 6
0.604528 0.639018 6
0.881356 0.812276 6

-0.957078 1.11958 6
-0.957133 0.763137 6
-1.25572 0.942073 6

-0.976823 0.0868657 6
-1.29953 -0.0615988 6
-1.28008 0.280912 6

-0.301813 -1.32373 6
-0.00831134 -1.14073 6
0.00821161 -1.48776 6

0.838739 -0.582344 6
1.12575 -0.406794 6
1.15481 -0.751152 6

0.535703 -0.755585 6
0.838739 -0.582344 6
0.860559 -0.92355 6

1.15481 -0.751152 6
1.12575 -0.406794 6
1.448 -0.577307 6

0.522122 1.30433 6
0.151933 1.13495 6
0.228754 1.45158 6

-1.29017 -0.471837 6
-0.95796 -0.61144 6
-1.23936 -0.813908 6

0.881356 0.812276 6
0.86218 1.15274 6
1.18081 0.977621 6

-0.95677 0.424924 6
-0.976823 0.0868657 6
-1.28008 0.280912 6

-1.27463 0.604017 6
-1.61139 0.451917 6
-1.58368 0.765831 6

-0.65633 -0.789455 6
-0.354235 -0.979633 6
-0.624441 -1.15584 6

1.43785 -0.238057 6
1.13377 -0.0755006 6
1.45547 0.101444 6

-0.388986 1.10381 6
-0.674877 1.30028 6
-0.395604 1.50434 6

-0.931445 -0.974851 6
-0.624441 -1.15584 6
-0.912674 -1.33167 6

1.1556 0.264325 6
0.880318 0.442886 6
1.17424 0.623035 6

-1.28008 0.280912 6
-1.58403 0.105186 6
-1.61139 0.451917 6

-0.00831134 -1.14073 6
0.268277 -0.939946 6
0.301265 -1.29643 6

-0.931445 -0.974851 6
-0.912674 -1.33167 6
-1.21948 -1.1611 6

-0.95796 -0.61144 6
-0.65633 -0.789455 6
-0.931445 -0.974851 6

-0.354235 -0.979633 6
-0.00831134 -1.14073 6
-0.301813 -1.32373 6

-0.674877 1.30028 6
-0.984154 1.48232 6
-0.694057 1.65591 6

0.530519 1.65431 6
0.228754 1.45158 6
0.216483 1.80599 6

-1.05778 -0.261911 6
-0.95796 -0.61144 6
-1.29017 -0.471837 6

0.888738 -1.28068 6
0.860559 -0.92355 6
1.17478 -1.10019 6

1.17424 0.623035 6
1.18081 0.977621 6
1.47918 0.800025 6

0.555318 0.993314 6
0.151933 1.13495 6
0.522122 1.30433 6

-0.150495 1.30955 6
-0.395604 1.50434 6
-0.0619043 1.63949 6

-0.957133 0.763137 6
-0.95677 0.424924 6
-1.27463 0.604017 6

-0.95796 -0.61144 6
-0.931445 -0.974851 6
-1.23936 -0.813908 6

-0.00831134 -1.14073 6
0.301265 -1.29643 6
0.00821161 -1.48776 6

0.881356 0.812276 6
0.555318 0.993314 6
0.86218 1.15274 6

0.301265 -1.29643 6
0.604411 -1.4647 6
0.307799 -1.65149 6

1.12575 -0.406794 6
1.13377 -0.0755006 6
1.43785 -0.238057 6

1.13377 -0.0755006 6
1.1556 0.264325 6
1.45547 0.101444 6

0.86218 1.15274 6
0.834332 1.48704 6
1.15958 1.3227 6

-0.388986 1.10381 6
-0.66364 0.931718 6
-0.674877 1.30028 6

-0.957133 0.763137 6
-1.27463 0.604017 6
-1.25572 0.942073 6

1.43785 -0.238057 6
1.75842 -0.0678106 6
1.75018 -0.397922 6

0.151933 1.13495 6
-0.150495 1.30955 6
0.228754 1.45158 6

-0.66364 0.931718 6
-0.957133 0.763137 6
-0.957078 1.11958 6

1.17478 -1.10019 6
1.15481 -0.751152 6
1.46408 -0.930878 6

-1.56756 -0.272149 6
-1.29017 -0.471837 6
-1.5687 -0.642827 6

1.1556 0.264325 6
1.17424 0.623035 6
1.46447 0.447406 6

-0.595808 -1.50255 6
-0.301813 -1.32373 6
-0.290994 -1.67145 6

0.86218 1.15274 6
0.522122 1.30433 6
0.834332 1.48704 6

1.448 -0.577307 6
1.75018 -0.397922 6
1.75327 -0.753038 6

0.228754 1.45158 6
-0.150495 1.30955 6
-0.0619043 1.63949 6

-0.984154 1.48232 6
-0.957078 1.11958 6
-1.25576 1.3029 6

1.17424 0.623035 6
0.881356 0.812276 6
1.18081 0.977621 6

-0.150495 1.30955 6
-0.388986 1.10381 6
-0.395604 1.50434 6

1.18745 -1.46249 6
1.17478 -1.10019 6
1.47723 -1.29145 6

-0.290994 -1.67145 6
0.00821161 -1.48776 6
0.0128871 -1.83844 6

1.15481 -0.751152 6
1.448 -0.577307 6
1.46408 -0.930878 6

1.18081 0.977621 6
1.15958 1.3227 6
1.4749 1.15196 6

0.582799 -1.10725 6
0.860559 -0.92355 6
0.888738 -1.28068 6

0.860559 -0.92355 6
1.15481 -0.751152 6
1.17478 -1.10019 6

-1.58403 0.105186 6
-1.29953 -0.0615988 6
-1.56756 -0.272149 6

0.301265 -1.29643 6
0.582799 -1.10725 6
0.604411 -1.4647 6

1.76646 0.284259 6
1.46447 0.447406 6
1.77672 0.626823 6

-1.25576 1.3029 6
-1.25572 0.942073 6
-1.54578 1.1096 6

-1.28008 0.280912 6
-1.29953 -0.0615988 6
-1.58403 0.105186 6

-1.29953 -0.0615988 6
-1.29017 -0.471837 6
-1.56756 -0.272149 6

-1.5687 -0.642827 6
-1.23936 -0.813908 6
-1.5327 -0.986488 6

-1.23936 -0.813908 6
-0.931445 -0.974851 6
-1.21948 -1.1611 6

-0.395604 1.50434 6
-0.694057 1.65591 6
-0.378498 1.84083 6

-1.85637 -0.102722 6
-1.56756 -0.272149 6
-1.86056 -0.459469 6

-0.912674 -1.33167 6
-0.624441 -1.15584 6
-0.595808 -1.50255 6

-0.624441 -1.15584 6
-0.301813 -1.32373 6
-0.595808 -1.50255 6

0.604411 -1.4647 6
0.90016 -1.64057 6
0.608884 -1.82132 6

-1.21948 -1.1611 6
-1.2059 -1.50927 6
-1.51674 -1.33207 6

-1.58403 0.105186 6
-1.85637 -0.102722 6
-1.88737 0.264714 6

-1.27463 0.604017 6
-1.28008 0.280912 6
-1.61139 0.451917 6

0.00821161 -1.48776 6
0.301265 -1.29643 6
0.307799 -1.65149 6

-0.301813 -1.32373 6
0.00821161 -1.48776 6
-0.290994 -1.67145 6

0.604411 -1.4647 6
0.888738 -1.28068 6
0.90016 -1.64057 6

1.46447 0.447406 6
1.17424 0.623035 6
1.47918 0.800025 6

-0.0619043 1.63949 6
-0.378498 1.84083 6
-0.105401 1.99461 6

-1.61139 0.451917 6
-1.88737 0.264714 6
-1.96507 0.611125 6

-0.912674 -1.33167 6
-0.895412 -1.68109 6
-1.2059 -1.50927 6

0.454361 2.00798 6
0.216483 1.80599 6
0.151933 2.18259 6

-1.29017 -0.471837 6
-1.23936 -0.813908 6
-1.5687 -0.642827 6

-0.895412 -1.68109 6
-0.595808 -1.50255 6
-0.596747 -1.85194 6

1.47723 -1.29145 6
1.46408 -0.930878 6
1.75644 -1.12845 6

1.77672 0.626823 6
1.47918 0.800025 6
1.77865 0.979454 6

0.834332 1.48704 6
0.522122 1.30433 6
0.530519 1.65431 6

0.00821161 -1.48776 6
0.307799 -1.65149 6
0.0128871 -1.83844 6

1.75842 -0.0678106 6
1.45547 0.101444 6
1.76646 0.284259 6

0.834332 1.48704 6
0.805849 1.83767 6
1.13078 1.65826 6

0.522122 1.30433 6
0.228754 1.45158 6
0.530519 1.65431 6

-0.694057 1.65591 6
-1.00994 1.82513 6
-0.710709 1.99432 6

1.18081 0.977621 6
0.86218 1.15274 6
1.15958 1.3227 6

-1.25572 0.942073 6
-1.27463 0.604017 6
-1.58368 0.765831 6

-1.58368 0.765831 6
-1.96507 0.611125 6
-1.8701 0.9254 6

1.75018 -0.397922 6
2.08729 -0.23608 6
2.04007 -0.564972 6

1.43785 -0.238057 6
1.45547 0.101444 6
1.75842 -0.0678106 6

1.47918 0.800025 6
1.18081 0.977621 6
1.4749 1.15196 6

-0.674877 1.30028 6
-0.957078 1.11958 6
-0.984154 1.48232 6

0.307799 -1.65149 6
0.608884 -1.82132 6
0.312795 -2.0042 6

1.45547 0.101444 6
1.46447 0.447406 6
1.76646 0.284259 6

-1.23936 -0.813908 6
-1.21948 -1.1611 6
-1.5327 -0.986488 6

1.448 -0.577307 6
1.43785 -0.238057 6
1.75018 -0.397922 6

-0.395604 1.50434 6
-0.674877 1.30028 6
-0.694057 1.65591 6

-1.00994 1.82513 6
-0.984154 1.48232 6
-1.31453 1.6686 6

-0.957078 1.11958 6
-1.25572 0.942073 6
-1.25576 1.3029 6

-1.86207 -0.809878 6
-1.5327 -0.986488 6
-1.8276 -1.1499 6

1.15958 1.3227 6
1.13078 1.65826 6
1.46416 1.49003 6

0.228754 1.45158 6
-0.0619043 1.63949 6
0.216483 1.80599 6

-1.25572 0.942073 6
-1.58368 0.765831 6
-1.54578 1.1096 6

-1.86056 -0.459469 6
-1.5687 -0.642827 6
-1.86207 -0.809878 6

-0.596747 -1.85194 6
-0.290994 -1.67145 6
-0.291789 -2.01816 6

1.46408 -0.930878 6
1.448 -0.577307 6
1.75327 -0.753038 6

1.75327 -0.753038 6
2.04007 -0.564972 6
2.0266 -0.96724 6

-1.58403 0.105186 6
-1.56756 -0.272149 6
-1.85637 -0.102722 6

-0.291789 -2.01816 6
0.0128871 -1.83844 6
0.010873 -2.18567 6

0.90016 -1.64057 6
0.888738 -1.28068 6
1.18745 -1.46249 6

2.05404 0.0937411 6
1.76646 0.284259 6
2.07643 0.455467 6

0.834332 1.48704 6
0.530519 1.65431 6
0.805849 1.83767 6

-0.0619043 1.63949 6
-0.395604 1.50434 6
-0.378498 1.84083 6

-1.2059 -1.50927 6
-1.20414 -1.85575 6
-1.50648 -1.67964 6

1.50039 -1.63348 6
1.47723 -1.29145 6
1.81072 -1.46335 6

0.888738 -1.28068 6
1.17478 -1.10019 6
1.18745 -1.46249 6

1.46447 0.447406 6
1.47918 0.800025 6
1.77672 0.626823 6

2.07643 0.455467 6
1.77672 0.626823 6
2.07461 0.819305 6

-0.378498 1.84083 6
-0.710709 1.99432 6
-0.452924 2.18259 6

-1.31453 1.6686 6
-1.25576 1.3029 6
-1.55632 1.46617 6

-0.912674 -1.33167 6
-0.595808 -1.50255 6
-0.895412 -1.68109 6

1.17478 -1.10019 6
1.46408 -0.930878 6
1.47723 -1.29145 6

-1.61139 0.451917 6
-1.58403 0.105186 6
-1.88737 0.264714 6

-2.15777 0.0520406 6
-1.85637 -0.102722 6
-2.16197 -0.296738 6

-1.20414 -1.85575 6
-0.895412 -1.68109 6
-0.905996 -2.02699 6

1.75842 -0.0678106 6
1.76646 0.284259 6
2.05404 0.0937411 6

-2.16197 -0.296738 6
-1.86056 -0.459469 6
-2.17051 -0.638233 6

-1.56756 -0.272149 6
-1.5687 -0.642827 6
-1.86056 -0.459469 6

0.307799 -1.65149 6
0.604411 -1.4647 6
0.608884 -1.82132 6

0.608884 -1.82132 6
0.907936 -1.99457 6
0.61534 -2.17664 6

-1.88737 0.264714 6
-2.15777 0.0520406 6
-2.20762 0.414357 6

-1.21948 -1.1611 6
-0.912674 -1.33167 6
-1.2059 -1.50927 6

-0.595808 -1.50255 6
-0.290994 -1.67145 6
-0.596747 -1.85194 6

-1.55632 1.46617 6
-1.54578 1.1096 6
-1.84869 1.26118 6

1.20611 -1.81435 6
1.18745 -1.46249 6
1.50039 -1.63348 6

0.216483 1.80599 6
-0.0619043 1.63949 6
-0.105401 1.99461 6

1.4749 1.15196 6
1.46416 1.49003 6
1.78834 1.31272 6

-1.5327 -0.986488 6
-1.21948 -1.1611 6
-1.51674 -1.33207 6

-1.54578 1.1096 6
-1.8701 0.9254 6
-1.84869 1.26118 6

0.805849 1.83767 6
0.530519 1.65431 6
0.454361 2.00798 6

0.90016 -1.64057 6
1.20611 -1.81435 6
0.907936 -1.99457 6

1.15958 1.3227 6
0.834332 1.48704 6
1.13078 1.65826 6

-1.58368 0.765831 6
-1.61139 0.451917 6
-1.96507 0.611125 6

-0.604393 -2.19809 6
-0.291789 -2.01816 6
-0.298557 -2.36203 6

0.0128871 -1.83844 6
0.307799 -1.65149 6
0.312795 -2.0042 6

1.4749 1.15196 6
1.15958 1.3227 6
1.46416 1.49003 6

1.47918 0.800025 6
1.4749 1.15196 6
1.77865 0.979454 6

0.772701 2.15955 6
0.454361 2.00798 6
0.454361 2.3572 6

-1.5687 -0.642827 6
-1.5327 -0.986488 6
-1.86207 -0.809878 6

-1.51674 -1.33207 6
-1.50648 -1.67964 6
-1.81092 -1.49669 6

-0.290994 -1.67145 6
0.0128871 -1.83844 6
-0.291789 -2.01816 6

0.90016 -1.64057 6
1.18745 -1.46249 6
1.20611 -1.81435 6

1.75842 -0.0678106 6
2.05404 0.0937411 6
2.08729 -0.23608 6

-0.105401 1.99461 6
-0.452924 2.18259 6
-0.125385 2.34983 6

1.13078 1.65826 6
0.805849 1.83767 6
1.11702 1.98778 6

-1.96507 0.611125 6
-1.88737 0.264714 6
-2.20762 0.414357 6

2.07461 0.819305 6
1.77865 0.979454 6
2.11207 1.14847 6

0.530519 1.65431 6
0.216483 1.80599 6
0.454361 2.00798 6

-0.694057 1.65591 6
-0.984154 1.48232 6
-1.00994 1.82513 6

-1.2059 -1.50927 6
-0.895412 -1.68109 6
-1.20414 -1.85575 6

1.81072 -1.46335 6
1.75644 -1.12845 6
2.11203 -1.292 6

-1.54578 1.1096 6
-1.58368 0.765831 6
-1.8701 0.9254 6

1.46408 -0.930878 6
1.75327 -0.753038 6
1.75644 -1.12845 6

1.75018 -0.397922 6
1.75842 -0.0678106 6
2.08729 -0.23608 6

1.13078 1.65826 6
1.11702 1.98778 6
1.44308 1.81881 6

2.34526 0.233394 6
2.07643 0.455467 6
2.35727 0.656725 6

0.216483 1.80599 6
-0.105401 1.99461 6
0.151933 2.18259 6

2.05404 0.0937411 6
2.07643 0.455467 6
2.34526 0.233394 6

1.46416 1.49003 6
1.44308 1.81881 6
1.77008 1.65115 6

1.75327 -0.753038 6
1.75018 -0.397922 6
2.04007 -0.564972 6

-0.378498 1.84083 6
-0.694057 1.65591 6
-0.710709 1.99432 6

-1.00994 1.82513 6
-1.31453 1.6686 6
-1.3099 1.99533 6

-0.984154 1.48232 6
-1.25576 1.3029 6
-1.31453 1.6686 6

-2.17051 -0.638233 6
-1.86207 -0.809878 6
-2.16119 -0.971508 6

-2.15777 0.0520406 6
-2.45947 -0.138831 6
-2.46224 0.22826 6

1.76646 0.284259 6
1.77672 0.626823 6
2.07643 0.455467 6

-1.3099 1.99533 6
-1.31453 1.6686 6
-1.66264 1.83337 7

-1.25576 1.3029 6
-1.54578 1.1096 6
-1.55632 1.46617 6

-1.88737 0.264714 6
-1.85637 -0.102722 6
-2.15777 0.0520406 6

-1.81092 -1.49669 6
-1.80866 -1.84701 6
-2.11358 -1.66153 6

1.75644 -1.12845 6
1.75327 -0.753038 6
2.0266 -0.96724 6

-1.5327 -0.986488 6
-1.51674 -1.33207 6
-1.8276 -1.1499 6

0.312795 -2.0042 6
0.61534 -2.17664 6
0.30997 -2.35363 6

1.77865 0.979454 6
1.4749 1.15196 6
1.78834 1.31272 6

-1.8701 0.9254 6
-2.24001 0.80438 6
-2.16981 1.1084 6

-1.85637 -0.102722 6
-1.86056 -0.459469 6
-2.16197 -0.296738 6

-2.16119 -0.971508 6
-1.8276 -1.1499 6
-2.12508 -1.31222 6

0.0128871 -1.83844 6
0.312795 -2.0042 6
0.010873 -2.18567 6

0.907936 -1.99457 6
1.20611 -1.81435 6
1.20663 -2.16779 6

-0.710709 1.99432 6
-0.990896 2.17928 6
-0.700566 2.38136 6

-0.895412 -1.68109 6
-0.596747 -1.85194 6
-0.905996 -2.02699 6

0.608884 -1.82132 6
0.90016 -1.64057 6
0.907936 -1.99457 6

-1.20414 -1.85575 6
-0.905996 -2.02699 6
-1.21653 -2.205 6

-0.905996 -2.02699 6
-0.596747 -1.85194 6
-0.604393 -2.19809 6

0.907936 -1.99457 6
1.20663 -2.16779 6
0.910217 -2.35116 6

1.18745 -1.46249 6
1.47723 -1.29145 6
1.50039 -1.63348 6

2.05404 0.0937411 6
2.34526 0.233394 6
2.39755 -0.100414 6

0.454361 2.3572 6
0.151933 2.18259 6
0.203377 2.54184 6

-0.105401 1.99461 6
-0.378498 1.84083 6
-0.452924 2.18259 6

-0.298557 -2.36203 6
0.010873 -2.18567 6
-0.000496027 -2.53122 6

1.78834 1.31272 6
1.77008 1.65115 6
2.09139 1.47915 6

-2.45947 -0.138831 6
-2.16197 -0.296738 6
-2.48303 -0.479649 6

1.47723 -1.29145 6
1.75644 -1.12845 6
1.81072 -1.46335 6

1.77672 0.626823 6
1.77865 0.979454 6
2.07461 0.819305 6

-0.452924 2.18259 6
-0.700566 2.38136 6
-0.375165 2.54471 6

-1.55632 1.46617 6
-1.84869 1.26118 6
-1.87333 1.60564 5

2.26893 -0.785732 6
2.04007 -0.564972 6
2.37995 -0.451789 6

0.61534 -2.17664 6
0.910217 -2.35116 6
0.610915 -2.52888 6

-2.48303 -0.479649 6
-2.17051 -0.638233 6
-2.49915 -0.797886 6

-1.96507 0.611125 6
-2.20762 0.414357 6
-2.24001 0.80438 6

-1.51674 -1.33207 6
-1.2059 -1.50927 6
-1.50648 -1.67964 6

-1.21653 -2.205 6
-0.905996 -2.02699 6
-0.919388 -2.37232 6

0.312795 -2.0042 6
0.608884 -1.82132 6
0.61534 -2.17664 6

-2.16981 1.1084 6
-2.56992 0.960339 6
-2.46188 1.27338 6

2.35727 0.656725 6
2.07461 0.819305 6
2.42169 0.986911 6

-1.86056 -0.459469 6
-1.86207 -0.809878 6
-2.17051 -0.638233 6

-0.596747 -1.85194 6
-0.291789 -2.01816 6
-0.604393 -2.19809 6

1.11702 1.98778 6
0.805849 1.83767 6
0.772701 2.15955 6

0.826195 2.47744 6
0.454361 2.3572 6
0.564392 2.6777 6

1.12099 2.30567 6
0.772701 2.15955 6
0.826195 2.47744 6

0.805849 1.83767 6
0.454361 2.00798 6
0.772701 2.15955 6

1.50642 -1.98593 6
1.50039 -1.63348 6
1.80163 -1.80175 6

-1.86207 -0.809878 6
-1.8276 -1.1499 6
-2.16119 -0.971508 6

1.46416 1.49003 6
1.13078 1.65826 6
1.44308 1.81881 6

-0.919388 -2.37232 6
-0.604393 -2.19809 6
-0.616436 -2.53887 6

2.11203 -1.292 6
2.0266 -0.96724 6
2.40348 -1.08411 6

0.151933 2.18259 6
-0.105401 1.99461 6
-0.125385 2.34983 6

-1.8276 -1.1499 6
-1.51674 -1.33207 6
-1.81092 -1.49669 6

2.34526 0.233394 6
2.35727 0.656725 6
2.57136 0.436518 6

-1.87333 1.60564 5
-1.84869 1.26118 6
-2.15718 1.44817 6

1.80163 -1.80175 6
1.81072 -1.46335 6
2.12624 -1.6322 6

2.08729 -0.23608 6
2.39755 -0.100414 6
2.37995 -0.451789 6

-1.8701 0.9254 6
-1.96507 0.611125 6
-2.24001 0.80438 6

-1.20414 -1.85575 6
-1.21653 -2.205 6
-1.50973 -2.02947 6

0.010873 -2.18567 6
0.312795 -2.0042 6
0.30997 -2.35363 6

-1.24514 2.3749 6
-1.3099 1.99533 6
-1.5409 2.20623 6

-0.125385 2.34983 6
-0.375165 2.54471 6
-0.0575454 2.71464 6

-2.20762 0.414357 6
-2.46224 0.22826 6
-2.50249 0.614252 6

-0.291789 -2.01816 6
0.010873 -2.18567 6
-0.298557 -2.36203 6

2.26893 -0.785732 6
2.65456 -0.616647 6
2.68619 -0.916387 6

1.77008 1.65115 6
1.76624 1.98009 6
2.08372 1.8237 6

-1.00994 1.82513 6
-1.3099 1.99533 6
-0.990896 2.17928 6

-0.710709 1.99432 6
-1.00994 1.82513 6
-0.990896 2.17928 6

-1.84869 1.26118 6
-1.8701 0.9254 6
-2.16981 1.1084 6

2.08729 -0.23608 6
2.05404 0.0937411 6
2.39755 -0.100414 6

1.44308 1.81881 6
1.4449 2.14432 6
1.76624 1.98009 6

0.454361 2.00798 6
0.151933 2.18259 6
0.454361 2.3572 6

1.11702 1.98778 6
1.12099 2.30567 6
1.4449 2.14432 6

0.61534 -2.17664 6
0.907936 -1.99457 6
0.910217 -2.35116 6

2.0266 -0.96724 6
2.04007 -0.564972 6
2.26893 -0.785732 6

2.42169 0.986911 6
2.11207 1.14847 6
2.43366 1.31844 6

1.77865 0.979454 6
1.78834 1.31272 6
2.11207 1.14847 6

1.78834 1.31272 6
1.46416 1.49003 6
1.77008 1.65115 6

2.04007 -0.564972 6
2.08729 -0.23608 6
2.37995 -0.451789 6

-2.24001 0.80438 6
-2.50249 0.614252 6
-2.56992 0.960339 6

2.39755 -0.100414 6
2.68496 0.0988818 6
2.69103 -0.270038 6

-0.990896 2.17928 6
-1.24514 2.3749 6
-0.959975 2.5647 6

-2.49915 -0.797886 6
-2.16119 -0.971508 6
-2.45032 -1.12925 6

1.20663 -2.16779 6
1.49822 -2.34112 6
1.20349 -2.52497 6

2.07643 0.455467 6
2.07461 0.819305 6
2.35727 0.656725 6

-2.15777 0.0520406 6
-2.16197 -0.296738 6
-2.45947 -0.138831 6

-0.616436 -2.53887 6
-0.298557 -2.36203 6
-0.312202 -2.70528 6

-2.46224 0.22826 6
-2.73619 0.0516987 6
-2.7567 0.423968 6

-1.55632 1.46617 6
-1.87333 1.60564 5
-1.66264 1.83337 7

-2.20762 0.414357 6
-2.15777 0.0520406 6
-2.46224 0.22826 6

2.12624 -1.6322 6
2.11203 -1.292 6
2.42357 -1.43111 6

2.37995 -0.451789 6
2.69103 -0.270038 6
2.65456 -0.616647 6

-1.31453 1.6686 6
-1.55632 1.46617 6
-1.66264 1.83337 7

1.80434 -2.15958 6
1.80163 -1.80175 6
2.09369 -1.96702 6

1.75644 -1.12845 6
2.0266 -0.96724 6
2.11203 -1.292 6

-1.80866 -1.84701 6
-1.81781 -2.19611 6
-2.11636 -2.01131 6

1.20663 -2.16779 6
1.20611 -1.81435 6
1.50642 -1.98593 6

-0.452924 2.18259 6
-0.710709 1.99432 6
-0.700566 2.38136 6

-2.45032 -1.12925 6
-2.12508 -1.31222 6
-2.41527 -1.48026 6

-2.73619 0.0516987 6
-2.45947 -0.138831 6
-2.77848 -0.321412 6

1.20611 -1.81435 6
1.50039 -1.63348 6
1.50642 -1.98593 6

-2.24001 0.80438 6
-2.20762 0.414357 6
-2.50249 0.614252 6

-1.8276 -1.1499 6
-1.81092 -1.49669 6
-2.12508 -1.31222 6

-1.50648 -1.67964 6
-1.50973 -2.02947 6
-1.80866 -1.84701 6

-1.5409 2.20623 6
-1.66264 1.83337 7
-1.85568 2.06803 5

0.30997 -2.35363 6
0.610915 -2.52888 6
0.301916 -2.70184 6

2.35727 0.656725 6
2.42169 0.986911 6
2.69753 0.777013 6

1.44308 1.81881 6
1.11702 1.98778 6
1.4449 2.14432 6

-2.16197 -0.296738 6
-2.17051 -0.638233 6
-2.48303 -0.479649 6

-1.50648 -1.67964 6
-1.20414 -1.85575 6
-1.50973 -2.02947 6

-1.50973 -2.02947 6
-1.53231 -2.38086 6
-1.81781 -2.19611 6

0.010873 -2.18567 6
0.30997 -2.35363 6
-0.000496027 -2.53122 6

0.30997 -2.35363 6
0.61534 -2.17664 6
0.610915 -2.52888 6

1.50039 -1.63348 6
1.81072 -1.46335 6
1.80163 -1.80175 6

-0.905996 -2.02699 6
-0.604393 -2.19809 6
-0.919388 -2.37232 6

0.910217 -2.35116 6
1.20349 -2.52497 6
0.905575 -2.70538 6

-0.700566 2.38136 6
-0.959975 2.5647 6
-0.642896 2.73747 6

0.151933 2.18259 6
-0.125385 2.34983 6
0.203377 2.54184 6

0.564392 2.6777 6
0.203377 2.54184 6
0.281782 2.87508 6

-1.53231 -2.38086 6
-1.21653 -2.205 6
-1.24131 -2.54849 6

2.11207 1.14847 6
1.78834 1.31272 6
2.09139 1.47915 6

1.11702 1.98778 6
0.772701 2.15955 6
1.12099 2.30567 6

-2.77848 -0.321412 6
-2.48303 -0.479649 6
-2.84789 -0.628806 6

-0.125385 2.34983 6
-0.452924 2.18259 6
-0.375165 2.54471 6

-0.933006 -2.71083 6
-0.616436 -2.53887 6
-0.625149 -2.87799 6

-1.87333 1.60564 5
-2.15718 1.44817 6
-2.11525 1.83554 7

-0.312202 -2.70528 6
-0.000496027 -2.53122 6
-0.00749746 -2.8763 6

-1.81092 -1.49669 6
-1.50648 -1.67964 6
-1.80866 -1.84701 6

1.14965 2.64794 6
0.826195 2.47744 6
0.875715 2.83452 6

2.09139 1.47915 6
2.08372 1.8237 6
2.38432 1.63966 6

-0.375165 2.54471 6
-0.642896 2.73747 6
-0.328588 2.90482 6

-1.84869 1.26118 6
-2.16981 1.1084 6
-2.15718 1.44817 6

-2.50249 0.614252 6
-2.7567 0.423968 6
-2.84594 0.774315 6

-1.50973 -2.02947 6
-1.21653 -2.205 6
-1.53231 -2.38086 6

1.20663 -2.16779 6
1.50642 -1.98593 6
1.49822 -2.34112 6

2.34526 0.233394 6
2.57136 0.436518 6
2.68496 0.0988818 6

1.4449 2.14432 6
1.43935 2.47225 6
1.76586 2.31293 6

0.772701 2.15955 6
0.454361 2.3572 6
0.826195 2.47744 6

-2.11525 1.83554 7
-2.15718 1.44817 6
-2.41437 1.64774 6

-0.604393 -2.19809 6
-0.298557 -2.36203 6
-0.616436 -2.53887 6

0.610915 -2.52888 6
0.905575 -2.70538 6
0.601067 -2.87921 6

2.40348 -1.08411 6
2.68619 -0.916387 6
2.72353 -1.24675 6

2.07461 0.819305 6
2.11207 1.14847 6
2.42169 0.986911 6

-2.16119 -0.971508 6
-2.12508 -1.31222 6
-2.45032 -1.12925 6

-2.17051 -0.638233 6
-2.16119 -0.971508 6
-2.49915 -0.797886 6

2.0266 -0.96724 6
2.26893 -0.785732 6
2.40348 -1.08411 6

2.11207 1.14847 6
2.09139 1.47915 6
2.43366 1.31844 6

1.77008 1.65115 6
1.44308 1.81881 6
1.76624 1.98009 6

1.4449 2.14432 6
1.12099 2.30567 6
1.43935 2.47225 6

1.81072 -1.46335 6
2.11203 -1.292 6
2.12624 -1.6322 6

2.93518 0.298927 6
2.57136 0.436518 6
2.96214 0.618174 6

0.454361 2.3572 6
0.203377 2.54184 6
0.564392 2.6777 6

-0.990896 2.17928 6
-1.3099 1.99533 6
-1.24514 2.3749 6

-1.24131 -2.54849 6
-0.919388 -2.37232 6
-0.933006 -2.71083 6

2.39755 -0.100414 6
2.34526 0.233394 6
2.68496 0.0988818 6

1.49822 -2.34112 6
1.80434 -2.15958 6
1.79125 -2.51058 6

-2.12508 -1.31222 6
-1.81092 -1.49669 6
-2.11358 -1.66153 6

-1.24514 2.3749 6
-1.51952 2.57875 6
-1.23191 2.75317 6

-1.3099 1.99533 6
-1.66264 1.83337 7
-1.5409 2.20623 6

-2.84789 -0.628806 6
-2.49915 -0.797886 6
-2.79556 -0.945347 6

2.37995 -0.451789 6
2.39755 -0.100414 6
2.69103 -0.270038 6

2.09369 -1.96702 6
2.12624 -1.6322 6
2.43764 -1.78648 6

2.69103 -0.270038 6
2.97309 -0.0829232 6
2.982 -0.441859 6

0.203377 2.54184 6
-0.125385 2.34983 6
-0.0575454 2.71464 6

-0.0575454 2.71464 6
-0.328588 2.90482 6
-0.00745026 3.06073 6

-2.73619 0.0516987 6
-2.77848 -0.321412 6
-3.02243 -0.107777 6

-0.000496027 -2.53122 6
0.30997 -2.35363 6
0.301916 -2.70184 6

2.69753 0.777013 6
2.42169 0.986911 6
2.73903 1.13194 6

-0.298557 -2.36203 6
-0.000496027 -2.53122 6
-0.312202 -2.70528 6

2.26893 -0.785732 6
2.37995 -0.451789 6
2.65456 -0.616647 6

2.68496 0.0988818 6
2.93518 0.298927 6
2.97309 -0.0829232 6

1.76624 1.98009 6
1.76586 2.31293 6
2.07805 2.16527 6

-1.51952 2.57875 6
-1.5409 2.20623 6
-1.8119 2.42016 6

-2.46224 0.22826 6
-2.45947 -0.138831 6
-2.73619 0.0516987 6

-2.56992 0.960339 6
-2.50249 0.614252 6
-2.84594 0.774315 6

-2.15718 1.44817 6
-2.46188 1.27338 6
-2.41437 1.64774 6

-0.700566 2.38136 6
-0.990896 2.17928 6
-0.959975 2.5647 6

-2.16981 1.1084 6
-2.24001 0.80438 6
-2.56992 0.960339 6

0.610915 -2.52888 6
0.910217 -2.35116 6
0.905575 -2.70538 6

1.49822 -2.34112 6
1.50642 -1.98593 6
1.80434 -2.15958 6

0.875715 2.83452 6
0.564392 2.6777 6
0.588681 3.03185 6

2.09139 1.47915 6
1.77008 1.65115 6
2.08372 1.8237 6

-1.8119 2.42016 6
-1.85568 2.06803 5
-2.12431 2.23343 6

-2.15718 1.44817 6
-2.16981 1.1084 6
-2.46188 1.27338 6

-2.50249 0.614252 6
-2.46224 0.22826 6
-2.7567 0.423968 6

-2.41527 -1.48026 6
-2.41655 -1.82895 6
-2.71728 -1.64224 6

-1.85568 2.06803 5
-1.66264 1.83337 7
-2.11525 1.83554 7

-0.625149 -2.87799 6
-0.312202 -2.70528 6
-0.312884 -3.04758 6

2.73903 1.13194 6
2.43366 1.31844 6
2.75631 1.46721 6

-2.7567 0.423968 6
-3.03227 0.250125 6
-3.09891 0.581962 6

-2.79556 -0.945347 6
-2.45032 -1.12925 6
-2.73001 -1.30211 6

-2.45947 -0.138831 6
-2.48303 -0.479649 6
-2.77848 -0.321412 6

-0.375165 2.54471 6
-0.700566 2.38136 6
-0.642896 2.73747 6

0.910217 -2.35116 6
1.20663 -2.16779 6
1.20349 -2.52497 6

2.57136 0.436518 6
2.35727 0.656725 6
2.69753 0.777013 6

2.08372 1.8237 6
2.07805 2.16527 6
2.38686 1.99473 6

-1.66264 1.83337 7
-1.87333 1.60564 5
-2.11525 1.83554 7

2.75631 1.46721 6
2.38432 1.63966 6
2.67031 1.78212 6

2.65456 -0.616647 6
2.982 -0.441859 6
3.0045 -0.765153 6

-0.959975 2.5647 6
-1.23191 2.75317 6
-0.924716 2.9213 6

-3.02243 -0.107777 6
-2.77848 -0.321412 6
-3.17478 -0.436518 6

1.20349 -2.52497 6
1.50361 -2.70081 6
1.20035 -2.87925 6

1.50642 -1.98593 6
1.80163 -1.80175 6
1.80434 -2.15958 6

2.11203 -1.292 6
2.40348 -1.08411 6
2.42357 -1.43111 6

-1.81781 -2.19611 6
-1.85037 -2.5539 6
-2.12577 -2.35906 6

-1.80866 -1.84701 6
-1.50973 -2.02947 6
-1.81781 -2.19611 6

-2.11358 -1.66153 6
-2.11636 -2.01131 6
-2.41655 -1.82895 6

-2.12508 -1.31222 6
-2.11358 -1.66153 6
-2.41527 -1.48026 6

2.40348 -1.08411 6
2.26893 -0.785732 6
2.68619 -0.916387 6

-1.21653 -2.205 6
-0.919388 -2.37232 6
-1.24131 -2.54849 6

1.76586 2.31293 6
1.43935 2.47225 6
1.73323 2.64987 6

2.43764 -1.78648 6
2.42357 -1.43111 6
2.71202 -1.60765 6

1.43935 2.47225 6
1.12099 2.30567 6
1.14965 2.64794 6

-0.0575454 2.71464 6
-0.375165 2.54471 6
-0.328588 2.90482 6

-1.26176 -2.87813 6
-0.933006 -2.71083 6
-0.941306 -3.0425 6

0.301916 -2.70184 6
0.601067 -2.87921 6
0.294138 -3.05121 6

2.09902 -2.32948 6
2.09369 -1.96702 6
2.38271 -2.11373 6

2.68619 -0.916387 6
3.0045 -0.765153 6
3.0352 -1.08535 6

-2.12431 2.23343 6
-2.11525 1.83554 7
-2.39157 2.01624 6

-2.11636 -2.01131 6
-2.12577 -2.35906 6
-2.42085 -2.18469 6

-0.919388 -2.37232 6
-0.616436 -2.53887 6
-0.933006 -2.71083 6

0.905575 -2.70538 6
1.20035 -2.87925 6
0.898085 -3.05503 6

1.80163 -1.80175 6
2.12624 -1.6322 6
2.09369 -1.96702 6

1.44937 2.83242 6
1.14965 2.64794 6
1.16526 3.01626 6

-0.000496027 -2.53122 6
0.301916 -2.70184 6
-0.00749746 -2.8763 6

2.96214 0.618174 6
2.69753 0.777013 6
3.02034 0.97706 6

1.12099 2.30567 6
0.826195 2.47744 6
1.14965 2.64794 6

0.203377 2.54184 6
-0.0575454 2.71464 6
0.281782 2.87508 6

0.588681 3.03185 6
0.281782 2.87508 6
0.299098 3.22639 6

-0.941306 -3.0425 6
-0.625149 -2.87799 6
-0.62391 -3.21436 6

2.43366 1.31844 6
2.09139 1.47915 6
2.38432 1.63966 6

1.76624 1.98009 6
1.4449 2.14432 6
1.76586 2.31293 6

-2.56992 0.960339 6
-2.84594 0.774315 6
-2.83792 1.12307 6

0.301916 -2.70184 6
0.610915 -2.52888 6
0.601067 -2.87921 6

-2.48303 -0.479649 6
-2.49915 -0.797886 6
-2.84789 -0.628806 6

-2.11358 -1.66153 6
-1.80866 -1.84701 6
-2.11636 -2.01131 6

1.49822 -2.34112 6
1.79125 -2.51058 6
1.50361 -2.70081 6

2.42357 -1.43111 6
2.40348 -1.08411 6
2.72353 -1.24675 6

-2.46188 1.27338 6
-2.83792 1.12307 6
-2.72267 1.46975 6

1.76586 2.31293 6
1.73323 2.64987 6
2.05294 2.53021 6

-0.642896 2.73747 6
-0.924716 2.9213 6
-0.616294 3.09038 6

-3.04176 -1.15496 6
-2.73001 -1.30211 6
-3.05287 -1.46533 6

-0.00749746 -2.8763 6
0.294138 -3.05121 6
-0.00483591 -3.22427 6

-0.616436 -2.53887 6
-0.312202 -2.70528 6
-0.625149 -2.87799 6

-2.39157 2.01624 6
-2.41437 1.64774 6
-2.68801 1.83256 6

-0.328588 2.90482 6
-0.616294 3.09038 6
-0.302762 3.24958 6

-3.17478 -0.436518 6
-2.84789 -0.628806 6
-3.17478 -0.785732 6

2.97309 -0.0829232 6
3.2342 0.102898 6
3.27618 -0.26436 6

2.68496 0.0988818 6
2.57136 0.436518 6
2.93518 0.298927 6

2.65456 -0.616647 6
2.69103 -0.270038 6
2.982 -0.441859 6

-2.49915 -0.797886 6
-2.45032 -1.12925 6
-2.79556 -0.945347 6

0.601067 -2.87921 6
0.898085 -3.05503 6
0.595259 -3.23099 6

2.42169 0.986911 6
2.43366 1.31844 6
2.73903 1.13194 6

0.826195 2.47744 6
0.564392 2.6777 6
0.875715 2.83452 6

-1.52772 2.93753 6
-1.51952 2.57875 6
-1.82435 2.77214 6

0.281782 2.87508 6
-0.0575454 2.71464 6
-0.00745026 3.06073 6

2.69103 -0.270038 6
2.68496 0.0988818 6
2.97309 -0.0829232 6

-1.24514 2.3749 6
-1.5409 2.20623 6
-1.51952 2.57875 6

2.982 -0.441859 6
3.27618 -0.26436 6
3.31205 -0.599476 6

2.72353 -1.24675 6
3.0352 -1.08535 6
3.01341 -1.4219 6

2.08372 1.8237 6
1.76624 1.98009 6
2.07805 2.16527 6

3.02034 0.97706 6
2.73903 1.13194 6
3.06078 1.32908 6

1.16526 3.01626 6
0.875715 2.83452 6
0.882401 3.20211 6

-0.312202 -2.70528 6
-0.00749746 -2.8763 6
-0.312884 -3.04758 6

2.57136 0.436518 6
2.69753 0.777013 6
2.96214 0.618174 6

-0.959975 2.5647 6
-1.24514 2.3749 6
-1.23191 2.75317 6

-2.84594 0.774315 6
-3.09891 0.581962 6
-3.17478 0.960339 6

-2.84594 0.774315 6
-2.7567 0.423968 6
-3.09891 0.581962 6

2.12624 -1.6322 6
2.42357 -1.43111 6
2.43764 -1.78648 6

3.2342 0.102898 6
2.93518 0.298927 6
3.25704 0.46301 6

-1.5409 2.20623 6
-1.85568 2.06803 5
-1.8119 2.42016 6

-2.73619 0.0516987 6
-3.02243 -0.107777 6
-3.03227 0.250125 6

-1.53231 -2.38086 6
-1.57777 -2.72427 6
-1.85037 -2.5539 6

-2.45032 -1.12925 6
-2.41527 -1.48026 6
-2.73001 -1.30211 6

-2.41437 1.64774 6
-2.72267 1.46975 6
-2.68801 1.83256 6

2.07805 2.16527 6
2.05294 2.53021 6
2.3534 2.36008 6

-1.85568 2.06803 5
-2.11525 1.83554 7
-2.12431 2.23343 6

-2.7567 0.423968 6
-2.73619 0.0516987 6
-3.03227 0.250125 6

-2.41527 -1.48026 6
-2.11358 -1.66153 6
-2.41655 -1.82895 6

3.25704 0.46301 6
2.96214 0.618174 6
3.28936 0.814604 6

-3.03227 0.250125 6
-3.33449 0.130519 6
-3.41841 0.41708 6

-2.83792 1.12307 6
-2.84594 0.774315 6
-3.17478 0.960339 6

-2.46188 1.27338 6
-2.56992 0.960339 6
-2.83792 1.12307 6

-1.24131 -2.54849 6
-1.26176 -2.87813 6
-1.57777 -2.72427 6

-0.924716 2.9213 6
-1.22686 3.10242 6
-0.918639 3.26875 6

-0.62391 -3.21436 6
-0.312884 -3.04758 6
-0.306078 -3.38862 6

2.38271 -2.11373 6
2.43764 -1.78648 6
2.71734 -2.00996 6

1.80434 -2.15958 6
2.09369 -1.96702 6
2.09902 -2.32948 6

-0.642896 2.73747 6
-0.959975 2.5647 6
-0.924716 2.9213 6

0.905575 -2.70538 6
1.20349 -2.52497 6
1.20035 -2.87925 6

-0.00749746 -2.8763 6
0.301916 -2.70184 6
0.294138 -3.05121 6

-0.328588 2.90482 6
-0.642896 2.73747 6
-0.616294 3.09038 6

-1.82435 2.77214 6
-1.8119 2.42016 6
-2.11133 2.59218 6

0.601067 -2.87921 6
0.905575 -2.70538 6
0.898085 -3.05503 6

1.79125 -2.51058 6
1.80434 -2.15958 6
2.09902 -2.32948 6

0.564392 2.6777 6
0.281782 2.87508 6
0.588681 3.03185 6

-0.00745026 3.06073 6
-0.302762 3.24958 6
0.00222519 3.41215 6

2.38686 1.99473 6
2.3534 2.36008 6
2.65407 2.21248 6

1.20349 -2.52497 6
1.49822 -2.34112 6
1.50361 -2.70081 6

-2.11133 2.59218 6
-2.12431 2.23343 6
-2.40658 2.39562 6

-2.41437 1.64774 6
-2.46188 1.27338 6
-2.72267 1.46975 6

3.0045 -0.765153 6
3.31205 -0.599476 6
3.34733 -0.943368 6

2.68619 -0.916387 6
2.65456 -0.616647 6
3.0045 -0.765153 6

2.38432 1.63966 6
2.08372 1.8237 6
2.38686 1.99473 6

-2.21009 -2.69196 6
-1.85037 -2.5539 6
-1.96507 -2.88102 6

-1.24131 -2.54849 6
-0.933006 -2.71083 6
-1.26176 -2.87813 6

1.79125 -2.51058 6
2.05373 -2.70615 6
1.78463 -2.89149 6

2.43366 1.31844 6
2.38432 1.63966 6
2.75631 1.46721 6

-2.11525 1.83554 7
-2.41437 1.64774 6
-2.39157 2.01624 6

0.882401 3.20211 6
0.588681 3.03185 6
0.597709 3.39299 6

-2.41655 -1.82895 6
-2.42085 -2.18469 6
-2.70836 -2.00511 6

-1.25832 -3.20414 6
-0.941306 -3.0425 6
-0.932404 -3.37623 6

1.79125 -2.51058 6
2.09902 -2.32948 6
2.05373 -2.70615 6

-2.83792 1.12307 6
-3.17478 0.960339 6
-3.06264 1.3309 6

-2.77848 -0.321412 6
-2.84789 -0.628806 6
-3.17478 -0.436518 6

2.07805 2.16527 6
1.76586 2.31293 6
2.05294 2.53021 6

-1.53231 -2.38086 6
-1.24131 -2.54849 6
-1.57777 -2.72427 6

2.69753 0.777013 6
2.73903 1.13194 6
3.02034 0.97706 6

-1.23191 2.75317 6
-1.51952 2.57875 6
-1.52772 2.93753 6

2.35617 -2.54821 6
2.38271 -2.11373 6
2.57136 -2.3572 6

2.42357 -1.43111 6
2.72353 -1.24675 6
2.71202 -1.60765 6

1.43935 2.47225 6
1.14965 2.64794 6
1.44937 2.83242 6

-3.33449 0.130519 6
-3.02243 -0.107777 6
-3.3574 -0.188169 6

-1.81781 -2.19611 6
-1.53231 -2.38086 6
-1.85037 -2.5539 6

-2.12577 -2.35906 6
-2.21009 -2.69196 6
-2.47384 -2.53055 6

-0.00745026 3.06073 6
-0.328588 2.90482 6
-0.302762 3.24958 6

1.73323 2.64987 6
1.43935 2.47225 6
1.44937 2.83242 6

-2.73001 -1.30211 6
-2.41527 -1.48026 6
-2.71728 -1.64224 6

3.06078 1.32908 6
2.75631 1.46721 6
3.03456 1.69309 6

-2.79556 -0.945347 6
-2.73001 -1.30211 6
-3.04176 -1.15496 6

0.898085 -3.05503 6
1.19168 -3.23487 6
0.884327 -3.41146 6

-2.11636 -2.01131 6
-1.81781 -2.19611 6
-2.12577 -2.35906 6

2.71734 -2.00996 6
2.71202 -1.60765 6
2.9689 -1.793 6

3.28936 0.814604 6
3.02034 0.97706 6
3.34668 1.16286 6

1.14965 2.64794 6
0.875715 2.83452 6
1.16526 3.01626 6

-2.79556 -0.945347 6
-3.04176 -1.15496 6
-3.17478 -0.785732 6

0.294138 -3.05121 6
0.595259 -3.23099 6
0.301826 -3.40277 6

-2.72267 1.46975 6
-3.06264 1.3309 6
-2.99333 1.67403 6

-0.933006 -2.71083 6
-0.625149 -2.87799 6
-0.941306 -3.0425 6

3.03456 1.69309 6
2.67031 1.78212 6
2.87379 2.00798 5

2.09369 -1.96702 6
2.43764 -1.78648 6
2.38271 -2.11373 6

-3.05287 -1.46533 6
-2.71728 -1.64224 6
-2.99861 -1.81667 6

-3.3574 -0.188169 6
-3.17478 -0.436518 6
-3.43892 -0.609131 6

1.20035 -2.87925 6
1.48971 -3.06144 6
1.19168 -3.23487 6

2.38432 1.63966 6
2.38686 1.99473 6
2.67031 1.78212 6

-0.312884 -3.04758 6
-0.00749746 -2.8763 6
-0.00483591 -3.22427 6

2.72353 -1.24675 6
2.68619 -0.916387 6
3.0352 -1.08535 6

-0.625149 -2.87799 6
-0.312884 -3.04758 6
-0.62391 -3.21436 6

-0.00483591 -3.22427 6
0.301826 -3.40277 6
0.00222519 -3.57213 0

-0.616294 3.09038 6
-0.918639 3.26875 6
-0.609306 3.43359 6

1.71255 3.05235 6
1.44937 2.83242 6
1.44236 3.2185 6

3.0352 -1.08535 6
3.34733 -0.943368 6
3.34947 -1.28181 6

2.97309 -0.0829232 6
2.93518 0.298927 6
3.2342 0.102898 6

1.44236 3.2185 6
1.16526 3.01626 6
1.1659 3.39571 6

0.281782 2.87508 6
-0.00745026 3.06073 6
0.299098 3.22639 6

-2.40658 2.39562 6
-2.39157 2.01624 6
-2.68224 2.1871 6

-2.68224 2.1871 6
-2.68801 1.83256 6
-2.98259 2.02102 6

1.50361 -2.70081 6
1.78463 -2.89149 6
1.48971 -3.06144 6

-2.42085 -2.18469 6
-2.47384 -2.53055 6
-2.74299 -2.3645 6

3.2342 0.102898 6
3.25704 0.46301 6
3.52348 0.257216 6

2.05294 2.53021 6
1.73323 2.64987 6
1.9665 2.88102 6

-3.17478 -0.436518 6
-3.17478 -0.785732 6
-3.43892 -0.609131 6

-2.41655 -1.82895 6
-2.11636 -2.01131 6
-2.42085 -2.18469 6

-0.932404 -3.37623 6
-0.62391 -3.21436 6
-0.609306 -3.55069 0

0.597709 3.39299 6
0.299098 3.22639 6
0.301826 3.58151 0

-2.84789 -0.628806 6
-2.79556 -0.945347 6
-3.17478 -0.785732 6

-1.57777 -2.72427 6
-1.59274 -3.03437 6
-1.96507 -2.88102 6

-1.57777 -2.72427 6
-1.26176 -2.87813 6
-1.59274 -3.03437 6

1.9665 2.88102 6
1.73323 2.64987 6
1.71255 3.05235 6

0.294138 -3.05121 6
0.601067 -2.87921 6
0.595259 -3.23099 6

2.96214 0.618174 6
3.02034 0.97706 6
3.28936 0.814604 6

-1.23191 2.75317 6
-1.52772 2.93753 6
-1.22686 3.10242 6

2.982 -0.441859 6
2.97309 -0.0829232 6
3.27618 -0.26436 6

2.93518 0.298927 6
2.96214 0.618174 6
3.25704 0.46301 6

-0.616294 3.09038 6
-0.924716 2.9213 6
-0.918639 3.26875 6

-2.71728 -1.64224 6
-2.41655 -1.82895 6
-2.70836 -2.00511 6

-0.302762 3.24958 6
-0.609306 3.43359 6
-0.306078 3.59566 0

-3.09891 0.581962 6
-3.41841 0.41708 6
-3.40404 0.74771 6

0.595259 -3.23099 6
0.884327 -3.41146 6
0.597709 -3.59129 0

-0.609306 3.43359 6
-0.932404 3.60805 0
-0.62391 3.76992 0

-1.51952 2.57875 6
-1.8119 2.42016 6
-1.82435 2.77214 6

2.71202 -1.60765 6
2.72353 -1.24675 6
3.01341 -1.4219 6

0.875715 2.83452 6
0.588681 3.03185 6
0.882401 3.20211 6

2.05373 -2.70615 6
2.35617 -2.54821 6
2.36069 -2.8637 6

3.0045 -0.765153 6
2.982 -0.441859 6
3.31205 -0.599476 6

2.38686 1.99473 6
2.07805 2.16527 6
2.3534 2.36008 6

-1.52772 2.93753 6
-1.85464 3.10453 6
-1.54062 3.27416 6

-0.924716 2.9213 6
-1.23191 2.75317 6
-1.22686 3.10242 6

-3.06264 1.3309 6
-3.38725 1.17954 6
-3.32849 1.52881 6

-3.09891 0.581962 6
-3.03227 0.250125 6
-3.41841 0.41708 6

2.73903 1.13194 6
2.75631 1.46721 6
3.06078 1.32908 6

-1.52772 2.93753 6
-1.82435 2.77214 6
-1.85464 3.10453 6

-3.03227 0.250125 6
-3.02243 -0.107777 6
-3.33449 0.130519 6

3.27618 -0.26436 6
3.54994 -0.0949579 6
3.62059 -0.429652 6

-2.72267 1.46975 6
-2.83792 1.12307 6
-3.06264 1.3309 6

-3.02243 -0.107777 6
-3.17478 -0.436518 6
-3.3574 -0.188169 6

-1.8119 2.42016 6
-2.12431 2.23343 6
-2.11133 2.59218 6

-3.33449 0.130519 6
-3.65159 -0.023426 6
-3.77964 0.261911 6

3.34668 1.16286 6
3.06078 1.32908 6
3.34199 1.52839 6

3.01341 -1.4219 6
3.34947 -1.28181 6
3.27418 -1.61538 6

2.67031 1.78212 6
2.38686 1.99473 6
2.65407 2.21248 6

-2.70836 -2.00511 6
-2.74299 -2.3645 6
-3.01301 -2.19018 6

-3.33527 -1.04421 6
-3.04176 -1.15496 6
-3.47721 -1.30955 6

2.43764 -1.78648 6
2.71202 -1.60765 6
2.71734 -2.00996 6

-3.65159 -0.023426 6
-3.3574 -0.188169 6
-3.65697 -0.376638 6

1.48971 -3.06144 6
1.78676 -3.24463 6
1.48504 -3.41443 6

-2.73001 -1.30211 6
-2.71728 -1.64224 6
-3.05287 -1.46533 6

3.5646 0.658751 6
3.28936 0.814604 6
3.63193 0.994422 6

3.52348 0.257216 6
3.25704 0.46301 6
3.5646 0.658751 6

1.1659 3.39571 6
0.882401 3.20211 6
0.884327 3.57282 0

-2.12431 2.23343 6
-2.39157 2.01624 6
-2.40658 2.39562 6

-2.16108 2.93667 6
-2.11133 2.59218 6
-2.4276 2.75009 6

-0.609306 -3.55069 0
-0.306078 -3.38862 6
-0.302762 -3.7347 0

2.05373 -2.70615 6
2.09902 -2.32948 6
2.35617 -2.54821 6

1.19168 -3.23487 6
1.48504 -3.41443 6
1.1659 -3.58857 0

-0.00483591 -3.22427 6
0.294138 -3.05121 6
0.301826 -3.40277 6

1.50361 -2.70081 6
1.79125 -2.51058 6
1.78463 -2.89149 6

0.588681 3.03185 6
0.299098 3.22639 6
0.597709 3.39299 6

-0.312884 -3.04758 6
-0.00483591 -3.22427 6
-0.306078 -3.38862 6

1.20035 -2.87925 6
1.50361 -2.70081 6
1.48971 -3.06144 6

-0.302762 3.24958 6
-0.616294 3.09038 6
-0.609306 3.43359 6

0.299098 3.22639 6
-0.00745026 3.06073 6
0.00222519 3.41215 6

0.898085 -3.05503 6
1.20035 -2.87925 6
1.19168 -3.23487 6

-3.17478 0.960339 6
-3.40404 0.74771 6
-3.38725 1.17954 6

0.301826 -3.40277 6
0.597709 -3.59129 0
0.299098 -3.7579 0

2.65407 2.21248 6
2.67839 2.52731 6
3.02682 2.2954 7

-1.59274 -3.03437 6
-1.26176 -2.87813 6
-1.25832 -3.20414 6

-2.70985 2.53728 6
-2.68224 2.1871 6
-3.00075 2.36438 6

-2.68801 1.83256 6
-2.72267 1.46975 6
-2.99333 1.67403 6

-1.96507 -2.88102 6
-1.59274 -3.03437 6
-1.86909 -3.20858 6

-1.26176 -2.87813 6
-0.941306 -3.0425 6
-1.25832 -3.20414 6

-2.99333 1.67403 6
-3.32849 1.52881 6
-3.29055 1.86588 6

-3.05287 -1.46533 6
-2.99861 -1.81667 6
-3.31028 -1.63234 6

2.3534 2.36008 6
2.33555 2.69863 6
2.67839 2.52731 6

0.00222519 3.41215 6
-0.306078 3.59566 0
-0.00483591 3.76001 0

-3.40404 0.74771 6
-3.71421 0.582699 6
-3.65871 0.962708 6

2.57136 -2.3572 6
2.71734 -2.00996 6
2.93177 -2.24393 6

2.71202 -1.60765 6
3.01341 -1.4219 6
2.9689 -1.793 6

0.884327 3.57282 0
0.597709 3.39299 6
0.595259 3.75329 0

-2.39157 2.01624 6
-2.68801 1.83256 6
-2.68224 2.1871 6

-3.17478 0.960339 6
-3.09891 0.581962 6
-3.40404 0.74771 6

0.884327 -3.41146 6
1.1659 -3.58857 0
0.882401 -3.78218 0

3.31205 -0.599476 6
3.62059 -0.429652 6
3.62106 -0.763836 6

-2.12577 -2.35906 6
-1.85037 -2.5539 6
-2.21009 -2.69196 6

2.09902 -2.32948 6
2.38271 -2.11373 6
2.35617 -2.54821 6

2.93177 -2.24393 6
2.9689 -1.793 6
3.17622 -2.00798 6

2.75631 1.46721 6
2.67031 1.78212 6
3.03456 1.69309 6

2.38271 -2.11373 6
2.71734 -2.00996 6
2.57136 -2.3572 6

3.0352 -1.08535 6
3.0045 -0.765153 6
3.34733 -0.943368 6

-2.68801 1.83256 6
-2.99333 1.67403 6
-2.98259 2.02102 6

-1.55689 -3.37465 6
-1.25832 -3.20414 6
-1.23291 -3.54099 0

2.3534 2.36008 6
2.05294 2.53021 6
2.33555 2.69863 6

-3.33449 0.130519 6
-3.3574 -0.188169 6
-3.65159 -0.023426 6

-2.70836 -2.00511 6
-2.42085 -2.18469 6
-2.74299 -2.3645 6

-2.4276 2.75009 6
-2.40658 2.39562 6
-2.70985 2.53728 6

-2.21009 -2.69196 6
-2.21981 -3.07228 6
-2.5189 -2.8942 6

-1.85037 -2.5539 6
-1.57777 -2.72427 6
-1.96507 -2.88102 6

3.2342 0.102898 6
3.52348 0.257216 6
3.54994 -0.0949579 6

2.05294 2.53021 6
1.9665 2.88102 6
2.33555 2.69863 6

-1.86909 -3.20858 6
-1.59274 -3.03437 6
-1.55689 -3.37465 6

2.36069 -2.8637 6
2.35617 -2.54821 6
2.70233 -2.6991 6

0.595259 -3.23099 6
0.898085 -3.05503 6
0.884327 -3.41146 6

-3.43892 -0.609131 6
-3.17478 -0.785732 6
-3.33527 -1.04421 6

-3.17478 -0.785732 6
-3.04176 -1.15496 6
-3.33527 -1.04421 6

1.73323 2.64987 6
1.44937 2.83242 6
1.71255 3.05235 6

3.34199 1.52839 6
3.03456 1.69309 6
3.27836 1.88632 7

1.44937 2.83242 6
1.16526 3.01626 6
1.44236 3.2185 6

-1.23291 -3.54099 0
-0.932404 -3.37623 6
-0.918639 -3.71554 0

-0.941306 -3.0425 6
-0.62391 -3.21436 6
-0.932404 -3.37623 6

2.67031 1.78212 6
2.65407 2.21248 6
2.87379 2.00798 5

-2.42085 -2.18469 6
-2.12577 -2.35906 6
-2.47384 -2.53055 6

-2.99861 -1.81667 6
-3.01301 -2.19018 6
-3.27345 -2.00314 6

-2.71728 -1.64224 6
-2.70836 -2.00511 6
-2.99861 -1.81667 6

3.01341 -1.4219 6
3.0352 -1.08535 6
3.34947 -1.28181 6

3.27836 1.88632 7
2.87379 2.00798 5
3.02682 2.2954 7

2.33555 2.69863 6
2.34657 3.00388 6
2.67226 2.84464 6

1.77245 3.38394 6
1.44236 3.2185 6
1.48504 3.56985 0

-0.306078 -3.38862 6
-0.00483591 -3.22427 6
0.00222519 -3.57213 0

3.34733 -0.943368 6
3.62106 -0.763836 6
3.64989 -1.16174 6

3.63193 0.994422 6
3.34668 1.16286 6
3.64053 1.35015 6

-3.71421 0.582699 6
-3.41841 0.41708 6
-3.77964 0.261911 6

3.52348 0.257216 6
3.5646 0.658751 6
3.78107 0.436518 6

3.02034 0.97706 6
3.06078 1.32908 6
3.34668 1.16286 6

0.00222519 -3.57213 0
0.299098 -3.7579 0
-0.00745026 -3.92356 0

3.27618 -0.26436 6
3.2342 0.102898 6
3.54994 -0.0949579 6

1.9665 2.88102 6
2.07412 3.19438 6
2.34657 3.00388 6

-3.06264 1.3309 6
-3.17478 0.960339 6
-3.38725 1.17954 6

-3.64682 -0.82357 6
-3.33527 -1.04421 6
-3.72486 -1.14181 6

0.301826 -3.40277 6
0.595259 -3.23099 6
0.597709 -3.59129 0

2.9689 -1.793 6
3.01341 -1.4219 6
3.27418 -1.61538 6

3.54994 -0.0949579 6
3.83733 0.0698742 6
3.90823 -0.245544 6

-0.306078 3.59566 0
-0.62391 3.76992 0
-0.312884 3.9367 0

0.00222519 3.41215 6
-0.302762 3.24958 6
-0.306078 3.59566 0

1.16526 3.01626 6
0.882401 3.20211 6
1.1659 3.39571 6

2.65407 2.21248 6
2.3534 2.36008 6
2.67839 2.52731 6

0.299098 3.22639 6
0.00222519 3.41215 6
0.301826 3.58151 0

3.28936 0.814604 6
3.34668 1.16286 6
3.63193 0.994422 6

-3.65697 -0.376638 6
-3.43892 -0.609131 6
-3.64682 -0.82357 6

-0.62391 -3.21436 6
-0.306078 -3.38862 6
-0.609306 -3.55069 0

-1.82435 2.77214 6
-2.11133 2.59218 6
-2.16108 2.93667 6

-1.85464 3.10453 6
-1.82435 2.77214 6
-2.16108 2.93667 6

0.595259 3.75329 0
0.301826 3.58151 0
0.294138 3.93307 0

-1.22686 3.10242 6
-1.54062 3.27416 6
-1.23291 3.44329 6

-0.918639 3.26875 6
-1.23291 3.44329 6
-0.932404 3.60805 0

-1.23291 3.44329 6
-1.55689 3.60963 0
-1.25832 3.78014 0

-0.609306 3.43359 6
-0.918639 3.26875 6
-0.932404 3.60805 0

-1.22686 3.10242 6
-1.52772 2.93753 6
-1.54062 3.27416 6

-2.47384 -2.53055 6
-2.5189 -2.8942 6
-2.7876 -2.72512 6

-0.918639 -3.71554 0
-0.609306 -3.55069 0
-0.616294 -3.8939 0

3.34947 -1.28181 6
3.64989 -1.16174 6
3.62507 -1.52212 6

3.25704 0.46301 6
3.28936 0.814604 6
3.5646 0.658751 6

-2.74299 -2.3645 6
-2.7876 -2.72512 6
-3.06453 -2.55677 6

1.48971 -3.06144 6
1.78463 -2.89149 6
1.78676 -3.24463 6

3.31205 -0.599476 6
3.27618 -0.26436 6
3.62059 -0.429652 6

-0.918639 3.26875 6
-1.22686 3.10242 6
-1.23291 3.44329 6

0.882401 3.20211 6
0.597709 3.39299 6
0.884327 3.57282 0

-3.00075 2.36438 6
-2.98259 2.02102 6
-3.2988 2.2045 6

-3.65697 -0.376638 6
-3.9163 -0.59784 6
-3.95491 -0.245544 0

2.70233 -2.6991 6
2.57136 -2.3572 6
2.99315 -2.53339 6

-2.79637 2.8621 6
-2.70985 2.53728 6
-3.0684 2.70177 6

-3.38725 1.17954 6
-3.65871 0.962708 6
-3.65346 1.35395 6

-2.56992 3.05562 6
-2.4276 2.75009 6
-2.79637 2.8621 6

-1.54062 3.27416 6
-1.8635 3.42923 6
-1.55689 3.60963 0

-2.99333 1.67403 6
-3.06264 1.3309 6
-3.32849 1.52881 6

-3.3574 -0.188169 6
-3.43892 -0.609131 6
-3.65697 -0.376638 6

3.62059 -0.429652 6
3.90823 -0.245544 6
3.94683 -0.59784 0

-2.11133 2.59218 6
-2.40658 2.39562 6
-2.4276 2.75009 6

3.27418 -1.61538 6
3.62507 -1.52212 6
3.47864 -1.83337 5

3.06078 1.32908 6
3.03456 1.69309 6
3.34199 1.52839 6

-3.32849 1.52881 6
-3.65346 1.35395 6
-3.61694 1.69973 6

0.597709 -3.59129 0
0.882401 -3.78218 0
0.588681 -3.95243 0

2.99315 -2.53339 6
2.93177 -2.24393 6
3.30669 -2.30735 6

1.48504 3.56985 0
1.1659 3.39571 6
1.19168 3.74941 0

2.07412 3.19438 6
1.71255 3.05235 6
1.77245 3.38394 6

3.62106 -0.763836 6
3.94683 -0.59784 0
3.8841 -0.947576 6

-3.05287 -1.46533 6
-3.31028 -1.63234 6
-3.47721 -1.30955 6

-3.40404 0.74771 6
-3.41841 0.41708 6
-3.71421 0.582699 6

2.71734 -2.00996 6
2.9689 -1.793 6
2.93177 -2.24393 6

2.67839 2.52731 6
2.67226 2.84464 6
2.98409 2.62607 6

3.34733 -0.943368 6
3.31205 -0.599476 6
3.62106 -0.763836 6

1.1659 -3.58857 0
1.44236 -3.76578 0
1.16526 -3.96802 0

1.48504 -3.41443 6
1.77245 -3.60035 0
1.44236 -3.76578 0

1.78676 -3.24463 6
1.78463 -2.89149 6
2.09003 -3.07432 6

2.05373 -2.70615 6
2.36069 -2.8637 6
2.09003 -3.07432 6

-2.21009 -2.69196 6
-1.96507 -2.88102 6
-2.21981 -3.07228 6

-2.40658 2.39562 6
-2.68224 2.1871 6
-2.70985 2.53728 6

0.597709 3.39299 6
0.301826 3.58151 0
0.595259 3.75329 0

-3.66728 -1.57876 6
-3.31028 -1.63234 6
-3.58069 -1.87019 6

-1.96507 -2.88102 6
-1.86909 -3.20858 6
-2.21981 -3.07228 6

-1.86909 -3.20858 6
-1.8635 -3.55505 0
-2.16668 -3.40344 6

-3.04176 -1.15496 6
-3.05287 -1.46533 6
-3.47721 -1.30955 6

-1.59274 -3.03437 6
-1.25832 -3.20414 6
-1.55689 -3.37465 6

2.36069 -2.8637 6
2.70233 -2.6991 6
2.57136 -3.05562 6

1.78463 -2.89149 6
2.05373 -2.70615 6
2.09003 -3.07432 6

-2.98259 2.02102 6
-2.99333 1.67403 6
-3.29055 1.86588 6

3.64053 1.35015 6
3.34199 1.52839 6
3.616 1.70783 6

1.19168 -3.23487 6
1.48971 -3.06144 6
1.48504 -3.41443 6

-3.33527 -1.04421 6
-3.47721 -1.30955 6
-3.72486 -1.14181 6

-2.99861 -1.81667 6
-2.70836 -2.00511 6
-3.01301 -2.19018 6

-0.302762 -3.7347 0
-0.00745026 -3.92356 0
-0.616294 -3.8939 0

-1.8635 3.42923 6
-1.85464 3.10453 6
-2.20321 3.2382 6

-3.43892 -0.609131 6
-3.33527 -1.04421 6
-3.64682 -0.82357 6

-0.306078 -3.38862 6
0.00222519 -3.57213 0
-0.302762 -3.7347 0

-1.86909 -3.20858 6
-1.55689 -3.37465 6
-1.8635 -3.55505 0

2.9689 -1.793 6
3.27418 -1.61538 6
3.17622 -2.00798 6

-0.932404 -3.37623 6
-0.609306 -3.55069 0
-0.918639 -3.71554 0

-1.25832 -3.20414 6
-0.932404 -3.37623 6
-1.23291 -3.54099 0

1.48504 -3.41443 6
1.78676 -3.24463 6
1.77245 -3.60035 0

3.03456 1.69309 6
2.87379 2.00798 5
3.27836 1.88632 7

-3.65159 -0.023426 6
-3.95491 -0.245544 0
-4.02581 0.0698742 0

-3.65871 0.962708 6
-3.71421 0.582699 6
-3.95918 0.788271 0

0.301826 3.58151 0
0.00222519 3.41215 6
-0.00483591 3.76001 0

-2.68224 2.1871 6
-2.98259 2.02102 6
-3.00075 2.36438 6

3.30669 -2.30735 6
3.17622 -2.00798 6
3.60648 -2.11715 7

3.78107 0.436518 6
3.5646 0.658751 6
3.90396 0.788271 6

-1.54062 -3.71012 0
-1.23291 -3.54099 0
-1.22686 -3.88186 0

0.00222519 -3.57213 0
0.301826 -3.40277 6
0.299098 -3.7579 0

0.884327 -3.41146 6
1.19168 -3.23487 6
1.1659 -3.58857 0

-3.32849 1.52881 6
-3.38725 1.17954 6
-3.65346 1.35395 6

0.294138 3.93307 0
-0.00483591 3.76001 0
-0.312884 3.9367 0

3.5646 0.658751 6
3.63193 0.994422 6
3.90396 0.788271 6

-2.20321 3.2382 6
-2.16108 2.93667 6
-2.56992 3.05562 6

-3.9163 -0.59784 6
-3.64682 -0.82357 6
-3.97904 -0.947576 0

-3.38725 1.17954 6
-3.40404 0.74771 6
-3.65871 0.962708 6

3.34668 1.16286 6
3.34199 1.52839 6
3.64053 1.35015 6

-3.41841 0.41708 6
-3.33449 0.130519 6
-3.77964 0.261911 6

1.1659 3.39571 6
0.884327 3.57282 0
1.19168 3.74941 0

-3.01301 -2.19018 6
-3.06453 -2.55677 6
-3.31954 -2.38211 6

2.07079 -3.44041 6
2.09003 -3.07432 6
2.36654 -3.28785 6

3.52348 0.257216 6
3.78107 0.436518 6
3.83733 0.0698742 6

2.87379 2.00798 5
2.65407 2.21248 6
3.02682 2.2954 7

1.19168 3.74941 0
0.884327 3.57282 0
0.898085 3.92926 0

2.07079 3.54388 0
1.77245 3.38394 6
1.78676 3.73966 0

3.34947 -1.28181 6
3.34733 -0.943368 6
3.64989 -1.16174 6

3.90396 0.788271 6
3.63193 0.994422 6
3.93429 1.15805 0

1.9665 2.88102 6
1.71255 3.05235 6
2.07412 3.19438 6

0.597709 -3.59129 0
0.884327 -3.41146 6
0.882401 -3.78218 0

-3.29055 1.86588 6
-3.61694 1.69973 6
-3.60601 2.03731 6

2.33555 2.69863 6
1.9665 2.88102 6
2.34657 3.00388 6

-0.00745026 -3.92356 0
0.299098 -3.7579 0
0.588681 -3.95243 0

2.35617 -2.54821 6
2.57136 -2.3572 6
2.70233 -2.6991 6

2.34657 3.00388 6
2.38207 3.3616 6
2.64933 3.20281 6

1.71255 3.05235 6
1.44236 3.2185 6
1.77245 3.38394 6

-0.306078 3.59566 0
-0.609306 3.43359 6
-0.62391 3.76992 0

-3.77964 0.261911 6
-4.02581 0.0698742 0
-4.08206 0.436518 0

1.44236 3.2185 6
1.1659 3.39571 6
1.48504 3.56985 0

-0.932404 3.60805 0
-1.25832 3.78014 0
-0.941306 3.94178 0

-2.7876 -2.72512 6
-2.87235 -3.05562 6
-3.15645 -2.86918 6

3.83733 0.0698742 6
4.0835 0.261911 0
4.21154 -0.023426 0

3.616 1.70783 6
3.27836 1.88632 7
3.62414 2.03139 6

0.588681 -3.95243 0
0.882401 -3.78218 0
1.16526 -3.96802 0

-3.0684 2.70177 6
-3.00075 2.36438 6
-3.34366 2.53666 6

-2.47384 -2.53055 6
-2.21009 -2.69196 6
-2.5189 -2.8942 6

-0.312884 3.9367 0
-0.62391 3.76992 0
-0.941306 3.94178 0

-3.31028 -1.63234 6
-2.99861 -1.81667 6
-3.27345 -2.00314 6

3.62059 -0.429652 6
3.54994 -0.0949579 6
3.90823 -0.245544 6

3.54994 -0.0949579 6
3.52348 0.257216 6
3.83733 0.0698742 6

2.07412 3.19438 6
1.77245 3.38394 6
2.07079 3.54388 0

-1.8635 -3.55505 0
-1.55689 -3.37465 6
-1.54062 -3.71012 0

-0.918639 -3.71554 0
-0.616294 -3.8939 0
-1.22686 -3.88186 0

3.32282 2.1947 5
3.02682 2.2954 7
3.31517 2.54524 6

-3.72486 -1.14181 6
-3.47721 -1.30955 6
-3.66728 -1.57876 6

2.57136 -3.05562 6
2.70233 -2.6991 6
2.97133 -2.87474 6

0.595259 3.75329 0
0.294138 3.93307 0
0.898085 3.92926 0

-3.27345 -2.00314 6
-3.31954 -2.38211 6
-3.58409 -2.19441 6

1.78676 3.73966 0
1.48504 3.56985 0
1.48971 3.92284 0

-3.65871 0.962708 6
-3.95918 0.788271 0
-3.92885 1.15805 6

-3.65346 1.35395 6
-3.92885 1.15805 6
-3.93816 1.52981 0

-2.74299 -2.3645 6
-2.47384 -2.53055 6
-2.7876 -2.72512 6

-1.54062 3.27416 6
-1.85464 3.10453 6
-1.8635 3.42923 6

-2.16108 2.93667 6
-2.4276 2.75009 6
-2.56992 3.05562 6

3.93429 1.15805 0
3.64053 1.35015 6
3.92497 1.52981 6

2.67839 2.52731 6
2.33555 2.69863 6
2.67226 2.84464 6

3.27418 -1.61538 6
3.34947 -1.28181 6
3.62507 -1.52212 6

3.64989 -1.16174 6
3.8841 -0.947576 6
3.9249 -1.38758 6

-1.8635 3.42923 6
-2.16668 3.58084 0
-1.86909 3.77571 0

-1.85464 3.10453 6
-2.16108 2.93667 6
-2.20321 3.2382 6

-1.8635 -3.55505 0
-1.85464 -3.87975 0
-2.20321 -3.74608 0

2.57136 -2.3572 6
2.93177 -2.24393 6
2.99315 -2.53339 6

-2.21981 -3.07228 6
-2.16668 -3.40344 6
-2.51234 -3.22866 6

-0.302762 -3.7347 0
0.00222519 -3.57213 0
-0.00745026 -3.92356 0

-1.23291 3.44329 6
-1.54062 3.27416 6
-1.55689 3.60963 0

-3.65697 -0.376638 6
-3.64682 -0.82357 6
-3.9163 -0.59784 6

2.36069 -2.8637 6
2.57136 -3.05562 6
2.36654 -3.28785 6

3.90823 -0.245544 6
4.21154 -0.023426 0
4.20617 -0.376638 0

-0.609306 -3.55069 0
-0.302762 -3.7347 0
-0.616294 -3.8939 0

3.17622 -2.00798 6
3.27418 -1.61538 6
3.47864 -1.83337 5

0.884327 3.57282 0
0.595259 3.75329 0
0.898085 3.92926 0

2.67226 2.84464 6
2.64933 3.20281 6
2.93776 3.04694 6

-0.932404 3.60805 0
-1.23291 3.44329 6
-1.25832 3.78014 0

-1.85464 -3.87975 0
-1.22686 -3.88186 0
-2.56992 -3.92866 0

1.19168 3.74941 0
0.898085 3.92926 0
1.48971 3.92284 0

0.301826 3.58151 0
-0.00483591 3.76001 0
0.294138 3.93307 0

-0.00483591 3.76001 0
-0.306078 3.59566 0
-0.312884 3.9367 0

2.07412 3.19438 6
2.07079 3.54388 0
2.38207 3.3616 6

-3.97904 -0.947576 0
-3.72486 -1.14181 6
-3.93824 -1.38758 0

-1.22686 -3.88186 0
-0.616294 -3.8939 0
-2.56992 -3.92866 0

3.62507 -1.52212 6
3.64989 -1.16174 6
3.9249 -1.38758 6

-3.65159 -0.023426 6
-3.65697 -0.376638 6
-3.95491 -0.245544 0

2.93177 -2.24393 6
3.17622 -2.00798 6
3.30669 -2.30735 6

-2.98259 2.02102 6
-3.29055 1.86588 6
-3.2988 2.2045 6

-3.01301 -2.19018 6
-2.74299 -2.3645 6
-3.06453 -2.55677 6

3.02682 2.2954 7
2.67839 2.52731 6
2.98409 2.62607 6

-1.55689 3.60963 0
-1.86909 3.77571 0
-1.59274 3.94991 0

3.27836 1.88632 7
3.02682 2.2954 7
3.32282 2.1947 5

-2.16668 3.58084 0
-2.20321 3.2382 6
-2.4696 3.41264 6

4.0835 0.261911 0
3.78107 0.436518 6
4.14892 0.582699 0

-0.62391 3.76992 0
-0.932404 3.60805 0
-0.941306 3.94178 0

-4.24255 -0.429652 0
-3.9163 -0.59784 6
-4.24208 -0.763836 0

-3.47721 -1.30955 6
-3.31028 -1.63234 6
-3.66728 -1.57876 6

3.94683 -0.59784 0
4.20617 -0.376638 0
4.21632 -0.82357 0

3.62106 -0.763836 6
3.62059 -0.429652 6
3.94683 -0.59784 0

3.92497 1.52981 6
3.616 1.70783 6
3.94111 1.86766 0

-0.941306 3.94178 0
-1.25832 3.78014 0
-1.59274 3.94991 0

-3.34366 2.53666 6
-3.2988 2.2045 6
-3.63873 2.37286 6

-3.95491 -0.245544 0
-4.24255 -0.429652 0
-4.31319 -0.0949579 0

0.588681 -3.95243 0
1.16526 -3.96802 0
-2.56992 -3.92866 0

2.97133 -2.87474 6
2.99315 -2.53339 6
3.28642 -2.67878 6

2.57136 -3.05562 6
2.97133 -2.87474 6
2.92089 -3.18169 6

-2.51234 -3.22866 6
-2.4696 -3.57164 0
-2.80288 -3.36526 6

0.299098 -3.7579 0
0.597709 -3.59129 0
0.588681 -3.95243 0

-2.4276 2.75009 6
-2.70985 2.53728 6
-2.79637 2.8621 6

-3.29055 1.86588 6
-3.32849 1.52881 6
-3.61694 1.69973 6

3.64989 -1.16174 6
3.62106 -0.763836 6
3.8841 -0.947576 6

3.34199 1.52839 6
3.27836 1.88632 7
3.616 1.70783 6

4.14892 0.582699 0
3.90396 0.788271 6
4.20443 0.962708 0

-1.23291 -3.54099 0
-0.918639 -3.71554 0
-1.22686 -3.88186 0

-2.4696 3.41264 6
-2.56992 3.05562 6
-2.7866 3.28695 6

1.77245 -3.60035 0
1.78676 -3.24463 6
2.07079 -3.44041 6

-2.21981 -3.07228 6
-1.86909 -3.20858 6
-2.16668 -3.40344 6

3.17622 -2.00798 6
3.47864 -1.83337 5
3.60648 -2.11715 7

-3.77964 0.261911 6
-3.65159 -0.023426 6
-4.02581 0.0698742 0

-2.5189 -2.8942 6
-2.51234 -3.22866 6
-2.87235 -3.05562 6

1.16526 -3.96802 0
1.44236 -3.76578 0
1.71255 -3.93193 0

1.78676 -3.24463 6
2.09003 -3.07432 6
2.07079 -3.44041 6

-3.61694 1.69973 6
-3.93816 1.52981 0
-3.92203 1.86766 6

-1.55689 -3.37465 6
-1.23291 -3.54099 0
-1.54062 -3.71012 0

-2.70985 2.53728 6
-3.00075 2.36438 6
-3.0684 2.70177 6

-3.93824 -1.38758 0
-3.66728 -1.57876 6
-3.99938 -1.74778 0

3.27836 1.88632 7
3.32282 2.1947 5
3.62414 2.03139 6

2.57136 3.92866 0
0.294138 3.93307 0
3.26261 3.93189 0

2.09003 -3.07432 6
2.36069 -2.8637 6
2.36654 -3.28785 6

3.9249 -1.38758 6
3.8841 -0.947576 6
4.13828 -1.14181 0

-3.99938 -1.74778 0
-3.58069 -1.87019 6
-3.89952 -2.02491 5

1.1659 -3.58857 0
1.48504 -3.41443 6
1.44236 -3.76578 0

2.07412 -3.78991 0
2.07079 -3.44041 6
2.38207 -3.62269 0

-3.06453 -2.55677 6
-3.15645 -2.86918 6
-3.47721 -2.70641 6

-2.87235 -3.05562 6
-2.80288 -3.36526 6
-3.17478 -3.23023 6

-3.95918 0.788271 0
-3.71421 0.582699 6
-4.08206 0.436518 0

-3.31028 -1.63234 6
-3.27345 -2.00314 6
-3.58069 -1.87019 6

2.70233 -2.6991 6
2.99315 -2.53339 6
2.97133 -2.87474 6

0.882401 -3.78218 0
1.1659 -3.58857 0
1.16526 -3.96802 0

2.36654 3.69643 0
2.07079 3.54388 0
2.09003 3.90997 0

-0.312884 3.9367 0
-0.941306 3.94178 0
-1.59274 3.94991 0

2.34657 3.00388 6
2.07412 3.19438 6
2.38207 3.3616 6

-4.02581 0.0698742 0
-4.31319 -0.0949579 0
-4.33966 0.257216 0

-1.54062 -3.71012 0
-1.22686 -3.88186 0
-1.85464 -3.87975 0

1.48971 3.92284 0
0.898085 3.92926 0
2.57136 3.92866 0

-3.27345 -2.00314 6
-3.01301 -2.19018 6
-3.31954 -2.38211 6

3.83733 0.0698742 6
3.78107 0.436518 6
4.0835 0.261911 0

-2.7866 3.28695 6
-2.79637 2.8621 6
-3.05986 3.08142 6

-3.65346 1.35395 6
-3.65871 0.962708 6
-3.92885 1.15805 6

-3.64682 -0.82357 6
-3.72486 -1.14181 6
-3.97904 -0.947576 0

-3.31954 -2.38211 6
-3.47721 -2.70641 6
-3.6975 -2.49972 6

-2.5189 -2.8942 6
-2.21981 -3.07228 6
-2.51234 -3.22866 6

1.44236 -3.76578 0
1.77245 -3.60035 0
1.71255 -3.93193 0

-3.2988 2.2045 6
-3.29055 1.86588 6
-3.60601 2.03731 6

-4.23121 0.994422 0
-3.95918 0.788271 0
-4.29853 0.658751 0

-4.08206 0.436518 0
-4.33966 0.257216 0
-4.29853 0.658751 0

4.21154 -0.023426 0
4.0835 0.261911 0
4.44473 0.41708 0

3.63193 0.994422 6
3.64053 1.35015 6
3.93429 1.15805 0

2.98409 2.62607 6
2.93776 3.04694 6
3.17622 2.88102 6

-3.71421 0.582699 6
-3.77964 0.261911 6
-4.08206 0.436518 0

-3.92885 1.15805 6
-4.23121 0.994422 0
-4.22261 1.35015 0

2.98409 2.62607 6
2.67226 2.84464 6
2.93776 3.04694 6

4.20443 0.962708 0
3.93429 1.15805 0
4.20967 1.35395 0

0.294138 3.93307 0
-0.312884 3.9367 0
-1.59274 3.94991 0

-1.8635 -3.55505 0
-1.54062 -3.71012 0
-1.85464 -3.87975 0

3.28642 -2.67878 6
3.30669 -2.30735 6
3.57462 -2.48396 6

-3.05986 3.08142 6
-3.0684 2.70177 6
-3.35306 2.90053 6

1.71255 -3.93193 0
1.77245 -3.60035 0
2.07412 -3.78991 0

2.64933 3.20281 6
2.68938 3.57673 0
2.95727 3.38114 6

-3.72486 -1.14181 6
-3.66728 -1.57876 6
-3.93824 -1.38758 0

2.92089 -3.18169 6
2.97133 -2.87474 6
3.26261 -3.05239 6

1.77245 3.38394 6
1.48504 3.56985 0
1.78676 3.73966 0

3.94111 1.86766 0
3.62414 2.03139 6
3.93156 2.20197 6

3.32282 2.1947 5
3.31517 2.54524 6
3.62713 2.37928 6

2.67226 2.84464 6
2.34657 3.00388 6
2.64933 3.20281 6

3.9249 -1.38758 6
4.13828 -1.14181 0
4.19585 -1.57876 0

2.38207 -3.62269 0
2.36654 -3.28785 6
2.68938 -3.40755 6

3.62507 -1.52212 6
3.9249 -1.38758 6
3.86376 -1.74778 7

-3.63873 2.37286 6
-3.60601 2.03731 6
-3.93158 2.20197 0

-4.24208 -0.763836 0
-3.97904 -0.947576 0
-4.21325 -1.16174 0

3.02682 2.2954 7
2.98409 2.62607 6
3.31517 2.54524 6

1.78676 3.73966 0
1.48971 3.92284 0
2.09003 3.90997 0

-3.58409 -2.19441 6
-3.6975 -2.49972 6
-3.97861 -2.32646 0

3.60648 -2.11715 7
3.47864 -1.83337 5
3.86376 -1.74778 7

3.62713 2.37928 6
3.31517 2.54524 6
3.57728 2.72839 6

-1.8635 3.42923 6
-2.20321 3.2382 6
-2.16668 3.58084 0

-2.4696 -3.57164 0
-2.16668 -3.40344 6
-2.20321 -3.74608 0

3.78107 0.436518 6
3.90396 0.788271 6
4.14892 0.582699 0

-4.21325 -1.16174 0
-3.93824 -1.38758 0
-4.23807 -1.52212 0

-2.7876 -2.72512 6
-2.5189 -2.8942 6
-2.87235 -3.05562 6

3.90396 0.788271 6
3.93429 1.15805 0
4.20443 0.962708 0

1.48504 3.56985 0
1.19168 3.74941 0
1.48971 3.92284 0

-1.86909 3.77571 0
-2.16668 3.58084 0
-2.21981 3.912 0

-3.00075 2.36438 6
-3.2988 2.2045 6
-3.34366 2.53666 6

-3.58069 -1.87019 6
-3.27345 -2.00314 6
-3.58409 -2.19441 6

3.90823 -0.245544 6
3.83733 0.0698742 6
4.21154 -0.023426 0

2.99315 -2.53339 6
3.30669 -2.30735 6
3.28642 -2.67878 6

2.09003 3.90997 0
1.48971 3.92284 0
2.57136 3.92866 0

-2.20321 3.2382 6
-2.56992 3.05562 6
-2.4696 3.41264 6

-3.35306 2.90053 6
-3.34366 2.53666 6
-3.64737 2.72048 6

4.20967 1.35395 0
3.92497 1.52981 6
4.24619 1.69973 0

3.64053 1.35015 6
3.616 1.70783 6
3.92497 1.52981 6

-1.55689 3.60963 0
-1.8635 3.42923 6
-1.86909 3.77571 0

-1.59274 3.94991 0
-1.86909 3.77571 0
-2.21981 3.912 0

3.94683 -0.59784 0
3.90823 -0.245544 6
4.20617 -0.376638 0

4.21632 -0.82357 0
4.20617 -0.376638 0
4.42422 -0.609131 0

-2.56992 3.05562 6
-2.79637 2.8621 6
-2.7866 3.28695 6

-3.61694 1.69973 6
-3.65346 1.35395 6
-3.93816 1.52981 0

4.13828 -1.14181 0
3.8841 -0.947576 6
4.21632 -0.82357 0

2.38207 3.3616 6
2.07079 3.54388 0
2.36654 3.69643 0

2.64933 -3.78148 0
2.68938 -3.40755 6
2.95727 -3.60314 0

3.60648 -2.11715 7
3.96362 -2.02491 0
3.88453 -2.32646 6

3.47864 -1.83337 5
3.62507 -1.52212 6
3.86376 -1.74778 7

3.31517 2.54524 6
2.98409 2.62607 6
3.17622 2.88102 6

-1.25832 3.78014 0
-1.55689 3.60963 0
-1.59274 3.94991 0

-3.93816 1.52981 0
-4.22261 1.35015 0
-4.24714 1.70783 0

-3.95491 -0.245544 0
-3.9163 -0.59784 6
-4.24255 -0.429652 0

-3.67075 -3.92364 0
-2.56992 -3.92866 0
-4.31498 -3.94922 0

-3.06453 -2.55677 6
-2.7876 -2.72512 6
-3.15645 -2.86918 6

2.93776 3.04694 6
2.95727 3.38114 6
3.27598 3.21849 6

3.55106 -2.86234 6
3.57462 -2.48396 6
3.84504 -2.67435 6

-3.15645 -2.86918 6
-3.17478 -3.23023 6
-3.46072 -3.04293 6

2.57136 -3.05562 6
2.92089 -3.18169 6
2.68938 -3.40755 6

3.86376 -1.74778 7
4.19585 -1.57876 0
4.28245 -1.87019 0

4.20443 0.962708 0
4.20967 1.35395 0
4.44473 0.41708 0

3.8841 -0.947576 6
3.94683 -0.59784 0
4.21632 -0.82357 0

-2.80288 -3.36526 6
-2.7866 -3.69733 0
-3.0988 -3.54715 0

-3.9163 -0.59784 6
-3.97904 -0.947576 0
-4.24208 -0.763836 0

-0.00745026 -3.92356 0
0.588681 -3.95243 0
-2.56992 -3.92866 0

3.17622 2.88102 6
3.27598 3.21849 6
3.54815 3.03507 6

-2.51234 3.75562 0
-2.4696 3.41264 6
-2.80288 3.61902 0

-4.24255 -0.429652 0
-4.24208 -0.763836 0
-4.31319 -0.0949579 0

4.21632 -0.82357 0
4.42422 -0.609131 0
4.38593 -1.30955 0

4.19585 -1.57876 0
4.13828 -1.14181 0
4.38593 -1.30955 0

4.14892 0.582699 0
4.20443 0.962708 0
4.44473 0.41708 0

-4.02581 0.0698742 0
-3.95491 -0.245544 0
-4.31319 -0.0949579 0

-4.21325 -1.16174 0
-4.23807 -1.52212 0
-4.38449 -1.83337 0

2.38207 -3.62269 0
2.64933 -3.78148 0
2.34657 -3.9804 0

3.26261 -3.05239 6
3.28642 -2.67878 6
3.55106 -2.86234 6

3.616 1.70783 6
3.62414 2.03139 6
3.94111 1.86766 0

1.77245 -3.60035 0
2.07079 -3.44041 6
2.07412 -3.78991 0

2.07079 -3.44041 6
2.36654 -3.28785 6
2.38207 -3.62269 0

-2.7866 -3.69733 0
-2.4696 -3.57164 0
-2.56992 -3.92866 0

3.62414 2.03139 6
3.32282 2.1947 5
3.62713 2.37928 6

-3.0988 3.43713 6
-3.05986 3.08142 6
-3.3762 3.24686 6

-2.51234 -3.22866 6
-2.16668 -3.40344 6
-2.4696 -3.57164 0

2.36654 -3.28785 6
2.57136 -3.05562 6
2.68938 -3.40755 6

-4.33966 0.257216 0
-4.31319 -0.0949579 0
-4.38449 -1.83337 0

-3.17478 -3.23023 6
-3.0988 -3.54715 0
-3.45534 -3.39498 6

-3.92203 1.86766 6
-4.24714 1.70783 0
-4.239 2.03139 0

-2.79637 2.8621 6
-3.0684 2.70177 6
-3.05986 3.08142 6

-3.60601 2.03731 6
-3.61694 1.69973 6
-3.92203 1.86766 6

-4.23121 0.994422 0
-4.29853 0.658751 0
-4.22261 1.35015 0

2.38207 3.3616 6
2.36654 3.69643 0
2.68938 3.57673 0

-3.2988 2.2045 6
-3.60601 2.03731 6
-3.63873 2.37286 6

-2.16668 -3.40344 6
-1.8635 -3.55505 0
-2.20321 -3.74608 0

-4.23601 2.37928 0
-4.239 2.03139 0
-4.28586 2.72839 0

-4.31319 -0.0949579 0
-4.24208 -0.763836 0
-4.38449 -1.83337 0

-3.92885 1.15805 6
-3.95918 0.788271 0
-4.23121 0.994422 0

-4.08206 0.436518 0
-4.02581 0.0698742 0
-4.33966 0.257216 0

3.30669 -2.30735 6
3.60648 -2.11715 7
3.57462 -2.48396 6

-3.58069 -1.87019 6
-3.58409 -2.19441 6
-3.89952 -2.02491 5

-3.95918 0.788271 0
-4.08206 0.436518 0
-4.29853 0.658751 0

-3.47721 -2.70641 6
-3.46072 -3.04293 6
-3.77964 -2.88102 6

3.93156 2.20197 6
3.62713 2.37928 6
3.91208 2.5527 6

4.21154 -0.023426 0
4.44473 0.41708 0
4.42422 -0.609131 0

-3.66728 -1.57876 6
-3.58069 -1.87019 6
-3.99938 -1.74778 0

-3.93816 1.52981 0
-3.92885 1.15805 6
-4.22261 1.35015 0

-4.23807 -1.52212 0
-3.99938 -1.74778 0
-4.38449 -1.83337 0

2.97133 -2.87474 6
3.28642 -2.67878 6
3.26261 -3.05239 6

-3.97904 -0.947576 0
-3.93824 -1.38758 0
-4.21325 -1.16174 0

-2.87235 -3.05562 6
-2.51234 -3.22866 6
-2.80288 -3.36526 6

-3.89952 -2.02491 5
-3.58409 -2.19441 6
-3.97861 -2.32646 0

3.93429 1.15805 0
3.92497 1.52981 6
4.20967 1.35395 0

-3.58409 -2.19441 6
-3.31954 -2.38211 6
-3.6975 -2.49972 6

-3.64737 2.72048 6
-3.63873 2.37286 6
-3.95105 2.5527 0

2.92089 -3.18169 6
3.26261 -3.05239 6
3.17622 -3.40484 6

-3.31954 -2.38211 6
-3.06453 -2.55677 6
-3.47721 -2.70641 6

3.92497 1.52981 6
3.94111 1.86766 0
4.24619 1.69973 0

2.38207 -3.62269 0
2.68938 -3.40755 6
2.64933 -3.78148 0

4.24619 1.69973 0
3.94111 1.86766 0
4.25712 2.03731 0

4.44473 0.41708 0
4.20967 1.35395 0
4.24619 1.69973 0

-4.22261 1.35015 0
-4.29853 0.658751 0
-4.24714 1.70783 0

2.68938 3.57673 0
2.36654 3.69643 0
2.57136 3.92866 0

2.07079 3.54388 0
1.78676 3.73966 0
2.09003 3.90997 0

-2.21981 3.912 0
-2.16668 3.58084 0
-2.51234 3.75562 0

-3.0684 2.70177 6
-3.34366 2.53666 6
-3.35306 2.90053 6

-4.28586 2.72839 0
-4.24714 1.70783 0
-4.31498 3.03507 0

3.60648 -2.11715 7
3.86376 -1.74778 7
3.96362 -2.02491 0

-2.51234 3.75562 0
-2.80288 3.61902 0
-2.87235 3.92866 0

-3.15645 -2.86918 6
-2.87235 -3.05562 6
-3.17478 -3.23023 6

4.0835 0.261911 0
4.14892 0.582699 0
4.44473 0.41708 0

-3.17478 3.75405 0
-3.0988 3.43713 6
-3.45534 3.5893 0

3.96362 -2.02491 0
4.28245 -1.87019 0
4.27905 -2.19441 0

4.20617 -0.376638 0
4.21154 -0.023426 0
4.42422 -0.609131 0

4.25712 2.03731 0
3.93156 2.20197 6
4.22441 2.37286 0

3.17622 -3.40484 6
3.26261 -3.05239 6
3.51546 -3.25814 6

3.86376 -1.74778 7
3.9249 -1.38758 6
4.19585 -1.57876 0

2.64933 3.20281 6
2.38207 3.3616 6
2.68938 3.57673 0

3.57462 -2.48396 6
3.60648 -2.11715 7
3.88453 -2.32646 6

4.19585 -1.57876 0
4.38593 -1.30955 0
4.28245 -1.87019 0

2.93776 3.04694 6
2.64933 3.20281 6
2.95727 3.38114 6

-3.3762 3.24686 6
-3.35306 2.90053 6
-3.67075 3.06065 6

-2.80288 3.61902 0
-2.7866 3.28695 6
-3.0988 3.43713 6

-3.6975 -2.49972 6
-3.77964 -2.88102 6
-4.0181 -2.67435 0

3.28642 -2.67878 6
3.57462 -2.48396 6
3.55106 -2.86234 6

3.31517 2.54524 6
3.17622 2.88102 6
3.57728 2.72839 6

-3.34366 2.53666 6
-3.63873 2.37286 6
-3.64737 2.72048 6

-3.93824 -1.38758 0
-3.99938 -1.74778 0
-4.23807 -1.52212 0

3.62414 2.03139 6
3.62713 2.37928 6
3.93156 2.20197 6

-2.4696 3.41264 6
-2.7866 3.28695 6
-2.80288 3.61902 0

3.27598 3.21849 6
2.95727 3.38114 6
3.17622 3.57944 0

-3.60601 2.03731 6
-3.92203 1.86766 6
-3.93158 2.20197 0

3.57728 2.72839 6
3.17622 2.88102 6
3.54815 3.03507 6

-2.16668 3.58084 0
-2.4696 3.41264 6
-2.51234 3.75562 0

3.51546 -3.25814 6
3.55106 -2.86234 6
3.79659 -3.06529 6

4.13828 -1.14181 0
4.21632 -0.82357 0
4.38593 -1.30955 0

-4.38449 -1.83337 0
-3.99938 -1.74778 0
-4.25666 -2.11715 0

1.16526 -3.96802 0
1.71255 -3.93193 0
2.34657 -3.9804 0

3.17622 2.88102 6
2.93776 3.04694 6
3.27598 3.21849 6

-3.95105 2.5527 0
-3.93158 2.20197 0
-4.23601 2.37928 0

1.71255 -3.93193 0
2.07412 -3.78991 0
2.34657 -3.9804 0

3.96362 -2.02491 0
3.86376 -1.74778 7
4.28245 -1.87019 0

3.91208 2.5527 6
3.57728 2.72839 6
3.89207 2.88457 6

2.64933 -3.78148 0
2.95727 -3.60314 0
2.93776 -3.93735 0

4.38593 -2.70641 0
4.38593 -1.30955 0
4.40241 -3.04293 0

2.36654 3.69643 0
2.09003 3.90997 0
2.57136 3.92866 0

-3.67075 3.06065 6
-3.64737 2.72048 6
-3.97107 2.88457 0

-3.92203 1.86766 6
-3.93816 1.52981 0
-4.24714 1.70783 0

-2.80288 -3.36526 6
-2.4696 -3.57164 0
-2.7866 -3.69733 0

3.88453 -2.32646 6
4.27905 -2.19441 0
4.16564 -2.49972 0

3.27598 3.21849 6
3.17622 3.57944 0
3.53459 3.39955 6

-4.32855 3.39955 0
-4.31498 3.03507 0
-4.34768 3.72615 0

-3.47721 -2.70641 6
-3.15645 -2.86918 6
-3.46072 -3.04293 6

-3.45534 3.5893 0
-3.3762 3.24686 6
-3.7113 3.39201 6

-3.89952 -2.02491 5
-3.97861 -2.32646 0
-4.25666 -2.11715 0

4.40241 -3.04293 0
4.42422 -0.609131 0
4.4078 -3.39498 0

-0.616294 -3.8939 0
-0.00745026 -3.92356 0
-2.56992 -3.92866 0

3.27598 -3.76579 0
3.17622 -3.40484 6
3.53459 -3.58473 0

2.07412 -3.78991 0
2.38207 -3.62269 0
2.34657 -3.9804 0

-2.7866 3.28695 6
-3.05986 3.08142 6
-3.0988 3.43713 6

-4.24208 -0.763836 0
-4.21325 -1.16174 0
-4.38449 -1.83337 0

-3.0988 -3.54715 0
-2.7866 -3.69733 0
-3.05986 -3.90286 0

-2.20321 -3.74608 0
-1.85464 -3.87975 0
-2.56992 -3.92866 0

3.53459 -3.58473 0
3.51546 -3.25814 6
3.83145 -3.43432 6

2.92089 -3.18169 6
3.17622 -3.40484 6
2.95727 -3.60314 0

2.68938 -3.40755 6
2.92089 -3.18169 6
2.95727 -3.60314 0

0.898085 3.92926 0
0.294138 3.93307 0
2.57136 3.92866 0

3.94111 1.86766 0
3.93156 2.20197 6
4.25712 2.03731 0

-2.21981 3.912 0
-2.51234 3.75562 0
-2.87235 3.92866 0

-2.7866 -3.69733 0
-2.56992 -3.92866 0
-3.05986 -3.90286 0

3.62713 2.37928 6
3.57728 2.72839 6
3.91208 2.5527 6

-4.29853 0.658751 0
-4.33966 0.257216 0
-4.31498 3.03507 0

4.27905 -2.19441 0
4.28245 -1.87019 0
4.38593 -2.70641 0

4.44473 0.41708 0
4.24619 1.69973 0
4.25712 2.03731 0

3.57462 -2.48396 6
3.88453 -2.32646 6
3.84504 -2.67435 6

3.17622 3.57944 0
2.95727 3.38114 6
2.92089 3.80259 0

-3.05986 3.08142 6
-3.35306 2.90053 6
-3.3762 3.24686 6

-3.46072 -3.04293 6
-3.45534 -3.39498 6
-3.77964 -3.23023 6

-2.4696 -3.57164 0
-2.20321 -3.74608 0
-2.56992 -3.92866 0

-4.38449 -1.83337 0
-4.25666 -2.11715 0
-4.28851 -2.48396 0

2.68938 3.57673 0
2.57136 3.92866 0
2.92089 3.80259 0

-2.87235 3.92866 0
-2.80288 3.61902 0
-3.17478 3.75405 0

-3.93158 2.20197 0
-3.92203 1.86766 6
-4.239 2.03139 0

-3.35306 2.90053 6
-3.64737 2.72048 6
-3.67075 3.06065 6

-3.63873 2.37286 6
-3.93158 2.20197 0
-3.95105 2.5527 0

-3.17478 -3.23023 6
-2.80288 -3.36526 6
-3.0988 -3.54715 0

-3.77964 -2.88102 6
-3.77964 -3.23023 6
-4.06655 -3.06529 0

4.22441 2.37286 0
3.91208 2.5527 6
4.21577 2.72048 0

2.92089 3.80259 0
2.57136 3.92866 0
3.26261 3.93189 0

-3.97861 -2.32646 0
-4.0181 -2.67435 0
-4.28851 -2.48396 0

3.26261 -3.05239 6
3.55106 -2.86234 6
3.51546 -3.25814 6

-3.6975 -2.49972 6
-3.47721 -2.70641 6
-3.77964 -2.88102 6

2.34657 -3.9804 0
2.64933 -3.78148 0
2.93776 -3.93735 0

-3.99938 -1.74778 0
-3.89952 -2.02491 5
-4.25666 -2.11715 0

3.83145 -3.43432 6
3.79659 -3.06529 6
4.0835 -3.23023 0

-3.97107 2.88457 0
-3.95105 2.5527 0
-4.28586 2.72839 0

4.22441 2.37286 0
4.21577 2.72048 0
4.4078 3.5893 0

3.54815 3.03507 6
3.53459 3.39955 6
3.85011 3.2099 6

2.34657 -3.9804 0
2.93776 -3.93735 0
3.54815 -3.94922 0

3.79659 -3.06529 6
3.84504 -2.67435 6
4.0835 -2.88102 0

3.17622 3.57944 0
3.26261 3.93189 0
3.51546 3.72615 0

2.95727 3.38114 6
2.68938 3.57673 0
2.92089 3.80259 0

-3.97861 -2.32646 0
-3.6975 -2.49972 6
-4.0181 -2.67435 0

3.88453 -2.32646 6
3.96362 -2.02491 0
4.27905 -2.19441 0

-4.239 2.03139 0
-4.24714 1.70783 0
-4.28586 2.72839 0

-3.0988 -3.54715 0
-3.05986 -3.90286 0
-3.3762 -3.73743 0

-3.46072 -3.04293 6
-3.17478 -3.23023 6
-3.45534 -3.39498 6

-3.93158 2.20197 0
-4.239 2.03139 0
-4.23601 2.37928 0

3.53459 3.39955 6
3.51546 3.72615 0
3.83145 3.54996 0

3.57728 2.72839 6
3.54815 3.03507 6
3.89207 2.88457 6

4.0835 -2.88102 0
4.16564 -2.49972 0
4.38593 -2.70641 0

3.93156 2.20197 6
3.91208 2.5527 6
4.22441 2.37286 0

-3.17478 3.75405 0
-3.45534 3.5893 0
-3.46072 3.94136 0

3.84504 -2.67435 6
3.88453 -2.32646 6
4.16564 -2.49972 0

3.54815 3.03507 6
3.27598 3.21849 6
3.53459 3.39955 6

-3.7113 3.39201 6
-3.67075 3.06065 6
-4.01302 3.2099 0

-1.59274 3.94991 0
-2.21981 3.912 0
-2.87235 3.92866 0

3.55106 -2.86234 6
3.84504 -2.67435 6
3.79659 -3.06529 6

-4.01302 3.2099 0
-3.97107 2.88457 0
-4.31498 3.03507 0

4.21577 2.72048 0
3.89207 2.88457 6
4.19239 3.06065 0

4.44473 0.41708 0
4.25712 2.03731 0
4.4078 3.5893 0

-4.0181 -2.67435 0
-4.06655 -3.06529 0
-4.31208 -2.86234 0

-3.64737 2.72048 6
-3.95105 2.5527 0
-3.97107 2.88457 0

-3.45534 -3.39498 6
-3.3762 -3.73743 0
-3.7113 -3.59227 0

2.93776 -3.93735 0
2.95727 -3.60314 0
3.27598 -3.76579 0

4.16564 -2.49972 0
4.27905 -2.19441 0
4.38593 -2.70641 0

-4.38449 -1.83337 0
-4.28851 -2.48396 0
-4.31208 -2.86234 0

-2.80288 3.61902 0
-3.0988 3.43713 6
-3.17478 3.75405 0

-4.25666 -2.11715 0
-3.97861 -2.32646 0
-4.28851 -2.48396 0

-1.59274 3.94991 0
-2.87235 3.92866 0
-3.46072 3.94136 0

3.54815 -3.94922 0
3.53459 -3.58473 0
3.85011 -3.77438 0

-3.05986 -3.90286 0
-2.56992 -3.92866 0
-3.67075 -3.92364 0

3.17622 -3.40484 6
3.51546 -3.25814 6
3.53459 -3.58473 0

-3.77964 -2.88102 6
-3.46072 -3.04293 6
-3.77964 -3.23023 6

3.26261 3.93189 0
0.294138 3.93307 0
4.40241 3.94136 0

-3.0988 3.43713 6
-3.3762 3.24686 6
-3.45534 3.5893 0

2.93776 -3.93735 0
3.27598 -3.76579 0
3.54815 -3.94922 0

2.95727 -3.60314 0
3.17622 -3.40484 6
3.27598 -3.76579 0

3.84504 -2.67435 6
4.16564 -2.49972 0
4.0835 -2.88102 0

-3.67075 3.06065 6
-3.97107 2.88457 0
-4.01302 3.2099 0

3.89207 2.88457 6
3.54815 3.03507 6
3.85011 3.2099 6

-3.3762 3.24686 6
-3.67075 3.06065 6
-3.7113 3.39201 6

3.91208 2.5527 6
3.89207 2.88457 6
4.21577 2.72048 0

-3.77964 3.75405 0
-3.7113 3.39201 6
-4.03169 3.54996 0

-3.77964 -3.23023 6
-3.45534 -3.39498 6
-3.7113 -3.59227 0

-3.45534 -3.39498 6
-3.0988 -3.54715 0
-3.3762 -3.73743 0

3.51546 -3.25814 6
3.79659 -3.06529 6
3.83145 -3.43432 6

-3.77964 -3.23023 6
-3.7113 -3.59227 0
-4.03169 -3.43432 0

-3.7113 -3.59227 0
-3.3762 -3.73743 0
-3.67075 -3.92364 0

3.85011 3.2099 6
3.83145 3.54996 0
4.15184 3.39201 0

-3.95105 2.5527 0
-4.23601 2.37928 0
-4.28586 2.72839 0

-4.0181 -2.67435 0
-3.77964 -2.88102 6
-4.06655 -3.06529 0

3.27598 -3.76579 0
3.53459 -3.58473 0
3.54815 -3.94922 0

3.89207 2.88457 6
3.85011 3.2099 6
4.19239 3.06065 0

3.17622 3.57944 0
2.92089 3.80259 0
3.26261 3.93189 0

3.85011 -3.77438 0
3.83145 -3.43432 6
4.15184 -3.59227 0

3.53459 3.39955 6
3.17622 3.57944 0
3.51546 3.72615 0

-2.87235 3.92866 0
-3.17478 3.75405 0
-3.46072 3.94136 0

-3.97107 2.88457 0
-4.28586 2.72839 0
-4.31498 3.03507 0

-4.06655 -3.06529 0
-4.03169 -3.43432 0
-4.34768 -3.25814 0

4.0835 -3.23023 0
4.0835 -2.88102 0
4.40241 -3.04293 0

4.28245 -1.87019 0
4.38593 -1.30955 0
4.38593 -2.70641 0

4.15184 -3.59227 0
4.0835 -3.23023 0
4.4078 -3.39498 0

-4.06655 -3.06529 0
-3.77964 -3.23023 6
-4.03169 -3.43432 0

-3.7113 -3.59227 0
-3.67075 -3.92364 0
-4.01302 -3.77438 0

-4.03169 3.54996 0
-4.01302 3.2099 0
-4.32855 3.39955 0

-4.28851 -2.48396 0
-4.0181 -2.67435 0
-4.31208 -2.86234 0

4.21577 2.72048 0
4.19239 3.06065 0
4.4078 3.5893 0

3.83145 3.54996 0
3.51546 3.72615 0
3.79659 3.919 0

3.83145 3.54996 0
3.79659 3.919 0
4.0835 3.75405 0

3.79659 -3.06529 6
4.0835 -2.88102 0
4.0835 -3.23023 0

4.19239 3.06065 0
3.85011 3.2099 6
4.15184 3.39201 0

3.85011 3.2099 6
3.53459 3.39955 6
3.83145 3.54996 0

-3.46072 3.94136 0
-3.45534 3.5893 0
-3.77964 3.75405 0

-4.38449 -1.83337 0
-4.31208 -2.86234 0
-4.34768 -3.25814 0

-4.24714 1.70783 0
-4.29853 0.658751 0
-4.31498 3.03507 0

-4.03169 -3.43432 0
-4.01302 -3.77438 0
-4.32855 -3.58473 0

4.38593 -1.30955 0
4.42422 -0.609131 0
4.40241 -3.04293 0

-3.3762 -3.73743 0
-3.05986 -3.90286 0
-3.67075 -3.92364 0

-4.03169 -3.43432 0
-3.7113 -3.59227 0
-4.01302 -3.77438 0

-3.45534 3.5893 0
-3.7113 3.39201 6
-3.77964 3.75405 0

-4.01302 3.2099 0
-4.31498 3.03507 0
-4.32855 3.39955 0

3.85011 -3.77438 0
4.15184 -3.59227 0
4.19239 -3.92364 0

4.0835 -2.88102 0
4.38593 -2.70641 0
4.40241 -3.04293 0

4.19239 3.06065 0
4.15184 3.39201 0
4.4078 3.5893 0

3.79659 3.919 0
3.26261 3.93189 0
4.40241 3.94136 0

-4.06655 3.919 0
-4.03169 3.54996 0
-4.34768 3.72615 0

-3.7113 3.39201 6
-4.01302 3.2099 0
-4.03169 3.54996 0

1.16526 -3.96802 0
2.34657 -3.9804 0
-4.31498 -3.94922 0

3.83145 -3.43432 6
4.0835 -3.23023 0
4.15184 -3.59227 0

3.53459 -3.58473 0
3.83145 -3.43432 6
3.85011 -3.77438 0

-4.33966 0.257216 0
-4.38449 -1.83337 0
-4.34768 3.72615 0

-4.31208 -2.86234 0
-4.06655 -3.06529 0
-4.34768 -3.25814 0

4.15184 3.39201 0
3.83145 3.54996 0
4.0835 3.75405 0

3.51546 3.72615 0
3.26261 3.93189 0
3.79659 3.919 0

-4.32855 -3.58473 0
-4.01302 -3.77438 0
-4.31498 -3.94922 0

4.0835 -3.23023 0
4.40241 -3.04293 0
4.4078 -3.39498 0

0.294138 3.93307 0
-1.59274 3.94991 0
4.40241 3.94136 0

-3.46072 3.94136 0
-3.77964 3.75405 0
-4.06655 3.919 0

-4.01302 -3.77438 0
-3.67075 -3.92364 0
-4.31498 -3.94922 0

4.15184 -3.59227 0
4.4078 -3.39498 0
4.19239 -3.92364 0

4.15184 3.39201 0
4.0835 3.75405 0
4.4078 3.5893 0

4.42422 -0.609131 0
4.44473 0.41708 0
4.4078 -3.39498 0

-4.34768 -3.25814 0
-4.03169 -3.43432 0
-4.32855 -3.58473 0

-4.31498 3.03507 0
-4.33966 0.257216 0
-4.34768 3.72615 0

3.54815 -3.94922 0
3.85011 -3.77438 0
4.19239 -3.92364 0

4.25712 2.03731 0
4.22441 2.37286 0
4.4078 3.5893 0

-3.77964 3.75405 0
-4.03169 3.54996 0
-4.06655 3.919 0

4.4078 3.5893 0
4.0835 3.75405 0
4.40241 3.94136 0

-4.03169 3.54996 0
-4.32855 3.39955 0
-4.34768 3.72615 0

-4.34768 -3.25814 0
-4.32855 -3.58473 0
-4.31498 -3.94922 0

-2.56992 -3.92866 0
1.16526 -3.96802 0
-4.31498 -3.94922 0

4.0835 3.75405 0
3.79659 3.919 0
4.40241 3.94136 0

# 3.93157 -3.93157 3.49214 -3.49214
