# x y adNum
0.27839 -0.334229 5
0.059166 -0.049724 7
0.454361 -0.0873035 7

0.059166 -0.049724 7
-0.270156 0.0652571 6
0.0277244 0.285878 6

0.059166 -0.049724 7
-0.0713643 -0.352831 5
-0.366088 -0.228699 6

0.151933 -0.611125 7
0.608996 -0.741427 6
0.35133 -0.90246 6

0.059166 -0.049724 7
0.0277244 0.285878 6
0.3371 0.194755 5

0.0277244 0.285878 6
-0.275207 0.403669 6
0.0780931 0.603313 6

-0.275207 0.403669 6
-0.270156 0.0652571 6
-0.579104 0.206688 6

-0.270156 0.0652571 6
0.059166 -0.049724 7
-0.366088 -0.228699 6

-0.0713643 -0.352831 5
0.27839 -0.334229 5
0.151933 -0.611125 7

-0.0713643 -0.352831 5
0.059166 -0.049724 7
0.27839 -0.334229 5

0.059166 -0.049724 7
0.3371 0.194755 5
0.454361 -0.0873035 7

-0.296117 0.722459 6
-0.275207 0.403669 6
-0.595361 0.554124 6

0.3371 0.194755 5
0.398785 0.523144 6
0.653553 0.261378 6

0.0277244 0.285878 6
-0.270156 0.0652571 6
-0.275207 0.403669 6

-0.692032 -0.114115 6
-0.366088 -0.228699 6
-0.634856 -0.424757 6

0.0277244 0.285878 6
0.0780931 0.603313 6
0.398785 0.523144 6

-0.579104 0.206688 6
-0.270156 0.0652571 6
-0.692032 -0.114115 6

0.151933 -0.611125 7
0.27839 -0.334229 5
0.580841 -0.434386 6

-0.0713643 -0.352831 5
0.151933 -0.611125 7
-0.292722 -0.599193 7

0.580841 -0.434386 6
0.454361 -0.0873035 7
0.819408 -0.205616 6

0.3371 0.194755 5
0.0277244 0.285878 6
0.398785 0.523144 6

0.0780931 0.603313 6
-0.296117 0.722459 6
-0.0274279 0.903702 6

0.398785 0.523144 6
0.352086 0.869098 7
0.681572 0.654956 6

-0.366088 -0.228699 6
-0.0713643 -0.352831 5
-0.292722 -0.599193 7

-0.579104 0.206688 6
-0.929977 0.0862393 6
-0.898294 0.406704 6

-0.270156 0.0652571 6
-0.366088 -0.228699 6
-0.692032 -0.114115 6

-0.634856 -0.424757 6
-0.562945 -0.775316 6
-0.878711 -0.601965 6

0.454361 -0.0873035 7
0.3371 0.194755 5
0.653553 0.261378 6

-0.562945 -0.775316 6
-0.292722 -0.599193 7
-0.286515 -0.987295 6

0.27839 -0.334229 5
0.454361 -0.0873035 7
0.580841 -0.434386 6

-0.929977 0.0862393 6
-0.692032 -0.114115 6
-1.05778 -0.261911 7

-0.366088 -0.228699 6
-0.292722 -0.599193 7
-0.634856 -0.424757 6

0.819408 -0.205616 6
1.19215 -0.0518068 6
1.17925 -0.369533 6

0.0780931 0.603313 6
-0.275207 0.403669 6
-0.296117 0.722459 6

-0.275207 0.403669 6
-0.579104 0.206688 6
-0.595361 0.554124 6

0.608996 -0.741427 6
0.580841 -0.434386 6
0.907943 -0.548704 6

-0.292722 -0.599193 7
0.151933 -0.611125 7
-0.0252211 -0.840754 5

0.653553 0.261378 6
0.681572 0.654956 6
0.945951 0.451387 6

0.819408 -0.205616 6
0.454361 -0.0873035 7
0.897412 0.0862323 6

-0.296117 0.722459 6
-0.614845 0.910772 6
-0.343535 1.07435 6

0.454361 -0.0873035 7
0.653553 0.261378 6
0.897412 0.0862323 6

0.151933 1.13495 5
-0.0274279 0.903702 6
-0.150495 1.30955 6

-0.614845 0.910772 6
-0.595361 0.554124 6
-0.896437 0.746715 6

0.0780931 0.603313 6
-0.0274279 0.903702 6
0.352086 0.869098 7

-0.579104 0.206688 6
-0.692032 -0.114115 6
-0.929977 0.0862393 6

-0.286515 -0.987295 6
-0.0252211 -0.840754 5
0.103881 -1.14568 6

0.633712 1.00304 5
0.352086 0.869098 7
0.547418 1.30068 7

0.398785 0.523144 6
0.0780931 0.603313 6
0.352086 0.869098 7

-0.0252211 -0.840754 5
0.35133 -0.90246 6
0.103881 -1.14568 6

0.653553 0.261378 6
0.398785 0.523144 6
0.681572 0.654956 6

-0.929977 0.0862393 6
-1.05778 -0.261911 7
-1.25766 -0.0250875 5

-0.634856 -0.424757 6
-0.292722 -0.599193 7
-0.562945 -0.775316 6

0.151933 -0.611125 7
0.580841 -0.434386 6
0.608996 -0.741427 6

1.19215 -0.0518068 6
0.897412 0.0862323 6
1.22858 0.283641 6

-0.878711 -0.601965 6
-0.562945 -0.775316 6
-0.815103 -0.985627 6

-0.0252211 -0.840754 5
0.151933 -0.611125 7
0.35133 -0.90246 6

-0.898294 0.406704 6
-1.24322 0.304772 6
-1.21922 0.608933 6

-0.595361 0.554124 6
-0.579104 0.206688 6
-0.898294 0.406704 6

-0.292722 -0.599193 7
-0.0252211 -0.840754 5
-0.286515 -0.987295 6

-0.529099 -1.17929 6
-0.286515 -0.987295 6
-0.181277 -1.32257 6

0.897412 0.0862323 6
0.653553 0.261378 6
0.945951 0.451387 6

0.681572 0.654956 6
0.633712 1.00304 5
0.958768 0.831408 6

0.674798 -1.08395 6
0.608996 -0.741427 6
0.947601 -0.893017 6

0.580841 -0.434386 6
0.819408 -0.205616 6
0.907943 -0.548704 6

-0.815103 -0.985627 6
-0.562945 -0.775316 6
-0.529099 -1.17929 6

-0.634856 -0.424757 6
-0.878711 -0.601965 6
-1.05778 -0.261911 7

-0.692032 -0.114115 6
-0.634856 -0.424757 6
-1.05778 -0.261911 7

-0.614845 0.910772 6
-0.896437 0.746715 6
-0.891204 1.12132 6

0.945951 0.451387 6
0.958768 0.831408 6
1.24049 0.639282 6

-0.296117 0.722459 6
-0.595361 0.554124 6
-0.614845 0.910772 6

0.633712 1.00304 5
0.547418 1.30068 7
0.923716 1.17477 6

-0.0274279 0.903702 6
-0.296117 0.722459 6
-0.343535 1.07435 6

0.947601 -0.893017 6
0.907943 -0.548704 6
1.23025 -0.717701 6

0.352086 0.869098 7
-0.0274279 0.903702 6
0.151933 1.13495 5

-1.05778 -0.261911 7
-1.21169 -0.51365 5
-1.47915 -0.270617 7

0.35133 -0.90246 6
0.674798 -1.08395 6
0.416945 -1.27642 6

-0.891204 1.12132 6
-0.896437 0.746715 6
-1.18367 0.943954 6

-0.595361 0.554124 6
-0.898294 0.406704 6
-0.896437 0.746715 6

1.49594 -0.212132 6
1.19215 -0.0518068 6
1.52644 0.123769 6

0.681572 0.654956 6
0.352086 0.869098 7
0.633712 1.00304 5

0.103881 -1.14568 6
0.416945 -1.27642 6
0.134191 -1.48917 6

0.819408 -0.205616 6
0.897412 0.0862323 6
1.19215 -0.0518068 6

1.22858 0.283641 6
0.945951 0.451387 6
1.24049 0.639282 6

0.907943 -0.548704 6
0.819408 -0.205616 6
1.17925 -0.369533 6

-0.898294 0.406704 6
-0.929977 0.0862393 6
-1.24322 0.304772 6

-0.929977 0.0862393 6
-1.25766 -0.0250875 5
-1.24322 0.304772 6

0.907943 -0.548704 6
1.17925 -0.369533 6
1.23025 -0.717701 6

0.897412 0.0862323 6
0.945951 0.451387 6
1.22858 0.283641 6

0.945951 0.451387 6
0.681572 0.654956 6
0.958768 0.831408 6

0.547418 1.30068 7
0.151933 1.13495 5
0.259544 1.43631 6

-0.878711 -0.601965 6
-0.815103 -0.985627 6
-1.1204 -0.844624 6

0.35133 -0.90246 6
0.608996 -0.741427 6
0.674798 -1.08395 6

-1.25766 -0.0250875 5
-1.05778 -0.261911 7
-1.47915 -0.270617 7

-1.21169 -0.51365 5
-0.878711 -0.601965 6
-1.1204 -0.844624 6

-0.286515 -0.987295 6
0.103881 -1.14568 6
-0.181277 -1.32257 6

-0.0274279 0.903702 6
-0.343535 1.07435 6
-0.150495 1.30955 6

-0.562945 -0.775316 6
-0.286515 -0.987295 6
-0.529099 -1.17929 6

0.674798 -1.08395 6
0.986052 -1.25526 6
0.716303 -1.44948 6

0.608996 -0.741427 6
0.907943 -0.548704 6
0.947601 -0.893017 6

0.986052 -1.25526 6
0.947601 -0.893017 6
1.25986 -1.0751 6

-1.24322 0.304772 6
-1.55006 0.121889 6
-1.59477 0.461244 6

-1.05778 -0.261911 7
-0.878711 -0.601965 6
-1.21169 -0.51365 5

0.958768 0.831408 6
0.923716 1.17477 6
1.25322 0.993513 6

-0.343535 1.07435 6
-0.616717 1.29566 6
-0.368157 1.52574 6

-1.21922 0.608933 6
-1.59477 0.461244 6
-1.51734 0.75864 6

-0.815103 -0.985627 6
-0.529099 -1.17929 6
-0.799068 -1.36093 6

0.103881 -1.14568 6
0.35133 -0.90246 6
0.416945 -1.27642 6

-0.150495 1.30955 6
-0.368157 1.52574 6
-0.0290194 1.62672 6

-0.896437 0.746715 6
-0.898294 0.406704 6
-1.21922 0.608933 6

-1.47915 -0.270617 7
-1.21169 -0.51365 5
-1.47232 -0.675706 6

0.416945 -1.27642 6
0.716303 -1.44948 6
0.441124 -1.64113 6

1.52644 0.123769 6
1.22858 0.283641 6
1.5366 0.471052 6

-0.815103 -0.985627 6
-0.799068 -1.36093 6
-1.09747 -1.19073 6

-0.181277 -1.32257 6
0.103881 -1.14568 6
0.134191 -1.48917 6

1.5366 0.471052 6
1.24049 0.639282 6
1.55387 0.811593 6

0.352086 0.869098 7
0.151933 1.13495 5
0.547418 1.30068 7

-1.24322 0.304772 6
-1.25766 -0.0250875 5
-1.55006 0.121889 6

1.17925 -0.369533 6
1.49594 -0.212132 6
1.51753 -0.549274 6

0.259544 1.43631 6
-0.150495 1.30955 6
-0.0290194 1.62672 6

-0.614845 0.910772 6
-0.891204 1.12132 6
-0.616717 1.29566 6

-0.343535 1.07435 6
-0.614845 0.910772 6
-0.616717 1.29566 6

0.923716 1.17477 6
0.547418 1.30068 7
0.864102 1.49021 6

1.25986 -1.0751 6
1.23025 -0.717701 6
1.53614 -0.898795 6

0.151933 1.13495 5
-0.150495 1.30955 6
0.259544 1.43631 6

-0.946014 1.48115 6
-0.891204 1.12132 6
-1.20184 1.30196 6

0.958768 0.831408 6
0.633712 1.00304 5
0.923716 1.17477 6

-1.47232 -0.675706 6
-1.1204 -0.844624 6
-1.4106 -1.01955 6

-0.466085 -1.51794 6
-0.181277 -1.32257 6
-0.1557 -1.67372 6

-0.150495 1.30955 6
-0.343535 1.07435 6
-0.368157 1.52574 6

-1.25766 -0.0250875 5
-1.47915 -0.270617 7
-1.55006 0.121889 6

1.23025 -0.717701 6
1.17925 -0.369533 6
1.51753 -0.549274 6

1.17925 -0.369533 6
1.19215 -0.0518068 6
1.49594 -0.212132 6

1.00996 -1.63265 6
0.986052 -1.25526 6
1.27964 -1.45339 6

-0.896437 0.746715 6
-1.21922 0.608933 6
-1.18367 0.943954 6

0.134191 -1.48917 6
0.441124 -1.64113 6
0.15155 -1.83835 6

1.19215 -0.0518068 6
1.22858 0.283641 6
1.52644 0.123769 6

-0.368157 1.52574 6
-0.672761 1.65532 6
-0.35947 1.85567 6

-1.78841 -0.0998607 6
-1.47915 -0.270617 7
-1.73555 -0.465845 6

1.24049 0.639282 6
0.958768 0.831408 6
1.25322 0.993513 6

-0.616717 1.29566 6
-0.946014 1.48115 6
-0.672761 1.65532 6

-0.799068 -1.36093 6
-0.767506 -1.70299 6
-1.08813 -1.54251 6

-0.799068 -1.36093 6
-0.529099 -1.17929 6
-0.466085 -1.51794 6

-0.529099 -1.17929 6
-0.181277 -1.32257 6
-0.466085 -1.51794 6

-0.181277 -1.32257 6
0.134191 -1.48917 6
-0.1557 -1.67372 6

0.674798 -1.08395 6
0.947601 -0.893017 6
0.986052 -1.25526 6

1.82349 -0.0512247 6
1.52644 0.123769 6
1.83716 0.309491 6

0.923716 1.17477 6
0.864102 1.49021 6
1.22151 1.33122 6

-1.18367 0.943954 6
-1.21922 0.608933 6
-1.51734 0.75864 6

-1.55006 0.121889 6
-1.78841 -0.0998607 6
-1.86049 0.269585 6

1.22858 0.283641 6
1.24049 0.639282 6
1.5366 0.471052 6

0.561238 1.65067 6
0.259544 1.43631 6
0.247551 1.78854 6

1.49594 -0.212132 6
1.82349 -0.0512247 6
1.80767 -0.375992 6

1.25322 0.993513 6
1.22151 1.33122 6
1.55252 1.16005 6

0.416945 -1.27642 6
0.674798 -1.08395 6
0.716303 -1.44948 6

1.27964 -1.45339 6
1.25986 -1.0751 6
1.54345 -1.28959 6

-1.1204 -0.844624 6
-0.815103 -0.985627 6
-1.09747 -1.19073 6

0.947601 -0.893017 6
1.23025 -0.717701 6
1.25986 -1.0751 6

-1.21169 -0.51365 5
-1.1204 -0.844624 6
-1.47232 -0.675706 6

0.716303 -1.44948 6
1.00996 -1.63265 6
0.737237 -1.81866 6

-1.21922 0.608933 6
-1.24322 0.304772 6
-1.59477 0.461244 6

-0.45541 -1.86234 6
-0.1557 -1.67372 6
-0.151069 -2.02123 6

1.23025 -0.717701 6
1.51753 -0.549274 6
1.53614 -0.898795 6

-1.20184 1.30196 6
-1.18367 0.943954 6
-1.48184 1.09484 6

-1.09747 -1.19073 6
-1.08813 -1.54251 6
-1.39401 -1.37124 6

-1.1204 -0.844624 6
-1.09747 -1.19073 6
-1.4106 -1.01955 6

-0.1557 -1.67372 6
0.134191 -1.48917 6
0.15155 -1.83835 6

1.86023 0.638766 6
1.55387 0.811593 6
1.85747 0.992099 6

-1.59477 0.461244 6
-1.55006 0.121889 6
-1.86049 0.269585 6

0.134191 -1.48917 6
0.416945 -1.27642 6
0.441124 -1.64113 6

0.864102 1.49021 6
0.547418 1.30068 7
0.561238 1.65067 6

1.83716 0.309491 6
1.5366 0.471052 6
1.86023 0.638766 6

-0.0290194 1.62672 6
-0.35947 1.85567 6
-0.0788457 1.97765 6

-1.18367 0.943954 6
-1.51734 0.75864 6
-1.48184 1.09484 6

-1.73555 -0.465845 6
-1.47232 -0.675706 6
-1.73766 -0.849688 6

1.25322 0.993513 6
0.923716 1.17477 6
1.22151 1.33122 6

0.547418 1.30068 7
0.259544 1.43631 6
0.561238 1.65067 6

0.441124 -1.64113 6
0.737237 -1.81866 6
0.449617 -2.00366 6

1.24049 0.639282 6
1.25322 0.993513 6
1.55387 0.811593 6

-0.672761 1.65532 6
-0.946014 1.48115 6
-0.994738 1.82427 6

-0.616717 1.29566 6
-0.891204 1.12132 6
-0.946014 1.48115 6

-0.891204 1.12132 6
-1.18367 0.943954 6
-1.20184 1.30196 6

1.22151 1.33122 6
1.16292 1.65123 6
1.52517 1.48896 6

-1.78841 -0.0998607 6
-1.73555 -0.465845 6
-2.04844 -0.319917 6

1.51753 -0.549274 6
1.80767 -0.375992 6
1.83426 -0.73526 7

-0.368157 1.52574 6
-0.616717 1.29566 6
-0.672761 1.65532 6

-1.50788 1.45991 6
-1.48184 1.09484 6
-1.7813 1.23108 6

-1.55006 0.121889 6
-1.47915 -0.270617 7
-1.78841 -0.0998607 6

-1.4106 -1.01955 6
-1.39401 -1.37124 6
-1.69577 -1.20202 6

-1.47915 -0.270617 7
-1.47232 -0.675706 6
-1.73555 -0.465845 6

2.11175 0.12414 5
1.83716 0.309491 6
2.17372 0.468159 7

0.259544 1.43631 6
-0.0290194 1.62672 6
0.247551 1.78854 6

-0.0290194 1.62672 6
-0.368157 1.52574 6
-0.35947 1.85567 6

1.54345 -1.28959 6
1.53614 -0.898795 6
1.79628 -1.12112 5

0.864102 1.49021 6
0.829714 1.83822 6
1.16292 1.65123 6

1.53614 -0.898795 6
1.51753 -0.549274 6
1.83426 -0.73526 7

1.49594 -0.212132 6
1.52644 0.123769 6
1.82349 -0.0512247 6

0.247551 1.78854 6
-0.0290194 1.62672 6
-0.0788457 1.97765 6

-1.48184 1.09484 6
-1.51734 0.75864 6
-1.81253 0.888393 6

-2.04844 -0.319917 6
-1.73555 -0.465845 6
-2.02417 -0.654864 6

-0.799068 -1.36093 6
-0.466085 -1.51794 6
-0.767506 -1.70299 6

1.51753 -0.549274 6
1.49594 -0.212132 6
1.80767 -0.375992 6

1.55387 0.811593 6
1.25322 0.993513 6
1.55252 1.16005 6

1.52644 0.123769 6
1.5366 0.471052 6
1.83716 0.309491 6

-1.86049 0.269585 6
-2.10947 0.0493594 6
-2.18935 0.403941 6

-0.767506 -1.70299 6
-0.466085 -1.51794 6
-0.45541 -1.86234 6

-0.770116 -2.04256 6
-0.45541 -1.86234 6
-0.461036 -2.20441 6

-0.35947 1.85567 6
-0.702622 1.99131 6
-0.452924 2.18259 6

-1.59477 0.461244 6
-1.86049 0.269585 6
-1.96507 0.611125 6

-1.09747 -1.19073 6
-0.799068 -1.36093 6
-1.08813 -1.54251 6

0.15155 -1.83835 6
0.449617 -2.00366 6
0.150332 -2.18772 6

-1.08813 -1.54251 6
-0.767506 -1.70299 6
-1.07816 -1.88165 6

-0.672761 1.65532 6
-0.994738 1.82427 6
-0.702622 1.99131 6

-1.07816 -1.88165 6
-0.767506 -1.70299 6
-0.770116 -2.04256 6

-0.466085 -1.51794 6
-0.1557 -1.67372 6
-0.45541 -1.86234 6

0.716303 -1.44948 6
0.986052 -1.25526 6
1.00996 -1.63265 6

1.83426 -0.73526 7
1.80767 -0.375992 6
2.10222 -0.521011 5

1.16292 1.65123 6
0.829714 1.83822 6
1.13549 1.97296 6

-1.47232 -0.675706 6
-1.4106 -1.01955 6
-1.73766 -0.849688 6

1.00996 -1.63265 6
1.34011 -1.78957 6
1.05039 -1.98245 6

0.986052 -1.25526 6
1.25986 -1.0751 6
1.27964 -1.45339 6

0.454361 2.00798 6
0.247551 1.78854 6
0.151933 2.18259 6

-1.81253 0.888393 6
-1.51734 0.75864 6
-1.96507 0.611125 6

-2.02417 -0.654864 6
-1.73766 -0.849688 6
-2.0118 -1.03429 6

-1.4106 -1.01955 6
-1.09747 -1.19073 6
-1.39401 -1.37124 6

0.441124 -1.64113 6
0.716303 -1.44948 6
0.737237 -1.81866 6

1.34011 -1.78957 6
1.27964 -1.45339 6
1.6436 -1.60327 6

1.5366 0.471052 6
1.55387 0.811593 6
1.86023 0.638766 6

1.55252 1.16005 6
1.52517 1.48896 6
1.86219 1.32163 6

0.737237 -1.81866 6
1.05039 -1.98245 6
0.754359 -2.1707 6

1.82349 -0.0512247 6
1.83716 0.309491 6
2.11175 0.12414 5

2.17372 0.468159 7
1.86023 0.638766 6
2.14509 0.831702 6

0.864102 1.49021 6
0.561238 1.65067 6
0.829714 1.83822 6

1.25986 -1.0751 6
1.53614 -0.898795 6
1.54345 -1.28959 6

2.06854 -1.00194 5
1.83426 -0.73526 7
2.26893 -0.785732 7

0.829714 1.83822 6
0.561238 1.65067 6
0.454361 2.00798 6

-1.7813 1.23108 6
-1.81253 0.888393 6
-2.09104 1.11185 5

-0.994738 1.82427 6
-0.946014 1.48115 6
-1.29341 1.67411 6

-1.39401 -1.37124 6
-1.39224 -1.71771 6
-1.69587 -1.54824 6

1.6436 -1.60327 6
1.54345 -1.28959 6
1.95245 -1.41396 7

1.22151 1.33122 6
0.864102 1.49021 6
1.16292 1.65123 6

-0.461036 -2.20441 6
-0.151069 -2.02123 6
-0.161218 -2.36746 6

-0.1557 -1.67372 6
0.15155 -1.83835 6
-0.151069 -2.02123 6

0.15155 -1.83835 6
0.441124 -1.64113 6
0.449617 -2.00366 6

-1.82393 1.56889 5
-1.7813 1.23108 6
-2.11687 1.4438 6

0.561238 1.65067 6
0.247551 1.78854 6
0.454361 2.00798 6

-1.51734 0.75864 6
-1.59477 0.461244 6
-1.96507 0.611125 6

1.16292 1.65123 6
1.13549 1.97296 6
1.47772 1.80416 6

-0.0788457 1.97765 6
-0.452924 2.18259 6
-0.121435 2.33871 6

-1.96507 0.611125 6
-2.18935 0.403941 6
-2.21644 0.835804 7

-1.78841 -0.0998607 6
-2.04844 -0.319917 6
-2.10947 0.0493594 6

-0.994738 1.82427 6
-1.29341 1.67411 6
-1.30287 1.99103 6

-1.20184 1.30196 6
-1.50788 1.45991 6
-1.29341 1.67411 6

-2.3429 -0.191635 6
-2.04844 -0.319917 6
-2.36994 -0.538012 6

-1.73766 -0.849688 6
-1.4106 -1.01955 6
-1.69577 -1.20202 6

1.55387 0.811593 6
1.55252 1.16005 6
1.85747 0.992099 6

-1.20184 1.30196 6
-1.48184 1.09484 6
-1.50788 1.45991 6

1.82349 -0.0512247 6
2.11175 0.12414 5
2.16508 -0.202233 7

0.247551 1.78854 6
-0.0788457 1.97765 6
0.151933 2.18259 6

-1.86049 0.269585 6
-1.78841 -0.0998607 6
-2.10947 0.0493594 6

-1.73555 -0.465845 6
-1.73766 -0.849688 6
-2.02417 -0.654864 6

2.14509 0.831702 6
1.85747 0.992099 6
2.19633 1.16359 6

-0.35947 1.85567 6
-0.672761 1.65532 6
-0.702622 1.99131 6

1.52517 1.48896 6
1.47772 1.80416 6
1.83083 1.65368 6

-1.08813 -1.54251 6
-1.07816 -1.88165 6
-1.39224 -1.71771 6

0.773296 2.15126 6
0.454361 2.00798 6
0.454361 2.3572 6

-0.946014 1.48115 6
-1.20184 1.30196 6
-1.29341 1.67411 6

-2.10947 0.0493594 6
-2.3429 -0.191635 6
-2.43572 0.219021 7

1.53614 -0.898795 6
1.83426 -0.73526 7
1.79628 -1.12112 5

-1.48184 1.09484 6
-1.81253 0.888393 6
-1.7813 1.23108 6

-1.69577 -1.20202 6
-1.69587 -1.54824 6
-2.01032 -1.36686 6

2.10222 -0.521011 5
1.80767 -0.375992 6
2.16508 -0.202233 7

1.55252 1.16005 6
1.22151 1.33122 6
1.52517 1.48896 6

-0.452924 2.18259 6
-0.68118 2.38917 6
-0.349765 2.54676 6

-0.994738 1.82427 6
-1.30287 1.99103 6
-0.979631 2.17797 6

1.79628 -1.12112 5
2.06854 -1.00194 5
1.95245 -1.41396 7

2.11175 0.12414 5
2.17372 0.468159 7
2.4234 0.177705 6

-2.36994 -0.538012 6
-2.02417 -0.654864 6
-2.29977 -0.851534 5

0.449617 -2.00366 6
0.754359 -2.1707 6
0.450832 -2.35326 6

2.26893 -0.785732 7
2.10222 -0.521011 5
2.4439 -0.473243 6

1.80767 -0.375992 6
1.82349 -0.0512247 6
2.16508 -0.202233 7

-1.07816 -1.88165 6
-1.08985 -2.22011 6
-1.39654 -2.05767 6

-0.767506 -1.70299 6
-0.45541 -1.86234 6
-0.770116 -2.04256 6

0.150332 -2.18772 6
0.450832 -2.35326 6
0.144086 -2.53268 6

-0.702622 1.99131 6
-0.979631 2.17797 6
-0.68118 2.38917 6

-0.45541 -1.86234 6
-0.151069 -2.02123 6
-0.461036 -2.20441 6

-0.151069 -2.02123 6
0.15155 -1.83835 6
0.150332 -2.18772 6

-1.39224 -1.71771 6
-1.39654 -2.05767 6
-1.69746 -1.89101 6

-1.39401 -1.37124 6
-1.08813 -1.54251 6
-1.39224 -1.71771 6

2.4439 -0.473243 6
2.16508 -0.202233 7
2.49563 -0.133987 5

1.83716 0.309491 6
1.86023 0.638766 6
2.17372 0.468159 7

1.34983 -2.15101 6
1.34011 -1.78957 6
1.63142 -1.95496 6

-1.96507 0.611125 6
-1.86049 0.269585 6
-2.18935 0.403941 6

0.454361 2.3572 6
0.151933 2.18259 6
0.221354 2.54355 6

-0.0788457 1.97765 6
-0.35947 1.85567 6
-0.452924 2.18259 6

1.86219 1.32163 6
1.52517 1.48896 6
1.83083 1.65368 6

1.00996 -1.63265 6
1.27964 -1.45339 6
1.34011 -1.78957 6

2.17372 0.468159 7
2.44133 0.704737 5
2.57136 0.436518 6

0.737237 -1.81866 6
1.00996 -1.63265 6
1.05039 -1.98245 6

-2.10947 0.0493594 6
-2.04844 -0.319917 6
-2.3429 -0.191635 6

-0.782894 -2.37894 6
-0.461036 -2.20441 6
-0.477543 -2.54255 6

1.13549 1.97296 6
0.829714 1.83822 6
0.773296 2.15126 6

-1.73766 -0.849688 6
-1.69577 -1.20202 6
-2.0118 -1.03429 6

1.05039 -1.98245 6
1.34983 -2.15101 6
1.0545 -2.33767 6

1.15104 2.27741 6
0.773296 2.15126 6
0.86328 2.44829 6

-1.07816 -1.88165 6
-0.770116 -2.04256 6
-1.08985 -2.22011 6

1.85747 0.992099 6
1.55252 1.16005 6
1.86219 1.32163 6

1.13549 1.97296 6
0.773296 2.15126 6
1.15104 2.27741 6

0.829714 1.83822 6
0.454361 2.00798 6
0.773296 2.15126 6

-2.3429 -0.191635 6
-2.36994 -0.538012 6
-2.6526 -0.422574 6

1.27964 -1.45339 6
1.54345 -1.28959 6
1.6436 -1.60327 6

-2.29977 -0.851534 5
-2.0118 -1.03429 6
-2.33608 -1.1777 6

-1.69577 -1.20202 6
-1.39401 -1.37124 6
-1.69587 -1.54824 6

0.449617 -2.00366 6
0.737237 -1.81866 6
0.754359 -2.1707 6

-1.50788 1.45991 6
-1.82393 1.56889 5
-1.66264 1.83337 7

1.79628 -1.12112 5
1.83426 -0.73526 7
2.06854 -1.00194 5

-1.30287 1.99103 6
-1.29341 1.67411 6
-1.66264 1.83337 7

1.86023 0.638766 6
1.85747 0.992099 6
2.14509 0.831702 6

-0.121435 2.33871 6
-0.349765 2.54676 6
-0.0274939 2.71378 6

1.52517 1.48896 6
1.16292 1.65123 6
1.47772 1.80416 6

-0.477543 -2.54255 6
-0.161218 -2.36746 6
-0.176354 -2.70759 6

0.151933 2.18259 6
-0.0788457 1.97765 6
-0.121435 2.33871 6

-1.69587 -1.54824 6
-1.69746 -1.89101 6
-2.01232 -1.69804 6

-2.18935 0.403941 6
-2.43572 0.219021 7
-2.45169 0.632688 6

1.63142 -1.95496 6
1.6436 -1.60327 6
1.93944 -1.76267 6

0.754359 -2.1707 6
1.0545 -2.33767 6
0.749473 -2.52148 6

-2.09104 1.11185 5
-1.81253 0.888393 6
-2.21644 0.835804 7

-1.81253 0.888393 6
-1.96507 0.611125 6
-2.21644 0.835804 7

1.83426 -0.73526 7
2.10222 -0.521011 5
2.26893 -0.785732 7

-0.151069 -2.02123 6
0.150332 -2.18772 6
-0.161218 -2.36746 6

-1.29341 1.67411 6
-1.50788 1.45991 6
-1.66264 1.83337 7

-1.50788 1.45991 6
-1.7813 1.23108 6
-1.82393 1.56889 5

-1.30287 1.99103 6
-1.66264 1.83337 7
-1.4577 2.25186 6

-2.21644 0.835804 7
-2.18935 0.403941 6
-2.45169 0.632688 6

-0.702622 1.99131 6
-0.994738 1.82427 6
-0.979631 2.17797 6

-2.04844 -0.319917 6
-2.02417 -0.654864 6
-2.36994 -0.538012 6

0.150332 -2.18772 6
0.449617 -2.00366 6
0.450832 -2.35326 6

1.47772 1.80416 6
1.48082 2.11661 6
1.81259 1.97169 6

0.454361 2.00798 6
0.151933 2.18259 6
0.454361 2.3572 6

1.95245 -1.41396 7
2.06854 -1.00194 5
2.28792 -1.22097 6

2.44133 0.704737 5
2.14509 0.831702 6
2.50921 1.01542 6

2.19633 1.16359 6
1.86219 1.32163 6
2.15416 1.48815 6

-2.40767 1.23899 7
-2.21644 0.835804 7
-2.56992 0.960339 5

1.54345 -1.28959 6
1.79628 -1.12112 5
1.95245 -1.41396 7

2.28792 -1.22097 6
2.26893 -0.785732 7
2.54921 -0.968678 6

2.16508 -0.202233 7
2.11175 0.12414 5
2.4234 0.177705 6

-2.43572 0.219021 7
-2.3429 -0.191635 6
-2.61552 -0.0496336 5

-1.82393 1.56889 5
-2.11687 1.4438 6
-2.03134 1.8421 7

-2.01032 -1.36686 6
-2.01232 -1.69804 6
-2.32687 -1.5052 6

-2.0118 -1.03429 6
-1.69577 -1.20202 6
-2.01032 -1.36686 6

-1.08985 -2.22011 6
-0.770116 -2.04256 6
-0.782894 -2.37894 6

-1.39654 -2.05767 6
-1.41722 -2.39591 6
-1.70501 -2.24216 6

-2.18935 0.403941 6
-2.10947 0.0493594 6
-2.43572 0.219021 7

-2.02417 -0.654864 6
-2.0118 -1.03429 6
-2.29977 -0.851534 5

-0.770116 -2.04256 6
-0.461036 -2.20441 6
-0.782894 -2.37894 6

1.85747 0.992099 6
1.86219 1.32163 6
2.19633 1.16359 6

0.86328 2.44829 6
0.454361 2.3572 6
0.612125 2.65364 6

-2.0118 -1.03429 6
-2.01032 -1.36686 6
-2.33608 -1.1777 6

1.93944 -1.76267 6
1.95245 -1.41396 7
2.25366 -1.55805 6

-0.979631 2.17797 6
-1.17108 2.41805 6
-0.898526 2.60738 6

-2.70416 0.461263 5
-2.43572 0.219021 7
-2.84221 0.178809 7

1.86219 1.32163 6
1.83083 1.65368 6
2.15416 1.48815 6

-0.452924 2.18259 6
-0.702622 1.99131 6
-0.68118 2.38917 6

-1.11029 -2.55283 6
-0.782894 -2.37894 6
-0.808766 -2.71289 6

2.4234 0.177705 6
2.57136 0.436518 6
2.76337 0.115002 6

2.54921 -0.968678 6
2.26893 -0.785732 7
2.69609 -0.648852 6

-1.39224 -1.71771 6
-1.07816 -1.88165 6
-1.39654 -2.05767 6

2.10222 -0.521011 5
2.16508 -0.202233 7
2.4439 -0.473243 6

0.612125 2.65364 6
0.221354 2.54355 6
0.348528 2.8602 6

2.16508 -0.202233 7
2.4234 0.177705 6
2.49563 -0.133987 5

0.144086 -2.53268 6
0.438834 -2.70013 6
0.127301 -2.877 6

-2.11687 1.4438 6
-2.09104 1.11185 5
-2.40767 1.23899 7

0.450832 -2.35326 6
0.749473 -2.52148 6
0.438834 -2.70013 6

-0.121435 2.33871 6
-0.452924 2.18259 6
-0.349765 2.54676 6

-1.7813 1.23108 6
-2.09104 1.11185 5
-2.11687 1.4438 6

-0.461036 -2.20441 6
-0.161218 -2.36746 6
-0.477543 -2.54255 6

-0.161218 -2.36746 6
0.150332 -2.18772 6
0.144086 -2.53268 6

1.05039 -1.98245 6
1.34011 -1.78957 6
1.34983 -2.15101 6

2.4234 0.177705 6
2.17372 0.468159 7
2.57136 0.436518 6

2.17372 0.468159 7
2.14509 0.831702 6
2.44133 0.704737 5

1.13549 1.97296 6
1.15104 2.27741 6
1.48082 2.11661 6

-2.56992 0.960339 5
-2.45169 0.632688 6
-2.85407 0.775378 6

-1.69587 -1.54824 6
-1.39224 -1.71771 6
-1.69746 -1.89101 6

1.91589 -2.11567 6
1.93944 -1.76267 6
2.24533 -1.89654 6

1.34011 -1.78957 6
1.6436 -1.60327 6
1.63142 -1.95496 6

2.44133 0.704737 5
2.50921 1.01542 6
2.77941 0.739842 7

1.83083 1.65368 6
1.81259 1.97169 6
2.13974 1.84419 6

0.151933 2.18259 6
-0.121435 2.33871 6
0.221354 2.54355 6

-1.41722 -2.39591 6
-1.08985 -2.22011 6
-1.11029 -2.55283 6

-1.66264 1.83337 7
-2.03134 1.8421 7
-1.75574 2.10997 5

0.773296 2.15126 6
0.454361 2.3572 6
0.86328 2.44829 6

1.64377 -2.32158 6
1.63142 -1.95496 6
1.91589 -2.11567 6

0.754359 -2.1707 6
1.05039 -1.98245 6
1.0545 -2.33767 6

1.47772 1.80416 6
1.13549 1.97296 6
1.48082 2.11661 6

-0.68118 2.38917 6
-0.898526 2.60738 6
-0.579881 2.76182 6

-1.30287 1.99103 6
-1.4577 2.25186 6
-1.17108 2.41805 6

1.19412 2.61273 6
0.86328 2.44829 6
0.927655 2.80501 6

-2.61552 -0.0496336 5
-2.3429 -0.191635 6
-2.6526 -0.422574 6

-0.808766 -2.71289 6
-0.477543 -2.54255 6
-0.499736 -2.87517 6

1.0545 -2.33767 6
1.34904 -2.50928 6
1.04338 -2.6926 6

2.06854 -1.00194 5
2.26893 -0.785732 7
2.28792 -1.22097 6

1.48082 2.11661 6
1.48721 2.43578 6
1.82959 2.28974 6

1.48082 2.11661 6
1.15104 2.27741 6
1.48721 2.43578 6

2.26893 -0.785732 7
2.4439 -0.473243 6
2.69609 -0.648852 6

2.49563 -0.133987 5
2.4234 0.177705 6
2.76337 0.115002 6

-2.03134 1.8421 7
-2.11687 1.4438 6
-2.34415 1.6479 6

-0.161218 -2.36746 6
0.144086 -2.53268 6
-0.176354 -2.70759 6

-2.29977 -0.851534 5
-2.33608 -1.1777 6
-2.61161 -0.858874 7

2.25366 -1.55805 6
2.28792 -1.22097 6
2.5684 -1.35034 6

2.57136 0.436518 6
2.77941 0.739842 7
2.96311 0.353694 7

2.50921 1.01542 6
2.19633 1.16359 6
2.51846 1.34639 7

-2.33608 -1.1777 6
-2.32687 -1.5052 6
-2.63859 -1.25053 6

1.6436 -1.60327 6
1.95245 -1.41396 7
1.93944 -1.76267 6

-1.44657 2.61929 6
-1.4577 2.25186 6
-1.74889 2.4529 6

0.450832 -2.35326 6
0.754359 -2.1707 6
0.749473 -2.52148 6

-2.6526 -0.422574 6
-2.36994 -0.538012 6
-2.61161 -0.858874 7

-2.01032 -1.36686 6
-1.69587 -1.54824 6
-2.01232 -1.69804 6

2.51846 1.34639 7
2.15416 1.48815 6
2.42909 1.66296 5

1.83083 1.65368 6
1.47772 1.80416 6
1.81259 1.97169 6

-0.349765 2.54676 6
-0.579881 2.76182 6
-0.264496 2.92065 6

-2.01232 -1.69804 6
-2.01025 -2.02797 6
-2.328 -1.85531 6

-2.84221 0.178809 7
-2.61552 -0.0496336 5
-2.90364 -0.214452 6

-1.39654 -2.05767 6
-1.08985 -2.22011 6
-1.41722 -2.39591 6

0.927655 2.80501 6
0.612125 2.65364 6
0.665976 3.01362 6

-0.979631 2.17797 6
-1.30287 1.99103 6
-1.17108 2.41805 6

-0.0274939 2.71378 6
-0.264496 2.92065 6
0.0788332 3.05299 6

2.14509 0.831702 6
2.19633 1.16359 6
2.50921 1.01542 6

-0.68118 2.38917 6
-0.979631 2.17797 6
-0.898526 2.60738 6

-2.09104 1.11185 5
-2.21644 0.835804 7
-2.40767 1.23899 7

-0.499736 -2.87517 6
-0.176354 -2.70759 6
-0.188326 -3.04482 6

0.144086 -2.53268 6
0.450832 -2.35326 6
0.438834 -2.70013 6

2.54921 -0.968678 6
2.92025 -0.857662 6
2.84232 -1.17175 6

0.221354 2.54355 6
-0.121435 2.33871 6
-0.0274939 2.71378 6

-1.66264 1.83337 7
-1.82393 1.56889 5
-2.03134 1.8421 7

0.454361 2.3572 6
0.221354 2.54355 6
0.612125 2.65364 6

-2.04534 2.23029 6
-2.03134 1.8421 7
-2.30319 2.01819 6

1.95245 -1.41396 7
2.28792 -1.22097 6
2.25366 -1.55805 6

0.749473 -2.52148 6
1.04338 -2.6926 6
0.730445 -2.87128 6

-2.90364 -0.214452 6
-2.6526 -0.422574 6
-2.87167 -0.643889 6

1.34983 -2.15101 6
1.64377 -2.32158 6
1.34904 -2.50928 6

2.49563 -0.133987 5
2.76337 0.115002 6
2.76669 -0.291238 6

2.76337 0.115002 6
2.96311 0.353694 7
3.02168 -0.0787382 6

-2.34415 1.6479 6
-2.40767 1.23899 7
-2.64018 1.45309 6

-2.45169 0.632688 6
-2.43572 0.219021 7
-2.70416 0.461263 5

-0.840875 -3.0346 6
-0.499736 -2.87517 6
-0.50986 -3.20105 6

-1.74889 2.4529 6
-1.75574 2.10997 5
-2.04534 2.23029 6

-2.21644 0.835804 7
-2.45169 0.632688 6
-2.56992 0.960339 5

-1.41722 -2.39591 6
-1.45705 -2.71774 5
-1.75248 -2.60815 7

-1.4577 2.25186 6
-1.66264 1.83337 7
-1.75574 2.10997 5

-2.61552 -0.0496336 5
-2.6526 -0.422574 6
-2.90364 -0.214452 6

-2.36994 -0.538012 6
-2.29977 -0.851534 5
-2.61161 -0.858874 7

-1.17108 2.41805 6
-1.44657 2.61929 6
-1.16655 2.80114 6

-0.579881 2.76182 6
-0.852512 2.96145 6
-0.531031 3.11677 6

2.24533 -1.89654 6
2.25366 -1.55805 6
2.55544 -1.71177 6

2.77941 0.739842 7
2.50921 1.01542 6
2.81786 1.10805 6

-2.01232 -1.69804 6
-1.69746 -1.89101 6
-2.01025 -2.02797 6

-2.33608 -1.1777 6
-2.01032 -1.36686 6
-2.32687 -1.5052 6

2.69609 -0.648852 6
2.4439 -0.473243 6
2.76669 -0.291238 6

-0.349765 2.54676 6
-0.68118 2.38917 6
-0.579881 2.76182 6

2.4439 -0.473243 6
2.49563 -0.133987 5
2.76669 -0.291238 6

-1.69746 -1.89101 6
-1.70501 -2.24216 6
-2.01025 -2.02797 6

-2.43572 0.219021 7
-2.61552 -0.0496336 5
-2.84221 0.178809 7

-0.782894 -2.37894 6
-0.477543 -2.54255 6
-0.808766 -2.71289 6

-1.08985 -2.22011 6
-0.782894 -2.37894 6
-1.11029 -2.55283 6

2.28792 -1.22097 6
2.54921 -0.968678 6
2.5684 -1.35034 6

0.438834 -2.70013 6
0.730445 -2.87128 6
0.416578 -3.049 6

-1.69746 -1.89101 6
-1.39654 -2.05767 6
-1.70501 -2.24216 6

2.15416 1.48815 6
1.83083 1.65368 6
2.13974 1.84419 6

-2.85407 0.775378 6
-2.70416 0.461263 5
-3.05912 0.53969 7

2.76337 0.115002 6
2.57136 0.436518 6
2.96311 0.353694 7

1.81259 1.97169 6
1.82959 2.28974 6
2.144 2.17177 6

-2.02197 -2.35652 6
-1.70501 -2.24216 6
-1.75248 -2.60815 7

-1.45705 -2.71774 5
-1.11029 -2.55283 6
-1.15938 -2.87673 6

1.34983 -2.15101 6
1.63142 -1.95496 6
1.64377 -2.32158 6

1.82959 2.28974 6
1.48721 2.43578 6
1.78301 2.61388 6

-1.17108 2.41805 6
-1.4577 2.25186 6
-1.44657 2.61929 6

-2.45169 0.632688 6
-2.70416 0.461263 5
-2.85407 0.775378 6

1.0545 -2.33767 6
1.34983 -2.15101 6
1.34904 -2.50928 6

2.21422 -2.2255 6
2.24533 -1.89654 6
2.55335 -2.0508 6

2.13974 1.84419 6
2.144 2.17177 6
2.47083 2.00569 7

1.48721 2.43578 6
1.15104 2.27741 6
1.19412 2.61273 6

0.730445 -2.87128 6
1.01764 -3.04385 6
0.701031 -3.22312 6

1.63142 -1.95496 6
1.93944 -1.76267 6
1.91589 -2.11567 6

-3.05912 0.53969 7
-2.84221 0.178809 7
-3.14643 0.21953 5

-2.32687 -1.5052 6
-2.328 -1.85531 6
-2.61499 -1.65122 6

2.81786 1.10805 6
2.51846 1.34639 7
2.84799 1.44311 5

2.19633 1.16359 6
2.15416 1.48815 6
2.51846 1.34639 7

-2.11687 1.4438 6
-2.40767 1.23899 7
-2.34415 1.6479 6

2.15416 1.48815 6
2.13974 1.84419 6
2.42909 1.66296 5

1.91589 -2.11567 6
2.24533 -1.89654 6
2.21422 -2.2255 6

1.15104 2.27741 6
0.86328 2.44829 6
1.19412 2.61273 6

-2.01025 -2.02797 6
-2.02197 -2.35652 6
-2.33108 -2.19125 6

2.57136 0.436518 6
2.44133 0.704737 5
2.77941 0.739842 7

1.82959 2.28974 6
1.78301 2.61388 6
2.10664 2.53933 6

-0.176354 -2.70759 6
0.144086 -2.53268 6
0.127301 -2.877 6

1.495 2.79398 6
1.19412 2.61273 6
1.22554 2.98187 6

0.221354 2.54355 6
-0.0274939 2.71378 6
0.348528 2.8602 6

0.127301 -2.877 6
0.416578 -3.049 6
0.118882 -3.22612 6

0.749473 -2.52148 6
1.0545 -2.33767 6
1.04338 -2.6926 6

2.54921 -0.968678 6
2.69609 -0.648852 6
2.92025 -0.857662 6

-2.6526 -0.422574 6
-2.61161 -0.858874 7
-2.87167 -0.643889 6

-2.30319 2.01819 6
-2.34415 1.6479 6
-2.60372 1.83484 6

-2.87167 -0.643889 6
-2.61161 -0.858874 7
-2.8927 -1.01559 6

-0.477543 -2.54255 6
-0.176354 -2.70759 6
-0.499736 -2.87517 6

0.438834 -2.70013 6
0.749473 -2.52148 6
0.730445 -2.87128 6

1.81259 1.97169 6
1.48082 2.11661 6
1.82959 2.28974 6

-2.61161 -0.858874 7
-2.33608 -1.1777 6
-2.63859 -1.25053 6

1.93944 -1.76267 6
2.25366 -1.55805 6
2.24533 -1.89654 6

0.665976 3.01362 6
0.348528 2.8602 6
0.387821 3.21358 6

-0.0274939 2.71378 6
-0.349765 2.54676 6
-0.264496 2.92065 6

-0.264496 2.92065 6
-0.531031 3.11677 6
-0.205363 3.26162 6

-0.176354 -2.70759 6
0.127301 -2.877 6
-0.188326 -3.04482 6

2.55544 -1.71177 6
2.5684 -1.35034 6
2.84052 -1.55099 6

-2.85407 0.775378 6
-3.05912 0.53969 7
-3.17478 0.960339 7

-2.63859 -1.25053 6
-2.61499 -1.65122 6
-2.87965 -1.45518 6

3.2483 0.131704 6
2.96311 0.353694 7
3.34782 0.474266 7

3.07319 0.645511 5
2.77941 0.739842 7
3.10212 0.998698 6

0.86328 2.44829 6
0.612125 2.65364 6
0.927655 2.80501 6

-1.75574 2.10997 5
-2.03134 1.8421 7
-2.04534 2.23029 6

-2.61161 -0.858874 7
-2.63859 -1.25053 6
-2.8927 -1.01559 6

-2.56992 0.960339 5
-2.85407 0.775378 6
-2.83166 1.11717 6

1.34904 -2.50928 6
1.64377 -2.32158 6
1.64463 -2.6722 6

1.64463 -2.6722 6
1.64377 -2.32158 6
1.9438 -2.48733 7

2.92025 -0.857662 6
2.69609 -0.648852 6
3.03157 -0.466605 6

-2.32687 -1.5052 6
-2.01232 -1.69804 6
-2.328 -1.85531 6

2.76669 -0.291238 6
3.02168 -0.0787382 6
3.03157 -0.466605 6

-1.44657 2.61929 6
-1.7418 2.80639 6
-1.46271 2.9848 6

-0.898526 2.60738 6
-1.16655 2.80114 6
-0.852512 2.96145 6

-3.19637 -0.09167 6
-2.90364 -0.214452 6
-3.17478 -0.436518 6

-1.4577 2.25186 6
-1.75574 2.10997 5
-1.74889 2.4529 6

3.10212 0.998698 6
2.81786 1.10805 6
3.15167 1.35546 6

-2.64018 1.45309 6
-2.40767 1.23899 7
-2.83166 1.11717 6

2.76669 -0.291238 6
2.76337 0.115002 6
3.02168 -0.0787382 6

0.127301 -2.877 6
0.438834 -2.70013 6
0.416578 -3.049 6

2.42909 1.66296 5
2.47083 2.00569 7
2.73906 1.73631 6

-1.7418 2.80639 6
-1.74889 2.4529 6
-2.04056 2.60765 6

-2.64018 1.45309 6
-2.98861 1.36503 6
-2.90041 1.68754 6

2.50921 1.01542 6
2.51846 1.34639 7
2.81786 1.10805 6

1.22554 2.98187 6
0.927655 2.80501 6
0.961625 3.18305 6

-0.898526 2.60738 6
-1.17108 2.41805 6
-1.16655 2.80114 6

-0.579881 2.76182 6
-0.898526 2.60738 6
-0.852512 2.96145 6

-0.852512 2.96145 6
-1.14905 3.14552 6
-0.829565 3.3032 6

3.02168 -0.0787382 6
3.2483 0.131704 6
3.30203 -0.263109 6

-2.31319 2.41844 6
-2.30319 2.01819 6
-2.58627 2.19499 6

-2.40767 1.23899 7
-2.56992 0.960339 5
-2.83166 1.11717 6

-2.328 -1.85531 6
-2.33108 -2.19125 6
-2.64321 -2.00392 6

-1.41722 -2.39591 6
-1.11029 -2.55283 6
-1.45705 -2.71774 5

2.69609 -0.648852 6
2.76669 -0.291238 6
3.03157 -0.466605 6

2.13974 1.84419 6
1.81259 1.97169 6
2.144 2.17177 6

0.348528 2.8602 6
-0.0274939 2.71378 6
0.0788332 3.05299 6

-2.90364 -0.214452 6
-2.87167 -0.643889 6
-3.17478 -0.436518 6

-2.03134 1.8421 7
-2.34415 1.6479 6
-2.30319 2.01819 6

2.5684 -1.35034 6
2.84232 -1.17175 6
2.84052 -1.55099 6

-0.50986 -3.20105 6
-0.188326 -3.04482 6
-0.193244 -3.38172 6

-3.17478 -0.436518 6
-2.87167 -0.643889 6
-3.17478 -0.785732 6

2.84232 -1.17175 6
3.21284 -1.04103 6
3.13099 -1.34909 6

2.96311 0.353694 7
2.77941 0.739842 7
3.07319 0.645511 5

0.0788332 3.05299 6
-0.205363 3.26162 6
0.110004 3.40755 6

2.5684 -1.35034 6
2.54921 -0.968678 6
2.84232 -1.17175 6

-2.328 -1.85531 6
-2.01025 -2.02797 6
-2.33108 -2.19125 6

2.25366 -1.55805 6
2.5684 -1.35034 6
2.55544 -1.71177 6

-2.98861 1.36503 6
-2.83166 1.11717 6
-3.17478 0.960339 7

1.34904 -2.50928 6
1.64463 -2.6722 6
1.33253 -2.86096 6

2.144 2.17177 6
2.10664 2.53933 6
2.41825 2.35206 6

-3.17478 0.960339 7
-3.05912 0.53969 7
-3.35553 0.708087 5

-1.15938 -2.87673 6
-0.808766 -2.71289 6
-0.840875 -3.0346 6

-1.75248 -2.60815 7
-1.45705 -2.71774 5
-1.54839 -2.99874 7

-1.70501 -2.24216 6
-1.41722 -2.39591 6
-1.75248 -2.60815 7

0.612125 2.65364 6
0.348528 2.8602 6
0.665976 3.01362 6

-2.63859 -1.25053 6
-2.32687 -1.5052 6
-2.61499 -1.65122 6

0.416578 -3.049 6
0.701031 -3.22312 6
0.411654 -3.4103 6

-1.11029 -2.55283 6
-0.808766 -2.71289 6
-1.15938 -2.87673 6

2.55335 -2.0508 6
2.55544 -1.71177 6
2.85426 -1.9289 6

-3.42249 0.385904 6
-3.14643 0.21953 5
-3.51356 0.0568489 6

-2.01025 -2.02797 6
-1.70501 -2.24216 6
-2.02197 -2.35652 6

-2.34415 1.6479 6
-2.64018 1.45309 6
-2.60372 1.83484 6

-2.70416 0.461263 5
-2.84221 0.178809 7
-3.05912 0.53969 7

-2.02197 -2.35652 6
-2.13326 -2.64986 5
-2.41369 -2.55226 6

1.04338 -2.6926 6
1.33253 -2.86096 6
1.01764 -3.04385 6

1.91589 -2.11567 6
2.21422 -2.2255 6
1.9438 -2.48733 7

0.961625 3.18305 6
0.665976 3.01362 6
0.689919 3.38066 6

3.22853 -0.702413 6
3.03157 -0.466605 6
3.30203 -0.263109 6

-0.264496 2.92065 6
-0.579881 2.76182 6
-0.531031 3.11677 6

-1.54839 -2.99874 7
-1.15938 -2.87673 6
-1.17857 -3.18148 6

1.87169 -2.89667 6
1.9438 -2.48733 7
2.16282 -2.78074 5

-0.808766 -2.71289 6
-0.499736 -2.87517 6
-0.840875 -3.0346 6

2.3175 -2.52706 5
2.21422 -2.2255 6
2.57136 -2.3572 6

-1.45705 -2.71774 5
-1.15938 -2.87673 6
-1.54839 -2.99874 7

-3.14643 0.21953 5
-2.84221 0.178809 7
-3.19637 -0.09167 6

0.118882 -3.22612 6
0.411654 -3.4103 6
0.110004 -3.57673 0

1.04338 -2.6926 6
1.34904 -2.50928 6
1.33253 -2.86096 6

1.64377 -2.32158 6
1.91589 -2.11567 6
1.9438 -2.48733 7

3.02168 -0.0787382 6
2.96311 0.353694 7
3.2483 0.131704 6

-2.04056 2.60765 6
-2.04534 2.23029 6
-2.31319 2.41844 6

1.19412 2.61273 6
0.927655 2.80501 6
1.22554 2.98187 6

2.10664 2.53933 6
1.78301 2.61388 6
1.9665 2.88102 6

1.78301 2.61388 6
1.48721 2.43578 6
1.495 2.79398 6

1.48721 2.43578 6
1.19412 2.61273 6
1.495 2.79398 6

1.9438 -2.48733 7
2.21422 -2.2255 6
2.3175 -2.52706 5

-1.44657 2.61929 6
-1.74889 2.4529 6
-1.7418 2.80639 6

2.42909 1.66296 5
2.13974 1.84419 6
2.47083 2.00569 7

-0.531031 3.11677 6
-0.829565 3.3032 6
-0.508217 3.45331 6

-1.17857 -3.18148 6
-0.840875 -3.0346 6
-0.833334 -3.35327 6

2.84799 1.44311 5
2.51846 1.34639 7
2.73906 1.73631 6

2.51846 1.34639 7
2.42909 1.66296 5
2.73906 1.73631 6

-3.48236 -0.296925 6
-3.17478 -0.436518 6
-3.46666 -0.640613 6

-2.84221 0.178809 7
-2.90364 -0.214452 6
-3.19637 -0.09167 6

-2.61499 -1.65122 6
-2.64321 -2.00392 6
-2.92455 -1.81037 7

1.5858 -3.06237 6
1.64463 -2.6722 6
1.87169 -2.89667 6

0.348528 2.8602 6
0.0788332 3.05299 6
0.387821 3.21358 6

-3.17478 -0.785732 6
-2.8927 -1.01559 6
-3.12349 -1.22894 6

-2.33108 -2.19125 6
-2.41369 -2.55226 6
-2.63703 -2.36695 6

0.730445 -2.87128 6
1.04338 -2.6926 6
1.01764 -3.04385 6

2.87379 2.00798 6
2.47083 2.00569 7
2.73125 2.26711 5

1.72262 3.04588 6
1.495 2.79398 6
1.47267 3.2143 6

-2.87167 -0.643889 6
-2.8927 -1.01559 6
-3.17478 -0.785732 6

-2.8927 -1.01559 6
-2.63859 -1.25053 6
-2.87965 -1.45518 6

-0.188326 -3.04482 6
0.127301 -2.877 6
0.118882 -3.22612 6

0.416578 -3.049 6
0.730445 -2.87128 6
0.701031 -3.22312 6

2.92025 -0.857662 6
3.03157 -0.466605 6
3.22853 -0.702413 6

2.73906 1.73631 6
2.87379 2.00798 6
3.10197 1.7322 6

2.144 2.17177 6
1.82959 2.28974 6
2.10664 2.53933 6

-2.58627 2.19499 6
-2.60372 1.83484 6
-2.88848 2.03645 6

-3.46666 -0.640613 6
-3.17478 -0.785732 6
-3.38504 -1.00743 6

-0.499736 -2.87517 6
-0.188326 -3.04482 6
-0.50986 -3.20105 6

2.85426 -1.9289 6
2.84052 -1.55099 6
3.13431 -1.69683 6

3.15167 1.35546 6
2.84799 1.44311 5
3.10197 1.7322 6

3.34782 0.474266 7
3.07319 0.645511 5
3.37638 0.837212 6

3.2483 0.131704 6
3.34782 0.474266 7
3.55649 0.215225 5

0.0788332 3.05299 6
-0.264496 2.92065 6
-0.205363 3.26162 6

2.77941 0.739842 7
2.81786 1.10805 6
3.10212 0.998698 6

0.689919 3.38066 6
0.387821 3.21358 6
0.411654 3.57398 0

-2.87965 -1.45518 6
-2.92455 -1.81037 7
-3.19318 -1.57139 6

-3.19637 -0.09167 6
-3.48236 -0.296925 6
-3.51356 0.0568489 6

-0.833334 -3.35327 6
-0.50986 -3.20105 6
-0.508217 -3.53097 0

2.24533 -1.89654 6
2.55544 -1.71177 6
2.55335 -2.0508 6

2.84052 -1.55099 6
2.84232 -1.17175 6
3.13099 -1.34909 6

2.10664 2.53933 6
1.9665 2.88102 6
2.39689 2.66752 6

-2.64018 1.45309 6
-2.83166 1.11717 6
-2.98861 1.36503 6

1.33253 -2.86096 6
1.64463 -2.6722 6
1.5858 -3.06237 6

1.47267 3.2143 6
1.22554 2.98187 6
1.2266 3.3961 6

2.96311 0.353694 7
3.07319 0.645511 5
3.34782 0.474266 7

-0.205363 3.26162 6
-0.508217 3.45331 6
-0.193244 3.60256 0

-1.16655 2.80114 6
-1.46271 2.9848 6
-1.14905 3.14552 6

-2.98861 1.36503 6
-3.3083 1.22256 5
-3.25605 1.56313 6

-3.3083 1.22256 5
-3.17478 0.960339 7
-3.56694 0.967477 7

2.92025 -0.857662 6
3.22853 -0.702413 6
3.21284 -1.04103 6

-1.7418 2.80639 6
-2.06033 2.94183 5
-1.79685 3.15087 6

-1.74889 2.4529 6
-2.04534 2.23029 6
-2.04056 2.60765 6

3.22853 -0.702413 6
3.51353 -0.528878 6
3.53442 -0.879961 6

3.03157 -0.466605 6
3.02168 -0.0787382 6
3.30203 -0.263109 6

-2.06033 2.94183 5
-2.04056 2.60765 6
-2.35327 2.80434 7

-2.83166 1.11717 6
-2.85407 0.775378 6
-3.17478 0.960339 7

-2.61499 -1.65122 6
-2.328 -1.85531 6
-2.64321 -2.00392 6

-2.64321 -2.00392 6
-2.63703 -2.36695 6
-2.90887 -2.25792 6

-1.14905 3.14552 6
-1.46185 3.31669 6
-1.14847 3.47792 6

-1.16655 2.80114 6
-1.44657 2.61929 6
-1.46271 2.9848 6

1.2266 3.3961 6
0.961625 3.18305 6
0.965019 3.57883 0

0.927655 2.80501 6
0.665976 3.01362 6
0.961625 3.18305 6

-2.04534 2.23029 6
-2.30319 2.01819 6
-2.31319 2.41844 6

-2.60692 2.54388 6
-2.58627 2.19499 6
-2.9026 2.37864 6

-1.15938 -2.87673 6
-0.840875 -3.0346 6
-1.17857 -3.18148 6

-0.852512 2.96145 6
-1.16655 2.80114 6
-1.14905 3.14552 6

-2.60372 1.83484 6
-2.64018 1.45309 6
-2.90041 1.68754 6

-2.13326 -2.64986 5
-1.75248 -2.60815 7
-1.96507 -2.88102 6

-2.8927 -1.01559 6
-2.87965 -1.45518 6
-3.12349 -1.22894 6

2.47083 2.00569 7
2.144 2.17177 6
2.41825 2.35206 6

2.57136 -2.3572 6
2.55335 -2.0508 6
2.91464 -2.26316 7

-0.531031 3.11677 6
-0.852512 2.96145 6
-0.829565 3.3032 6

-3.12349 -1.22894 6
-3.19318 -1.57139 6
-3.47721 -1.30955 6

-0.188326 -3.04482 6
0.118882 -3.22612 6
-0.193244 -3.38172 6

2.84232 -1.17175 6
2.92025 -0.857662 6
3.21284 -1.04103 6

3.34782 0.474266 7
3.65724 0.698784 5
3.78107 0.436518 7

3.37638 0.837212 6
3.10212 0.998698 6
3.42276 1.18751 6

-3.69346 0.581927 6
-3.42249 0.385904 6
-3.77964 0.261911 6

-2.30319 2.01819 6
-2.60372 1.83484 6
-2.58627 2.19499 6

0.118882 -3.22612 6
0.416578 -3.049 6
0.411654 -3.4103 6

0.387821 3.21358 6
0.0788332 3.05299 6
0.110004 3.40755 6

-2.90041 1.68754 6
-3.25605 1.56313 6
-3.20388 1.88166 6

-1.75248 -2.60815 7
-1.54839 -2.99874 7
-1.96507 -2.88102 6

-1.47292 -3.3285 6
-1.17857 -3.18148 6
-1.14847 -3.50636 0

3.21284 -1.04103 6
3.22853 -0.702413 6
3.53442 -0.879961 6

-2.02197 -2.35652 6
-1.75248 -2.60815 7
-2.13326 -2.64986 5

2.84052 -1.55099 6
3.13099 -1.34909 6
3.13431 -1.69683 6

-0.829565 3.3032 6
-1.14847 3.47792 6
-0.833334 3.63101 0

-0.193244 -3.38172 6
0.110004 -3.57673 0
-0.205363 -3.72266 0

3.22853 -0.702413 6
3.30203 -0.263109 6
3.51353 -0.528878 6

2.41825 2.35206 6
2.39689 2.66752 6
2.80049 2.56065 8

0.665976 3.01362 6
0.387821 3.21358 6
0.689919 3.38066 6

-2.41369 -2.55226 6
-2.13326 -2.64986 5
-2.40889 -2.90832 7

1.33253 -2.86096 6
1.5858 -3.06237 6
1.28345 -3.23288 6

-1.7418 2.80639 6
-2.04056 2.60765 6
-2.06033 2.94183 5

-3.35553 0.708087 5
-3.05912 0.53969 7
-3.42249 0.385904 6

2.16282 -2.78074 5
2.3175 -2.52706 5
2.55702 -2.77227 7

2.81786 1.10805 6
2.84799 1.44311 5
3.15167 1.35546 6

2.91464 -2.26316 7
2.85426 -1.9289 6
3.17622 -2.00798 5

0.701031 -3.22312 6
0.965019 -3.40545 6
0.689919 -3.60362 0

-1.14905 3.14552 6
-1.46271 2.9848 6
-1.46185 3.31669 6

-2.87965 -1.45518 6
-2.61499 -1.65122 6
-2.92455 -1.81037 7

3.42276 1.18751 6
3.15167 1.35546 6
3.40197 1.5748 6

-3.05912 0.53969 7
-3.14643 0.21953 5
-3.42249 0.385904 6

0.411654 -3.4103 6
0.689919 -3.60362 0
0.387821 -3.7707 0

2.55544 -1.71177 6
2.84052 -1.55099 6
2.85426 -1.9289 6

-2.92455 -1.81037 7
-2.90887 -2.25792 6
-3.12903 -2.07532 5

1.01764 -3.04385 6
1.28345 -3.23288 6
0.965019 -3.40545 6

1.64463 -2.6722 6
1.9438 -2.48733 7
1.87169 -2.89667 6

1.88086 -3.23503 6
1.87169 -2.89667 6
2.21891 -3.08755 7

0.110004 3.40755 6
-0.193244 3.60256 0
0.118882 3.75816 0

-2.40889 -2.90832 7
-1.96507 -2.88102 6
-2.15866 -3.13825 5

-0.840875 -3.0346 6
-0.50986 -3.20105 6
-0.833334 -3.35327 6

1.5858 -3.06237 6
1.88086 -3.23503 6
1.56436 -3.41971 6

1.01764 -3.04385 6
1.33253 -2.86096 6
1.28345 -3.23288 6

-2.33108 -2.19125 6
-2.02197 -2.35652 6
-2.41369 -2.55226 6

1.9665 2.88102 6
1.78301 2.61388 6
1.72262 3.04588 6

3.07319 0.645511 5
3.10212 0.998698 6
3.37638 0.837212 6

-3.19637 -0.09167 6
-3.17478 -0.436518 6
-3.48236 -0.296925 6

-1.54839 -2.99874 7
-1.47292 -3.3285 6
-1.80901 -3.18369 6

3.65724 0.698784 5
3.37638 0.837212 6
3.71868 1.0332 6

0.965019 3.57883 0
0.689919 3.38066 6
0.701031 3.76116 0

1.9438 -2.48733 7
2.3175 -2.52706 5
2.16282 -2.78074 5

2.21422 -2.2255 6
2.55335 -2.0508 6
2.57136 -2.3572 6

-3.3083 1.22256 5
-3.56694 0.967477 7
-3.58499 1.36976 6

-0.205363 3.26162 6
-0.531031 3.11677 6
-0.508217 3.45331 6

-2.98861 1.36503 6
-3.17478 0.960339 7
-3.3083 1.22256 5

-3.35553 0.708087 5
-3.42249 0.385904 6
-3.69346 0.581927 6

2.39689 2.66752 6
1.9665 2.88102 6
2.35408 2.97016 6

1.78301 2.61388 6
1.495 2.79398 6
1.72262 3.04588 6

2.55702 -2.77227 7
2.57136 -2.3572 6
2.81693 -2.62013 5

2.73906 1.73631 6
2.47083 2.00569 7
2.87379 2.00798 6

-3.7788 -0.52165 6
-3.46666 -0.640613 6
-3.72337 -0.867396 6

-1.14847 -3.50636 0
-0.833334 -3.35327 6
-0.829565 -3.68109 0

2.10079 3.18014 6
1.72262 3.04588 6
1.8281 3.37762 6

-3.14643 0.21953 5
-3.19637 -0.09167 6
-3.51356 0.0568489 6

-2.64321 -2.00392 6
-2.33108 -2.19125 6
-2.63703 -2.36695 6

0.965019 -3.40545 6
1.2266 -3.58818 0
0.961625 -3.80123 0

1.8281 3.37762 6
1.47267 3.2143 6
1.56436 3.56457 0

-3.17478 -0.436518 6
-3.17478 -0.785732 6
-3.46666 -0.640613 6

3.40197 1.5748 6
3.10197 1.7322 6
3.34534 1.93936 7

-3.56694 0.967477 7
-3.35553 0.708087 5
-3.69346 0.581927 6

-3.19318 -1.57139 6
-3.3502 -1.87856 6
-3.5469 -1.65188 5

-3.17478 -0.785732 6
-3.12349 -1.22894 6
-3.38504 -1.00743 6

3.2483 0.131704 6
3.55649 0.215225 5
3.57726 -0.121301 6

-2.60372 1.83484 6
-2.90041 1.68754 6
-2.88848 2.03645 6

3.17622 -2.00798 5
3.13431 -1.69683 6
3.47864 -1.83337 7

1.495 2.79398 6
1.22554 2.98187 6
1.47267 3.2143 6

-3.17478 0.960339 7
-3.35553 0.708087 5
-3.56694 0.967477 7

0.701031 -3.22312 6
1.01764 -3.04385 6
0.965019 -3.40545 6

3.10212 0.998698 6
3.15167 1.35546 6
3.42276 1.18751 6

-2.13326 -2.64986 5
-1.96507 -2.88102 6
-2.40889 -2.90832 7

2.47083 2.00569 7
2.41825 2.35206 6
2.73125 2.26711 5

2.41825 2.35206 6
2.10664 2.53933 6
2.39689 2.66752 6

-3.12349 -1.22894 6
-2.87965 -1.45518 6
-3.19318 -1.57139 6

2.84799 1.44311 5
2.73906 1.73631 6
3.10197 1.7322 6

3.53442 -0.879961 6
3.8236 -0.754233 6
3.81548 -1.12562 7

3.51353 -0.528878 6
3.30203 -0.263109 6
3.57726 -0.121301 6

-2.9026 2.37864 6
-2.88848 2.03645 6
-3.20477 2.21288 6

-2.92455 -1.81037 7
-2.64321 -2.00392 6
-2.90887 -2.25792 6

3.51353 -0.528878 6
3.78946 -0.377542 6
3.8236 -0.754233 6

3.55649 0.215225 5
3.78107 0.436518 7
3.85681 0.050558 6

0.411654 -3.4103 6
0.701031 -3.22312 6
0.689919 -3.60362 0

3.13099 -1.34909 6
3.51434 -1.21845 6
3.43363 -1.5246 5

-1.17857 -3.18148 6
-0.833334 -3.35327 6
-1.14847 -3.50636 0

-0.50986 -3.20105 6
-0.193244 -3.38172 6
-0.508217 -3.53097 0

-0.193244 -3.38172 6
0.118882 -3.22612 6
0.110004 -3.57673 0

0.961625 3.18305 6
0.689919 3.38066 6
0.965019 3.57883 0

-2.31319 2.41844 6
-2.58627 2.19499 6
-2.60692 2.54388 6

3.30203 -0.263109 6
3.2483 0.131704 6
3.57726 -0.121301 6

3.71868 1.0332 6
3.42276 1.18751 6
3.70207 1.38008 6

-2.06033 2.94183 5
-2.35327 2.80434 7
-2.18549 3.21039 7

-3.38504 -1.00743 6
-3.12349 -1.22894 6
-3.47721 -1.30955 6

-0.508217 3.45331 6
-0.833334 3.63101 0
-0.50986 3.78323 0

0.387821 3.21358 6
0.110004 3.40755 6
0.411654 3.57398 0

-1.14847 3.47792 6
-1.47292 3.65578 0
-1.17857 3.8028 0

0.110004 3.40755 6
-0.205363 3.26162 6
-0.193244 3.60256 0

2.35408 2.97016 6
1.9665 2.88102 6
2.10079 3.18014 6

3.21284 -1.04103 6
3.53442 -0.879961 6
3.51434 -1.21845 6

1.22554 2.98187 6
0.961625 3.18305 6
1.2266 3.3961 6

-0.829565 3.3032 6
-1.14905 3.14552 6
-1.14847 3.47792 6

-2.90041 1.68754 6
-2.98861 1.36503 6
-3.25605 1.56313 6

-1.54839 -2.99874 7
-1.17857 -3.18148 6
-1.47292 -3.3285 6

2.73125 2.26711 5
2.80049 2.56065 8
3.11589 2.21518 6

-0.193244 3.60256 0
-0.50986 3.78323 0
-0.188326 3.93947 0

-1.46185 3.31669 6
-1.46271 2.9848 6
-1.79685 3.15087 6

-1.46271 2.9848 6
-1.7418 2.80639 6
-1.79685 3.15087 6

-3.56694 0.967477 7
-3.87899 0.814889 6
-3.84367 1.17385 6

-2.74959 2.82979 5
-2.60692 2.54388 6
-3.0205 2.70093 6

2.16282 -2.78074 5
2.55702 -2.77227 7
2.21891 -3.08755 7

1.5858 -3.06237 6
1.87169 -2.89667 6
1.88086 -3.23503 6

2.87379 2.00798 6
3.11589 2.21518 6
3.34534 1.93936 7

1.56436 3.56457 0
1.2266 3.3961 6
1.28345 3.7514 0

-2.31319 2.41844 6
-2.60692 2.54388 6
-2.35327 2.80434 7

-2.04056 2.60765 6
-2.31319 2.41844 6
-2.35327 2.80434 7

-3.25605 1.56313 6
-3.58499 1.36976 6
-3.55424 1.71363 6

-1.96507 -2.88102 6
-1.54839 -2.99874 7
-1.80901 -3.18369 6

-1.77886 -3.52168 0
-1.47292 -3.3285 6
-1.46185 -3.66759 0

2.81693 -2.62013 5
2.91464 -2.26316 7
3.13749 -2.48659 5

-1.46185 3.31669 6
-1.77886 3.4626 6
-1.47292 3.65578 0

-1.80901 -3.18369 6
-1.77886 -3.52168 0
-2.08656 -3.45345 6

0.110004 -3.57673 0
0.387821 -3.7707 0
0.0788332 -3.93129 0

-2.88848 2.03645 6
-2.90041 1.68754 6
-3.20388 1.88166 6

-2.63703 -2.36695 6
-2.69881 -2.7837 5
-2.94789 -2.60423 6

-0.829565 -3.68109 0
-0.508217 -3.53097 0
-0.531031 -3.86751 0

-2.92455 -1.81037 7
-3.12903 -2.07532 5
-3.3502 -1.87856 6

3.34782 0.474266 7
3.37638 0.837212 6
3.65724 0.698784 5

2.55335 -2.0508 6
2.85426 -1.9289 6
2.91464 -2.26316 7

0.701031 3.76116 0
0.411654 3.57398 0
0.416578 3.93529 0

-3.72337 -0.867396 6
-3.38504 -1.00743 6
-3.75522 -1.18865 5

3.13431 -1.69683 6
3.13099 -1.34909 6
3.43363 -1.5246 5

-0.508217 3.45331 6
-0.829565 3.3032 6
-0.833334 3.63101 0

-2.35327 2.80434 7
-2.74959 2.82979 5
-2.56992 3.05562 6

-0.833334 -3.35327 6
-0.508217 -3.53097 0
-0.829565 -3.68109 0

-3.51356 0.0568489 6
-3.78203 -0.169599 6
-3.77964 0.261911 6

3.13099 -1.34909 6
3.21284 -1.04103 6
3.51434 -1.21845 6

-0.508217 -3.53097 0
-0.193244 -3.38172 6
-0.205363 -3.72266 0

1.28345 3.7514 0
0.965019 3.57883 0
1.01764 3.94044 0

3.78946 -0.377542 6
3.57726 -0.121301 6
3.85681 0.050558 6

-0.531031 -3.86751 0
-0.205363 -3.72266 0
0.0788332 -3.93129 0

-3.20388 1.88166 6
-3.55424 1.71363 6
-3.51819 2.04007 6

-0.833334 3.63101 0
-1.17857 3.8028 0
-0.840875 3.94969 0

-3.75522 -1.18865 5
-3.47721 -1.30955 6
-3.81584 -1.52463 7

0.689919 -3.60362 0
0.961625 -3.80123 0
0.665976 -3.97066 0

2.57136 -3.05562 6
2.55702 -2.77227 7
3.03002 -2.84611 7

-3.78203 -0.169599 6
-3.48236 -0.296925 6
-3.7788 -0.52165 6

1.28345 -3.23288 6
1.56436 -3.41971 6
1.2266 -3.58818 0

3.15167 1.35546 6
3.10197 1.7322 6
3.40197 1.5748 6

3.65724 0.698784 5
3.71868 1.0332 6
3.98414 0.814889 0

-1.79685 3.15087 6
-2.06033 2.94183 5
-2.18549 3.21039 7

-2.58627 2.19499 6
-2.88848 2.03645 6
-2.9026 2.37864 6

-3.12903 -2.07532 5
-3.23739 -2.46302 7
-3.45932 -2.21872 6

-2.90887 -2.25792 6
-2.94789 -2.60423 6
-3.23739 -2.46302 7

2.13244 -3.43672 6
2.21891 -3.08755 7
2.4586 -3.33906 5

3.51434 -1.21845 6
3.53442 -0.879961 6
3.81548 -1.12562 7

2.80049 2.56065 8
2.39689 2.66752 6
2.68494 2.83782 5

3.53442 -0.879961 6
3.51353 -0.528878 6
3.8236 -0.754233 6

2.85426 -1.9289 6
3.13431 -1.69683 6
3.17622 -2.00798 5

0.411654 3.57398 0
0.110004 3.40755 6
0.118882 3.75816 0

-4.00632 0.050558 0
-3.78203 -0.169599 6
-4.07368 -0.377542 0

1.56436 -3.41971 6
1.8281 -3.60666 0
1.47267 -3.76998 0

1.28345 -3.23288 6
1.5858 -3.06237 6
1.56436 -3.41971 6

2.3175 -2.52706 5
2.57136 -2.3572 6
2.55702 -2.77227 7

-3.87899 0.814889 6
-3.69346 0.581927 6
-4.08206 0.436518 0

-0.193244 3.60256 0
-0.508217 3.45331 6
-0.50986 3.78323 0

-1.46185 -3.66759 0
-1.14847 -3.50636 0
-1.14905 -3.83877 0

0.118882 3.75816 0
-0.188326 3.93947 0
0.416578 3.93529 0

-2.41369 -2.55226 6
-2.40889 -2.90832 7
-2.69881 -2.7837 5

2.21891 -3.08755 7
2.55702 -2.77227 7
2.57136 -3.05562 6

-3.51356 0.0568489 6
-3.48236 -0.296925 6
-3.78203 -0.169599 6

-1.80901 -3.18369 6
-1.47292 -3.3285 6
-1.77886 -3.52168 0

-3.42249 0.385904 6
-3.51356 0.0568489 6
-3.77964 0.261911 6

1.87169 -2.89667 6
2.16282 -2.78074 5
2.21891 -3.08755 7

3.70207 1.38008 6
3.40197 1.5748 6
3.67767 1.73476 6

-2.40889 -2.90832 7
-2.47575 -3.22318 6
-2.87235 -3.05562 7

0.110004 -3.57673 0
0.411654 -3.4103 6
0.387821 -3.7707 0

0.965019 -3.40545 6
1.28345 -3.23288 6
1.2266 -3.58818 0

-1.79685 3.15087 6
-2.18549 3.21039 7
-1.77886 3.4626 6

2.35408 2.97016 6
2.40526 3.33087 6
2.67246 3.20298 6

2.73125 2.26711 5
2.41825 2.35206 6
2.80049 2.56065 8

-2.63703 -2.36695 6
-2.41369 -2.55226 6
-2.69881 -2.7837 5

2.57136 -2.3572 6
2.91464 -2.26316 7
2.81693 -2.62013 5

3.55649 0.215225 5
3.34782 0.474266 7
3.78107 0.436518 7

3.11589 2.21518 6
3.1066 2.54908 5
3.42269 2.28581 6

3.78946 -0.377542 6
4.08111 -0.169599 0
4.08434 -0.52165 0

3.51353 -0.528878 6
3.57726 -0.121301 6
3.78946 -0.377542 6

-3.48236 -0.296925 6
-3.46666 -0.640613 6
-3.7788 -0.52165 6

-1.96507 -2.88102 6
-1.80901 -3.18369 6
-2.15866 -3.13825 5

4.0835 0.261911 0
3.78107 0.436518 7
4.16968 0.581927 0

1.9665 2.88102 6
1.72262 3.04588 6
2.10079 3.18014 6

-3.77964 0.261911 6
-4.00632 0.050558 0
-4.08206 0.436518 0

-3.46666 -0.640613 6
-3.38504 -1.00743 6
-3.72337 -0.867396 6

2.13244 3.54756 0
1.8281 3.37762 6
1.88086 3.74925 0

-3.0205 2.70093 6
-2.9026 2.37864 6
-3.27724 2.53785 6

2.80049 2.56065 8
2.94258 3.01952 6
3.17622 2.88102 6

2.87379 2.00798 6
2.73125 2.26711 5
3.11589 2.21518 6

-3.20388 1.88166 6
-3.25605 1.56313 6
-3.55424 1.71363 6

-3.3502 -1.87856 6
-3.12903 -2.07532 5
-3.45932 -2.21872 6

1.72262 3.04588 6
1.47267 3.2143 6
1.8281 3.37762 6

0.689919 3.38066 6
0.411654 3.57398 0
0.701031 3.76116 0

-3.25605 1.56313 6
-3.3083 1.22256 5
-3.58499 1.36976 6

1.2266 -3.58818 0
1.47267 -3.76998 0
1.22554 -4.00242 0

3.17622 -2.00798 5
3.47864 -1.83337 7
3.37545 -2.26097 7

1.47267 3.2143 6
1.2266 3.3961 6
1.56436 3.56457 0

2.40526 3.33087 6
2.10079 3.18014 6
2.13244 3.54756 0

-3.19318 -1.57139 6
-2.92455 -1.81037 7
-3.3502 -1.87856 6

0.0788332 -3.93129 0
0.387821 -3.7707 0
0.665976 -3.97066 0

2.39689 2.66752 6
2.35408 2.97016 6
2.68494 2.83782 5

3.57726 -0.121301 6
3.55649 0.215225 5
3.85681 0.050558 6

3.98414 0.814889 0
3.71868 1.0332 6
4.01946 1.17385 0

-3.47721 -1.30955 6
-3.19318 -1.57139 6
-3.5469 -1.65188 5

3.37638 0.837212 6
3.42276 1.18751 6
3.71868 1.0332 6

3.10197 1.7322 6
2.87379 2.00798 6
3.34534 1.93936 7

-0.508217 -3.53097 0
-0.205363 -3.72266 0
-0.531031 -3.86751 0

-4.03954 -0.754233 0
-3.72337 -0.867396 6
-4.04765 -1.12562 0

2.81693 -2.62013 5
3.13749 -2.48659 5
3.03002 -2.84611 7

-2.94789 -2.60423 6
-2.87235 -3.05562 7
-3.1549 -2.86091 6

-0.188326 3.93947 0
-0.50986 3.78323 0
-0.840875 3.94969 0

0.701031 3.76116 0
0.416578 3.93529 0
1.01764 3.94044 0

3.13431 -1.69683 6
3.43363 -1.5246 5
3.47864 -1.83337 7

-1.46185 3.31669 6
-1.79685 3.15087 6
-1.77886 3.4626 6

-2.08656 3.53083 0
-2.18549 3.21039 7
-2.41299 3.42697 6

-2.88848 2.03645 6
-3.20388 1.88166 6
-3.20477 2.21288 6

3.37545 -2.26097 7
3.47864 -1.83337 7
3.67088 -2.09831 5

-2.90887 -2.25792 6
-2.63703 -2.36695 6
-2.94789 -2.60423 6

3.78946 -0.377542 6
3.85681 0.050558 6
4.08111 -0.169599 0

1.28345 3.7514 0
1.01764 3.94044 0
1.5858 3.92191 0

-0.829565 -3.68109 0
-0.531031 -3.86751 0
-1.14905 -3.83877 0

3.34534 1.93936 7
3.42269 2.28581 6
3.68375 2.05254 6

-3.27724 2.53785 6
-3.20477 2.21288 6
-3.55049 2.36919 6

-3.47721 -1.30955 6
-3.5469 -1.65188 5
-3.81584 -1.52463 7

-4.07368 -0.377542 0
-3.7788 -0.52165 6
-4.03954 -0.754233 0

-1.14905 -3.83877 0
-0.531031 -3.86751 0
-1.46271 -3.99948 0

0.689919 -3.60362 0
0.965019 -3.40545 6
0.961625 -3.80123 0

3.51434 -1.21845 6
3.81548 -1.12562 7
3.74849 -1.51728 6

-0.205363 -3.72266 0
0.110004 -3.57673 0
0.0788332 -3.93129 0

3.47864 -1.83337 7
3.43363 -1.5246 5
3.74849 -1.51728 6

-0.188326 3.93947 0
-0.840875 3.94969 0
-1.54839 3.98554 0

-1.14847 3.47792 6
-1.46185 3.31669 6
-1.47292 3.65578 0

-2.94789 -2.60423 6
-2.69881 -2.7837 5
-2.87235 -3.05562 7

-2.15866 -3.13825 5
-2.08656 -3.45345 6
-2.47575 -3.22318 6

-3.38504 -1.00743 6
-3.47721 -1.30955 6
-3.75522 -1.18865 5

2.68494 2.83782 5
2.67246 3.20298 6
2.94258 3.01952 6

-1.77886 3.4626 6
-2.08656 3.53083 0
-1.80901 3.80059 0

0.665976 -3.97066 0
0.961625 -3.80123 0
1.22554 -4.00242 0

0.118882 3.75816 0
-0.193244 3.60256 0
-0.188326 3.93947 0

0.965019 3.57883 0
0.701031 3.76116 0
1.01764 3.94044 0

-1.14847 -3.50636 0
-0.829565 -3.68109 0
-1.14905 -3.83877 0

-1.47292 3.65578 0
-1.80901 3.80059 0
-1.54839 3.98554 0

-2.35327 2.80434 7
-2.60692 2.54388 6
-2.74959 2.82979 5

-3.58499 1.36976 6
-3.84367 1.17385 6
-3.87698 1.54329 6

-3.56694 0.967477 7
-3.69346 0.581927 6
-3.87899 0.814889 6

-1.79685 -3.83342 0
-1.46185 -3.66759 0
-1.46271 -3.99948 0

-1.47292 -3.3285 6
-1.14847 -3.50636 0
-1.46185 -3.66759 0

3.42276 1.18751 6
3.40197 1.5748 6
3.70207 1.38008 6

-2.74959 2.82979 5
-3.0205 2.70093 6
-2.98349 3.10187 7

0.411654 3.57398 0
0.118882 3.75816 0
0.416578 3.93529 0

-3.75522 -1.18865 5
-3.81584 -1.52463 7
-4.04765 -1.12562 0

-3.55424 1.71363 6
-3.87698 1.54329 6
-3.85832 1.88067 6

-0.840875 3.94969 0
-1.17857 3.8028 0
-1.54839 3.98554 0

3.40197 1.5748 6
3.34534 1.93936 7
3.67767 1.73476 6

1.2266 3.3961 6
0.965019 3.57883 0
1.28345 3.7514 0

3.43363 -1.5246 5
3.51434 -1.21845 6
3.74849 -1.51728 6

3.8236 -0.754233 6
4.08434 -0.52165 0
4.13976 -0.867396 0

2.35408 2.97016 6
2.10079 3.18014 6
2.40526 3.33087 6

-0.833334 3.63101 0
-1.14847 3.47792 6
-1.17857 3.8028 0

-2.18549 3.21039 7
-2.35327 2.80434 7
-2.56992 3.05562 6

1.72262 -3.9384 0
1.8281 -3.60666 0
2.10079 -3.80414 0

0.0788332 -3.93129 0
0.665976 -3.97066 0
-1.46271 -3.99948 0

1.56436 -3.41971 6
1.88086 -3.23503 6
1.8281 -3.60666 0

3.13749 -2.48659 5
2.91464 -2.26316 7
3.37545 -2.26097 7

-2.18549 3.21039 7
-2.56992 3.05562 6
-2.41299 3.42697 6

-3.87899 0.814889 6
-4.08206 0.436518 0
-4.2059 0.698784 0

-3.77964 0.261911 6
-3.78203 -0.169599 6
-4.00632 0.050558 0

-2.15866 -3.13825 5
-1.80901 -3.18369 6
-2.08656 -3.45345 6

2.21891 -3.08755 7
2.57136 -3.05562 6
2.4586 -3.33906 5

2.91464 -2.26316 7
3.17622 -2.00798 5
3.37545 -2.26097 7

3.11589 2.21518 6
2.80049 2.56065 8
3.1066 2.54908 5

-3.58499 1.36976 6
-3.56694 0.967477 7
-3.84367 1.17385 6

-2.40889 -2.90832 7
-2.15866 -3.13825 5
-2.47575 -3.22318 6

-2.47575 -3.22318 6
-2.41299 -3.55731 0
-2.76537 -3.33503 6

0.387821 -3.7707 0
0.689919 -3.60362 0
0.665976 -3.97066 0

-3.20477 2.21288 6
-3.20388 1.88166 6
-3.51819 2.04007 6

-1.77886 -3.52168 0
-1.79685 -3.83342 0
-2.18549 -3.77389 0

2.10079 -3.80414 0
2.13244 -3.43672 6
2.40526 -3.65342 0

-0.50986 3.78323 0
-0.833334 3.63101 0
-0.840875 3.94969 0

-0.531031 -3.86751 0
0.0788332 -3.93129 0
-1.46271 -3.99948 0

1.8281 -3.60666 0
1.88086 -3.23503 6
2.13244 -3.43672 6

3.81548 -1.12562 7
4.13976 -0.867396 0
4.10791 -1.18865 0

3.87096 -1.83827 6
3.74849 -1.51728 6
4.04729 -1.52463 0

-3.84367 1.17385 6
-4.14446 1.0332 0
-4.16106 1.38008 0

1.88086 -3.23503 6
2.21891 -3.08755 7
2.13244 -3.43672 6

3.03002 -2.84611 7
3.13749 -2.48659 5
3.36942 -2.68313 6

1.2266 -3.58818 0
1.56436 -3.41971 6
1.47267 -3.76998 0

1.01764 3.94044 0
0.416578 3.93529 0
-1.54839 3.98554 0

-2.60692 2.54388 6
-2.9026 2.37864 6
-3.0205 2.70093 6

-2.69881 -2.7837 5
-2.40889 -2.90832 7
-2.87235 -3.05562 7

3.1066 2.54908 5
3.17622 2.88102 6
3.42155 2.6385 6

-4.00632 0.050558 0
-4.28587 -0.121301 0
-4.30664 0.215225 0

0.665976 -3.97066 0
1.22554 -4.00242 0
-1.46271 -3.99948 0

-2.41299 3.42697 6
-2.56992 3.05562 6
-2.72498 3.32419 5

4.01946 1.17385 0
3.70207 1.38008 6
3.98616 1.54329 0

3.78107 0.436518 7
3.65724 0.698784 5
3.98414 0.814889 0

4.08111 -0.169599 0
3.85681 0.050558 6
4.0835 0.261911 0

3.98616 1.54329 0
3.67767 1.73476 6
4.00482 1.88067 0

-2.9026 2.37864 6
-3.20477 2.21288 6
-3.27724 2.53785 6

-3.12903 -2.07532 5
-2.90887 -2.25792 6
-3.23739 -2.46302 7

0.961625 -3.80123 0
1.2266 -3.58818 0
1.22554 -4.00242 0

4.08111 -0.169599 0
4.0835 0.261911 0
4.34958 0.0568489 0

-1.80901 3.80059 0
-2.08656 3.53083 0
-2.15866 3.84603 0

-3.78203 -0.169599 6
-3.7788 -0.52165 6
-4.07368 -0.377542 0

4.16968 0.581927 0
3.98414 0.814889 0
4.2962 0.967477 0

-3.51819 2.04007 6
-3.85832 1.88067 6
-3.84917 2.20548 6

-4.3496 -0.528878 0
-4.03954 -0.754233 0
-4.32871 -0.879961 0

3.8236 -0.754233 6
3.78946 -0.377542 6
4.08434 -0.52165 0

3.85681 0.050558 6
3.78107 0.436518 7
4.0835 0.261911 0

1.8281 3.37762 6
1.56436 3.56457 0
1.88086 3.74925 0

-1.77886 3.4626 6
-2.18549 3.21039 7
-2.08656 3.53083 0

-3.69346 0.581927 6
-3.77964 0.261911 6
-4.08206 0.436518 0

-3.23739 -2.46302 7
-3.1549 -2.86091 6
-3.47721 -2.70641 5

4.34958 0.0568489 0
4.0835 0.261911 0
4.44065 0.385904 0

1.88086 3.74925 0
1.56436 3.56457 0
1.5858 3.92191 0

3.42269 2.28581 6
3.42155 2.6385 6
3.7285 2.39907 6

-3.81584 -1.52463 7
-3.5469 -1.65188 5
-3.70007 -1.97944 6

-3.87899 0.814889 6
-4.2059 0.698784 0
-4.14446 1.0332 0

-3.7788 -0.52165 6
-3.72337 -0.867396 6
-4.03954 -0.754233 0

-3.23739 -2.46302 7
-3.47721 -2.70641 5
-3.66181 -2.4616 6

-3.3502 -1.87856 6
-3.45932 -2.21872 6
-3.70007 -1.97944 6

3.34534 1.93936 7
3.11589 2.21518 6
3.42269 2.28581 6

2.40526 3.33087 6
2.4586 3.64522 0
2.77463 3.58367 0

-4.07368 -0.377542 0
-4.03954 -0.754233 0
-4.3496 -0.528878 0

3.36942 -2.68313 6
3.37545 -2.26097 7
3.64244 -2.44842 6

2.10079 3.18014 6
1.8281 3.37762 6
2.13244 3.54756 0

-4.28587 -0.121301 0
-4.07368 -0.377542 0
-4.3496 -0.528878 0

-2.98349 3.10187 7
-3.0205 2.70093 6
-3.26804 2.93634 6

2.40526 -3.65342 0
2.4586 -3.33906 5
2.77463 -3.40062 7

2.57136 -3.05562 6
3.03002 -2.84611 7
2.93692 -3.12842 5

4.08434 -0.52165 0
4.38077 -0.296925 0
4.39647 -0.640613 0

2.55702 -2.77227 7
2.81693 -2.62013 5
3.03002 -2.84611 7

-3.55424 1.71363 6
-3.58499 1.36976 6
-3.87698 1.54329 6

2.68494 2.83782 5
2.35408 2.97016 6
2.67246 3.20298 6

2.4586 3.64522 0
2.13244 3.54756 0
2.21891 3.89673 0

-3.26804 2.93634 6
-3.27724 2.53785 6
-3.5484 2.74547 6

-4.04765 -1.12562 0
-3.81584 -1.52463 7
-4.11465 -1.51728 0

1.22554 -4.00242 0
1.47267 -3.76998 0
1.72262 -3.9384 0

3.64244 -2.44842 6
3.67088 -2.09831 5
3.96483 -2.24505 0

3.71868 1.0332 6
3.70207 1.38008 6
4.01946 1.17385 0

2.94258 3.01952 6
2.99854 3.34607 5
3.30699 3.20701 6

-1.47292 3.65578 0
-1.77886 3.4626 6
-1.80901 3.80059 0

-3.87698 1.54329 6
-4.16106 1.38008 0
-4.18546 1.73476 0

-1.77886 -3.52168 0
-1.46185 -3.66759 0
-1.79685 -3.83342 0

4.04729 -1.52463 0
4.10791 -1.18865 0
4.38593 -1.30955 0

1.88086 3.74925 0
1.5858 3.92191 0
2.21891 3.89673 0

1.56436 3.56457 0
1.28345 3.7514 0
1.5858 3.92191 0

-1.17857 3.8028 0
-1.47292 3.65578 0
-1.54839 3.98554 0

-3.5469 -1.65188 5
-3.3502 -1.87856 6
-3.70007 -1.97944 6

-2.18549 -3.77389 0
-1.79685 -3.83342 0
-2.56992 -3.92866 0

-3.72337 -0.867396 6
-3.75522 -1.18865 5
-4.04765 -1.12562 0

3.78107 0.436518 7
3.98414 0.814889 0
4.16968 0.581927 0

-2.72498 3.32419 5
-2.56992 3.05562 6
-2.98349 3.10187 7

1.22554 -4.00242 0
1.72262 -3.9384 0
2.35408 -4.01412 0

4.2962 0.967477 0
4.01946 1.17385 0
4.27814 1.36976 0

2.80049 2.56065 8
2.68494 2.83782 5
2.94258 3.01952 6

3.70207 1.38008 6
3.67767 1.73476 6
3.98616 1.54329 0

-2.41299 -3.55731 0
-2.08656 -3.45345 6
-2.18549 -3.77389 0

3.67767 1.73476 6
3.34534 1.93936 7
3.68375 2.05254 6

3.81548 -1.12562 7
4.10791 -1.18865 0
4.04729 -1.52463 0

3.67088 -2.09831 5
3.47864 -1.83337 7
3.87096 -1.83827 6

3.81548 -1.12562 7
3.8236 -0.754233 6
4.13976 -0.867396 0

2.57136 3.92866 0
1.01764 3.94044 0
3.29802 3.94123 0

2.40526 3.33087 6
2.13244 3.54756 0
2.4586 3.64522 0

-4.18546 1.73476 0
-4.16106 1.38008 0
-4.44037 1.18751 0

-4.32871 -0.879961 0
-4.04765 -1.12562 0
-4.3488 -1.21845 0

2.57136 -3.05562 6
2.93692 -3.12842 5
2.77463 -3.40062 7

-1.46185 -3.66759 0
-1.14905 -3.83877 0
-1.46271 -3.99948 0

-3.23739 -2.46302 7
-2.94789 -2.60423 6
-3.1549 -2.86091 6

0.416578 3.93529 0
-0.188326 3.93947 0
-1.54839 3.98554 0

-2.87235 -3.05562 7
-2.76537 -3.33503 6
-3.17478 -3.23023 6

2.94258 3.01952 6
2.67246 3.20298 6
2.99854 3.34607 5

-4.2059 0.698784 0
-4.08206 0.436518 0
-4.30664 0.215225 0

3.96483 -2.24505 0
3.87096 -1.83827 6
4.16307 -1.97944 0

-3.20477 2.21288 6
-3.51819 2.04007 6
-3.55049 2.36919 6

-3.84367 1.17385 6
-3.87899 0.814889 6
-4.14446 1.0332 0

-4.00632 0.050558 0
-4.07368 -0.377542 0
-4.28587 -0.121301 0

-2.08656 -3.45345 6
-1.77886 -3.52168 0
-2.18549 -3.77389 0

3.68375 2.05254 6
3.7285 2.39907 6
4.01396 2.20548 0

-1.54839 3.98554 0
-1.80901 3.80059 0
-2.15866 3.84603 0

-3.0205 2.70093 6
-3.27724 2.53785 6
-3.26804 2.93634 6

-2.15866 3.84603 0
-2.08656 3.53083 0
-2.47575 3.7611 0

4.13976 -0.867396 0
4.39647 -0.640613 0
4.38593 -1.30955 0

3.42269 2.28581 6
3.1066 2.54908 5
3.42155 2.6385 6

3.47864 -1.83337 7
3.74849 -1.51728 6
3.87096 -1.83827 6

-3.87698 1.54329 6
-3.84367 1.17385 6
-4.16106 1.38008 0

-2.87235 -3.05562 7
-2.47575 -3.22318 6
-2.76537 -3.33503 6

2.4586 -3.33906 5
2.57136 -3.05562 6
2.77463 -3.40062 7

3.1066 2.54908 5
2.80049 2.56065 8
3.17622 2.88102 6

-2.56992 3.05562 6
-2.74959 2.82979 5
-2.98349 3.10187 7

3.03002 -2.84611 7
3.36942 -2.68313 6
3.29802 -3.04306 6

2.13244 3.54756 0
1.88086 3.74925 0
2.21891 3.89673 0

-3.51819 2.04007 6
-3.55424 1.71363 6
-3.85832 1.88067 6

-3.1549 -2.86091 6
-3.17478 -3.23023 6
-3.46072 -3.04293 6

-2.47575 3.7611 0
-2.41299 3.42697 6
-2.76537 3.64926 0

-4.30664 0.215225 0
-4.28587 -0.121301 0
-4.3496 -0.528878 0

-2.47575 -3.22318 6
-2.08656 -3.45345 6
-2.41299 -3.55731 0

1.47267 -3.76998 0
1.8281 -3.60666 0
1.72262 -3.9384 0

3.74849 -1.51728 6
3.81548 -1.12562 7
4.04729 -1.52463 0

-3.04963 3.45523 6
-2.98349 3.10187 7
-3.31625 3.28048 6

-4.30664 0.215225 0
-4.3496 -0.528878 0
-4.44037 1.18751 0

3.37545 -2.26097 7
3.67088 -2.09831 5
3.64244 -2.44842 6

3.13749 -2.48659 5
3.37545 -2.26097 7
3.36942 -2.68313 6

3.7285 2.39907 6
3.42155 2.6385 6
3.71965 2.74078 5

-4.08206 0.436518 0
-4.00632 0.050558 0
-4.30664 0.215225 0

-1.46271 -3.99948 0
1.22554 -4.00242 0
2.35408 -4.01412 0

4.38077 -0.296925 0
4.34958 0.0568489 0
4.44065 0.385904 0

4.16968 0.581927 0
4.2962 0.967477 0
4.44065 0.385904 0

1.8281 -3.60666 0
2.13244 -3.43672 6
2.10079 -3.80414 0

-2.72498 -3.66009 0
-2.41299 -3.55731 0
-2.56992 -3.92866 0

-2.76537 -3.33503 6
-2.72498 -3.66009 0
-3.04963 -3.52905 0

1.72262 -3.9384 0
2.10079 -3.80414 0
2.35408 -4.01412 0

4.16307 -1.97944 0
4.04729 -1.52463 0
4.31623 -1.65188 0

4.08111 -0.169599 0
4.34958 0.0568489 0
4.38077 -0.296925 0

-3.59438 -3.89177 0
-2.56992 -3.92866 0
-4.30173 -3.97114 0

-3.85832 1.88067 6
-4.18546 1.73476 0
-4.17938 2.05254 0

-1.79685 -3.83342 0
-1.46271 -3.99948 0
-2.56992 -3.92866 0

2.13244 -3.43672 6
2.4586 -3.33906 5
2.40526 -3.65342 0

-4.32871 -0.879961 0
-4.3488 -1.21845 0
-4.42951 -1.5246 0

-2.76537 3.64926 0
-2.72498 3.32419 5
-3.04963 3.45523 6

-3.99218 -1.83827 0
-3.70007 -1.97944 6
-3.89831 -2.24505 7

3.29802 -3.04306 6
3.36942 -2.68313 6
3.62628 -2.83939 7

-4.16106 1.38008 0
-4.14446 1.0332 0
-4.44037 1.18751 0

-4.04765 -1.12562 0
-4.11465 -1.51728 0
-4.3488 -1.21845 0

-4.11465 -1.51728 0
-3.81584 -1.52463 7
-3.99218 -1.83827 0

3.30699 3.20701 6
2.99854 3.34607 5
3.17622 3.57944 0

4.27814 1.36976 0
3.98616 1.54329 0
4.3089 1.71363 0

3.17622 -3.40484 7
3.29802 -3.04306 6
3.51546 -3.25814 6

2.93692 -3.12842 5
3.29802 -3.04306 6
3.17622 -3.40484 7

4.44065 0.385904 0
4.2962 0.967477 0
4.27814 1.36976 0

4.08434 -0.52165 0
4.08111 -0.169599 0
4.38077 -0.296925 0

-3.5484 2.74547 6
-3.55049 2.36919 6
-3.83223 2.56458 6

-3.81584 -1.52463 7
-3.70007 -1.97944 6
-3.99218 -1.83827 0

-3.70007 -1.97944 6
-3.45932 -2.21872 6
-3.89831 -2.24505 7

-3.89831 -2.24505 7
-3.66181 -2.4616 6
-3.95846 -2.62512 0

4.3089 1.71363 0
4.00482 1.88067 0
4.34495 2.04007 0

2.99854 3.34607 5
2.67246 3.20298 6
2.77463 3.58367 0

-3.85832 1.88067 6
-3.87698 1.54329 6
-4.18546 1.73476 0

3.98414 0.814889 0
4.01946 1.17385 0
4.2962 0.967477 0

1.01764 3.94044 0
-1.54839 3.98554 0
3.29802 3.94123 0

-3.45932 -2.21872 6
-3.66181 -2.4616 6
-3.89831 -2.24505 7

2.77463 3.58367 0
2.4586 3.64522 0
2.57136 3.92866 0

-3.31625 3.28048 6
-3.26804 2.93634 6
-3.59438 3.09252 6

-3.45932 -2.21872 6
-3.23739 -2.46302 7
-3.66181 -2.4616 6

2.40526 -3.65342 0
2.77463 -3.40062 7
2.67246 -3.7813 0

-2.15866 3.84603 0
-2.47575 3.7611 0
-2.87235 3.92866 0

-4.03954 -0.754233 0
-4.04765 -1.12562 0
-4.32871 -0.879961 0

4.13976 -0.867396 0
4.08434 -0.52165 0
4.39647 -0.640613 0

3.67767 1.73476 6
3.68375 2.05254 6
4.00482 1.88067 0

3.68375 2.05254 6
3.42269 2.28581 6
3.7285 2.39907 6

3.62628 -2.83939 7
3.64244 -2.44842 6
3.90467 -2.62512 5

-3.55049 2.36919 6
-3.51819 2.04007 6
-3.84917 2.20548 6

-3.84917 2.20548 6
-4.17938 2.05254 0
-4.13464 2.39907 0

3.67088 -2.09831 5
3.87096 -1.83827 6
3.96483 -2.24505 0

4.39647 -0.640613 0
4.38077 -0.296925 0
4.44065 0.385904 0

4.0835 0.261911 0
4.16968 0.581927 0
4.44065 0.385904 0

3.36942 -2.68313 6
3.64244 -2.44842 6
3.62628 -2.83939 7

-4.44037 1.18751 0
-4.3496 -0.528878 0
-4.42951 -1.5246 0

2.21891 3.89673 0
1.5858 3.92191 0
2.57136 3.92866 0

-3.27724 2.53785 6
-3.55049 2.36919 6
-3.5484 2.74547 6

-3.99218 -1.83827 0
-4.19225 -2.09831 0
-4.38449 -1.83337 0

2.93692 -3.12842 5
3.03002 -2.84611 7
3.29802 -3.04306 6

4.01946 1.17385 0
3.98616 1.54329 0
4.27814 1.36976 0

4.44065 0.385904 0
4.3089 1.71363 0
4.34495 2.04007 0

1.5858 3.92191 0
1.01764 3.94044 0
2.57136 3.92866 0

3.17622 2.88102 6
3.30699 3.20701 6
3.56141 3.01314 7

-3.59438 3.09252 6
-3.5484 2.74547 6
-3.87271 2.91807 6

-3.47721 -2.70641 5
-3.46072 -3.04293 6
-3.77964 -2.88102 7

-3.89831 -2.24505 7
-3.95846 -2.62512 0
-4.2207 -2.44842 0

-4.3496 -0.528878 0
-4.32871 -0.879961 0
-4.42951 -1.5246 0

-2.08656 3.53083 0
-2.41299 3.42697 6
-2.47575 3.7611 0

-4.3488 -1.21845 0
-4.11465 -1.51728 0
-4.42951 -1.5246 0

3.90467 -2.62512 5
3.96483 -2.24505 0
4.20133 -2.4616 0

-3.1549 -2.86091 6
-2.87235 -3.05562 7
-3.17478 -3.23023 6

-2.41299 3.42697 6
-2.72498 3.32419 5
-2.76537 3.64926 0

4.00482 1.88067 0
3.68375 2.05254 6
4.01396 2.20548 0

-4.2059 0.698784 0
-4.30664 0.215225 0
-4.44037 1.18751 0

4.44065 0.385904 0
4.27814 1.36976 0
4.3089 1.71363 0

2.67246 3.20298 6
2.40526 3.33087 6
2.77463 3.58367 0

-3.17478 -3.23023 6
-3.04963 -3.52905 0
-3.45241 -3.3917 6

4.38593 -1.30955 0
4.39647 -0.640613 0
4.40381 -2.21872 0

-2.72498 -3.66009 0
-2.56992 -3.92866 0
-2.98349 -3.88241 0

-2.76537 -3.33503 6
-2.41299 -3.55731 0
-2.72498 -3.66009 0

4.10791 -1.18865 0
4.13976 -0.867396 0
4.38593 -1.30955 0

3.30699 3.20701 6
3.17622 3.57944 0
3.54196 3.401 6

-2.47575 3.7611 0
-2.76537 3.64926 0
-2.87235 3.92866 0

-4.17938 2.05254 0
-4.18546 1.73476 0
-4.44044 2.28581 0

4.16307 -1.97944 0
4.31623 -1.65188 0
4.40381 -2.21872 0

3.7285 2.39907 6
3.71965 2.74078 5
4.03091 2.56458 0

-3.17478 3.75405 0
-3.04963 3.45523 6
-3.45241 3.59258 0

-4.14446 1.0332 0
-4.2059 0.698784 0
-4.44037 1.18751 0

2.40526 -3.65342 0
2.67246 -3.7813 0
2.35408 -4.01412 0

3.87096 -1.83827 6
4.04729 -1.52463 0
4.16307 -1.97944 0

3.71965 2.74078 5
3.42155 2.6385 6
3.56141 3.01314 7

3.17622 2.88102 6
2.94258 3.01952 6
3.30699 3.20701 6

-3.47721 -2.70641 5
-3.1549 -2.86091 6
-3.46072 -3.04293 6

4.34495 2.04007 0
4.01396 2.20548 0
4.31264 2.36919 0

-2.72498 3.32419 5
-2.98349 3.10187 7
-3.04963 3.45523 6

4.00482 1.88067 0
4.01396 2.20548 0
4.34495 2.04007 0

4.04729 -1.52463 0
4.38593 -1.30955 0
4.31623 -1.65188 0

4.03091 2.56458 0
3.71965 2.74078 5
3.99043 2.91807 0

-3.55049 2.36919 6
-3.84917 2.20548 6
-3.83223 2.56458 6

2.67246 -3.7813 0
2.99854 -3.63821 0
2.94258 -3.96476 0

3.42155 2.6385 6
3.17622 2.88102 6
3.56141 3.01314 7

-3.17478 -3.23023 6
-2.76537 -3.33503 6
-3.04963 -3.52905 0

3.96483 -2.24505 0
4.16307 -1.97944 0
4.40381 -2.21872 0

4.01396 2.20548 0
3.7285 2.39907 6
4.03091 2.56458 0

2.77463 -3.40062 7
3.17622 -3.40484 7
2.99854 -3.63821 0

3.98616 1.54329 0
4.00482 1.88067 0
4.3089 1.71363 0

-3.87271 2.91807 6
-3.83223 2.56458 6
-4.14349 2.74078 0

2.10079 -3.80414 0
2.40526 -3.65342 0
2.35408 -4.01412 0

3.51546 -3.25814 6
3.62628 -2.83939 7
3.80252 -3.07829 5

-3.84917 2.20548 6
-3.85832 1.88067 6
-4.17938 2.05254 0

-3.04963 -3.52905 0
-2.98349 -3.88241 0
-3.31625 -3.70381 0

2.77463 -3.40062 7
2.93692 -3.12842 5
3.17622 -3.40484 7

-3.83223 2.56458 6
-3.84917 2.20548 6
-4.13464 2.39907 0

-3.46072 -3.04293 6
-3.45241 -3.3917 6
-3.77964 -3.23023 6

-4.44044 2.28581 0
-4.44037 1.18751 0
-4.44158 2.6385 0

-2.98349 3.10187 7
-3.26804 2.93634 6
-3.31625 3.28048 6

-1.54839 3.98554 0
-2.15866 3.84603 0
-2.87235 3.92866 0

2.4586 3.64522 0
2.21891 3.89673 0
2.57136 3.92866 0

-4.42951 -1.5246 0
-4.11465 -1.51728 0
-4.38449 -1.83337 0

3.54196 -3.58329 0
3.51546 -3.25814 6
3.83821 -3.4406 6

-3.99218 -1.83827 0
-3.89831 -2.24505 7
-4.19225 -2.09831 0

3.17622 3.57944 0
2.77463 3.58367 0
2.93692 3.85587 0

-2.41299 -3.55731 0
-2.18549 -3.77389 0
-2.56992 -3.92866 0

3.29802 -3.04306 6
3.62628 -2.83939 7
3.51546 -3.25814 6

3.99043 2.91807 0
3.56141 3.01314 7
3.85359 3.20791 6

-3.26804 2.93634 6
-3.5484 2.74547 6
-3.59438 3.09252 6

3.30699 -3.77727 0
3.17622 -3.40484 7
3.54196 -3.58329 0

3.64244 -2.44842 6
3.96483 -2.24505 0
3.90467 -2.62512 5

-3.77964 -2.88102 7
-3.46072 -3.04293 6
-3.77964 -3.23023 6

2.67246 -3.7813 0
2.77463 -3.40062 7
2.99854 -3.63821 0

-3.70729 3.3922 6
-3.59438 3.09252 6
-4.00955 3.20791 0

-3.95846 -2.62512 0
-3.66181 -2.4616 6
-3.77964 -2.88102 7

-4.38449 -1.83337 0
-4.19225 -2.09831 0
-4.2207 -2.44842 0

-3.46072 -3.04293 6
-3.17478 -3.23023 6
-3.45241 -3.3917 6

2.35408 -4.01412 0
2.67246 -3.7813 0
2.94258 -3.96476 0

-4.11465 -1.51728 0
-3.99218 -1.83827 0
-4.38449 -1.83337 0

-3.66181 -2.4616 6
-3.47721 -2.70641 5
-3.77964 -2.88102 7

4.34495 2.04007 0
4.31264 2.36919 0
4.31474 2.74547 0

-3.5484 2.74547 6
-3.83223 2.56458 6
-3.87271 2.91807 6

-4.13464 2.39907 0
-4.44044 2.28581 0
-4.44158 2.6385 0

-4.2207 -2.44842 0
-3.95846 -2.62512 0
-4.23686 -2.83939 0

4.03091 2.56458 0
3.99043 2.91807 0
4.31474 2.74547 0

2.99854 3.34607 5
2.77463 3.58367 0
3.17622 3.57944 0

-4.19225 -2.09831 0
-3.89831 -2.24505 7
-4.2207 -2.44842 0

3.90467 -2.62512 5
4.20133 -2.4616 0
4.0835 -2.88102 0

4.20133 -2.4616 0
3.96483 -2.24505 0
4.40381 -2.21872 0

3.54196 3.401 6
3.17622 3.57944 0
3.51546 3.72615 0

-4.00955 3.20791 0
-3.87271 2.91807 6
-4.30173 3.01314 0

-2.98349 -3.88241 0
-2.56992 -3.92866 0
-3.59438 -3.89177 0

4.39647 -0.640613 0
4.44065 0.385904 0
4.40381 -2.21872 0

2.77463 3.58367 0
2.57136 3.92866 0
2.93692 3.85587 0

-2.87235 3.92866 0
-2.76537 3.64926 0
-3.17478 3.75405 0

-3.83223 2.56458 6
-4.13464 2.39907 0
-4.14349 2.74078 0

4.0835 -2.88102 0
4.20133 -2.4616 0
4.38593 -2.70641 0

-3.45241 3.59258 0
-3.31625 3.28048 6
-3.70729 3.3922 6

-3.77964 -3.23023 6
-3.45241 -3.3917 6
-3.70729 -3.59208 0

4.31623 -1.65188 0
4.38593 -1.30955 0
4.40381 -2.21872 0

3.56141 3.01314 7
3.54196 3.401 6
3.85359 3.20791 6

-4.38449 -1.83337 0
-4.23686 -2.83939 0
-4.34768 -3.25814 0

3.80252 -3.07829 5
3.62628 -2.83939 7
4.0835 -2.88102 0

2.93692 3.85587 0
2.57136 3.92866 0
3.29802 3.94123 0

-4.14349 2.74078 0
-4.44158 2.6385 0
-4.30173 3.01314 0

-3.04963 -3.52905 0
-2.72498 -3.66009 0
-2.98349 -3.88241 0

3.83821 -3.4406 6
3.80252 -3.07829 5
4.0835 -3.23023 0

3.56141 3.01314 7
3.30699 3.20701 6
3.54196 3.401 6

-3.17478 3.75405 0
-3.45241 3.59258 0
-3.46072 3.94136 0

-2.76537 3.64926 0
-3.04963 3.45523 6
-3.17478 3.75405 0

3.62628 -2.83939 7
3.90467 -2.62512 5
4.0835 -2.88102 0

4.01396 2.20548 0
4.03091 2.56458 0
4.31264 2.36919 0

-3.70729 -3.59208 0
-3.31625 -3.70381 0
-3.59438 -3.89177 0

4.0835 -3.23023 0
4.0835 -2.88102 0
4.40241 -3.04293 0

2.94258 -3.96476 0
2.99854 -3.63821 0
3.30699 -3.77727 0

4.31474 2.74547 0
3.99043 2.91807 0
4.26875 3.09252 0

3.71965 2.74078 5
3.56141 3.01314 7
3.99043 2.91807 0

-3.46072 3.94136 0
-3.45241 3.59258 0
-3.77964 3.75405 0

-4.18546 1.73476 0
-4.44037 1.18751 0
-4.44044 2.28581 0

-3.45241 -3.3917 6
-3.04963 -3.52905 0
-3.31625 -3.70381 0

3.30699 -3.77727 0
3.54196 -3.58329 0
3.56141 -3.97114 0

-3.77964 -2.88102 7
-4.06062 -3.07829 0
-4.23686 -2.83939 0

-3.77964 -2.88102 7
-3.77964 -3.23023 6
-4.06062 -3.07829 0

-4.38449 -1.83337 0
-4.2207 -2.44842 0
-4.23686 -2.83939 0

-3.04963 3.45523 6
-3.31625 3.28048 6
-3.45241 3.59258 0

-4.13464 2.39907 0
-4.17938 2.05254 0
-4.44044 2.28581 0

4.20133 -2.4616 0
4.40381 -2.21872 0
4.38593 -2.70641 0

-3.70729 -3.59208 0
-3.59438 -3.89177 0
-4.00955 -3.77637 0

3.54196 3.401 6
3.51546 3.72615 0
3.83821 3.54368 0

4.34495 2.04007 0
4.31474 2.74547 0
4.41073 3.59258 0

-3.77964 3.75405 0
-3.70729 3.3922 6
-4.02492 3.54368 0

-4.06062 -3.07829 0
-4.02492 -3.4406 0
-4.34768 -3.25814 0

2.99854 -3.63821 0
3.17622 -3.40484 7
3.30699 -3.77727 0

-3.31625 3.28048 6
-3.59438 3.09252 6
-3.70729 3.3922 6

-3.77964 -3.23023 6
-3.70729 -3.59208 0
-4.02492 -3.4406 0

3.17622 -3.40484 7
3.51546 -3.25814 6
3.54196 -3.58329 0

3.83821 3.54368 0
3.51546 3.72615 0
3.80252 3.906 0

-3.45241 -3.3917 6
-3.31625 -3.70381 0
-3.70729 -3.59208 0

4.40241 -3.04293 0
4.40381 -2.21872 0
4.41073 -3.3917 0

-3.95846 -2.62512 0
-3.77964 -2.88102 7
-4.23686 -2.83939 0

4.31264 2.36919 0
4.03091 2.56458 0
4.31474 2.74547 0

4.26875 3.09252 0
3.85359 3.20791 6
4.15584 3.3922 0

3.51546 3.72615 0
3.17622 3.57944 0
3.29802 3.94123 0

-3.77964 3.75405 0
-4.02492 3.54368 0
-4.06062 3.906 0

-3.59438 3.09252 6
-3.87271 2.91807 6
-4.00955 3.20791 0

-2.87235 3.92866 0
-3.17478 3.75405 0
-3.46072 3.94136 0

3.56141 -3.97114 0
3.54196 -3.58329 0
3.85359 -3.77637 0

3.17622 3.57944 0
2.93692 3.85587 0
3.29802 3.94123 0

-3.45241 3.59258 0
-3.70729 3.3922 6
-3.77964 3.75405 0

4.38593 -2.70641 0
4.40381 -2.21872 0
4.40241 -3.04293 0

3.51546 -3.25814 6
3.80252 -3.07829 5
3.83821 -3.4406 6

-4.02492 3.54368 0
-4.00955 3.20791 0
-4.32117 3.401 0

3.80252 -3.07829 5
4.0835 -2.88102 0
4.0835 -3.23023 0

-4.14349 2.74078 0
-4.13464 2.39907 0
-4.44158 2.6385 0

3.85359 -3.77637 0
3.83821 -3.4406 6
4.15584 -3.59208 0

3.85359 3.20791 6
3.54196 3.401 6
3.83821 3.54368 0

4.31474 2.74547 0
4.26875 3.09252 0
4.41073 3.59258 0

-4.06062 -3.07829 0
-3.77964 -3.23023 6
-4.02492 -3.4406 0

-1.54839 3.98554 0
-2.87235 3.92866 0
-3.46072 3.94136 0

2.94258 -3.96476 0
3.30699 -3.77727 0
3.56141 -3.97114 0

-3.87271 2.91807 6
-4.14349 2.74078 0
-4.30173 3.01314 0

-4.02492 -3.4406 0
-4.00955 -3.77637 0
-4.32117 -3.58329 0

3.99043 2.91807 0
3.85359 3.20791 6
4.26875 3.09252 0

-4.06062 3.906 0
-4.02492 3.54368 0
-4.34768 3.72615 0

-4.00955 3.20791 0
-4.30173 3.01314 0
-4.32117 3.401 0

-4.42951 -1.5246 0
-4.38449 -1.83337 0
-4.34768 -3.25814 0

-3.31625 -3.70381 0
-2.98349 -3.88241 0
-3.59438 -3.89177 0

4.15584 -3.59208 0
4.0835 -3.23023 0
4.41073 -3.3917 0

3.83821 -3.4406 6
4.0835 -3.23023 0
4.15584 -3.59208 0

3.83821 3.54368 0
3.80252 3.906 0
4.0835 3.75405 0

3.85359 -3.77637 0
4.15584 -3.59208 0
4.26875 -3.89177 0

2.35408 -4.01412 0
2.94258 -3.96476 0
3.56141 -3.97114 0

4.0835 -2.88102 0
4.38593 -2.70641 0
4.40241 -3.04293 0

-4.02492 -3.4406 0
-3.70729 -3.59208 0
-4.00955 -3.77637 0

-3.70729 3.3922 6
-4.00955 3.20791 0
-4.02492 3.54368 0

3.85359 3.20791 6
3.83821 3.54368 0
4.15584 3.3922 0

4.15584 3.3922 0
4.0835 3.75405 0
4.41073 3.59258 0

3.80252 3.906 0
3.29802 3.94123 0
4.40241 3.94136 0

3.54196 -3.58329 0
3.83821 -3.4406 6
3.85359 -3.77637 0

-4.30173 3.01314 0
-4.44158 2.6385 0
-4.32117 3.401 0

-4.23686 -2.83939 0
-4.06062 -3.07829 0
-4.34768 -3.25814 0

4.15584 3.3922 0
3.83821 3.54368 0
4.0835 3.75405 0

3.51546 3.72615 0
3.29802 3.94123 0
3.80252 3.906 0

-4.32117 -3.58329 0
-4.00955 -3.77637 0
-4.30173 -3.97114 0

4.0835 -3.23023 0
4.40241 -3.04293 0
4.41073 -3.3917 0

4.26875 3.09252 0
4.15584 3.3922 0
4.41073 3.59258 0

-3.46072 3.94136 0
-3.77964 3.75405 0
-4.06062 3.906 0

-4.34768 -3.25814 0
-4.32117 -3.58329 0
-4.30173 -3.97114 0

-4.00955 -3.77637 0
-3.59438 -3.89177 0
-4.30173 -3.97114 0

4.15584 -3.59208 0
4.41073 -3.3917 0
4.26875 -3.89177 0

3.29802 3.94123 0
-1.54839 3.98554 0
4.40241 3.94136 0

-4.34768 -3.25814 0
-4.02492 -3.4406 0
-4.32117 -3.58329 0

4.40381 -2.21872 0
4.44065 0.385904 0
4.41073 -3.3917 0

-4.32117 3.401 0
-4.44158 2.6385 0
-4.34768 3.72615 0

3.56141 -3.97114 0
3.85359 -3.77637 0
4.26875 -3.89177 0

4.44065 0.385904 0
4.34495 2.04007 0
4.41073 3.59258 0

4.41073 3.59258 0
4.0835 3.75405 0
4.40241 3.94136 0

-4.02492 3.54368 0
-4.32117 3.401 0
-4.34768 3.72615 0

-2.56992 -3.92866 0
-1.46271 -3.99948 0
-4.30173 -3.97114 0

4.0835 3.75405 0
3.80252 3.906 0
4.40241 3.94136 0

# 3.93157 -3.93157 3.49214 -3.49214
