# x y adNum
0.16711 0.0596438 7
-0.260709 -0.0181784 6
-0.0902141 0.252849 6

0.16711 0.0596438 7
-5.84036e-05 -0.228483 6
-0.260709 -0.0181784 6

0.16711 0.0596438 7
0.235377 0.415657 6
0.502474 0.240524 6

0.454361 -0.0873035 6
0.79997 0.0512272 6
0.825781 -0.261043 6

-0.372101 -0.343467 6
-5.84036e-05 -0.228483 6
-0.144317 -0.556071 5

0.16711 0.0596438 7
0.454361 -0.0873035 6
0.323657 -0.351719 6

0.16711 0.0596438 7
-0.0902141 0.252849 6
0.235377 0.415657 6

-0.0902141 0.252849 6
-0.536654 0.163652 6
-0.366974 0.439378 6

-0.372101 -0.343467 6
-0.472291 -0.678212 6
-0.762608 -0.470605 6

-5.84036e-05 -0.228483 6
0.16711 0.0596438 7
0.323657 -0.351719 6

-0.536654 0.163652 6
-0.260709 -0.0181784 6
-0.627265 -0.175403 6

-0.260709 -0.0181784 6
-5.84036e-05 -0.228483 6
-0.372101 -0.343467 6

0.323657 -0.351719 6
0.616329 -0.490445 6
0.447722 -0.773641 6

0.454361 -0.0873035 6
0.16711 0.0596438 7
0.502474 0.240524 6

0.502474 0.240524 6
0.546478 0.620862 6
0.791899 0.394551 6

-0.0902141 0.252849 6
-0.260709 -0.0181784 6
-0.536654 0.163652 6

0.235377 0.415657 6
-0.068321 0.596989 6
0.233016 0.761413 6

-0.0902141 0.252849 6
-0.366974 0.439378 6
-0.068321 0.596989 6

-0.627265 -0.175403 6
-0.762608 -0.470605 6
-1.05778 -0.261911 7

-0.144317 -0.556071 5
-5.84036e-05 -0.228483 6
0.151933 -0.611125 6

0.235377 0.415657 6
-0.0902141 0.252849 6
-0.068321 0.596989 6

-0.364733 0.82021 6
-0.366974 0.439378 6
-0.635337 0.639647 5

-0.472291 -0.678212 6
-0.144317 -0.556071 5
-0.136144 -0.880039 6

-5.84036e-05 -0.228483 6
0.323657 -0.351719 6
0.151933 -0.611125 6

-0.536654 0.163652 6
-0.627265 -0.175403 6
-0.878407 0.00248001 5

-0.260709 -0.0181784 6
-0.372101 -0.343467 6
-0.627265 -0.175403 6

0.151933 -0.611125 6
0.447722 -0.773641 6
0.186742 -0.983334 6

0.323657 -0.351719 6
0.454361 -0.0873035 6
0.616329 -0.490445 6

0.235377 0.415657 6
0.233016 0.761413 6
0.546478 0.620862 6

-0.068321 0.596989 6
-0.364733 0.82021 6
-0.0832149 0.94431 6

0.616329 -0.490445 6
0.944464 -0.603881 6
0.756801 -0.867209 6

0.454361 -0.0873035 6
0.502474 0.240524 6
0.79997 0.0512272 6

-0.068321 0.596989 6
-0.366974 0.439378 6
-0.364733 0.82021 6

-0.372101 -0.343467 6
-0.144317 -0.556071 5
-0.472291 -0.678212 6

1.13125 -0.118324 6
0.79997 0.0512272 6
1.12001 0.216157 6

0.502474 0.240524 6
0.235377 0.415657 6
0.546478 0.620862 6

-0.762608 -0.470605 6
-0.754844 -0.83743 6
-1.04053 -0.644581 6

0.616329 -0.490445 6
0.454361 -0.0873035 6
0.825781 -0.261043 6

-0.437941 -1.02262 6
-0.136144 -0.880039 6
-0.0990573 -1.20471 6

-0.536654 0.163652 6
-0.878407 0.00248001 5
-0.800812 0.371535 6

-0.366974 0.439378 6
-0.536654 0.163652 6
-0.800812 0.371535 6

0.79997 0.0512272 6
0.502474 0.240524 6
0.791899 0.394551 6

0.447722 -0.773641 6
0.756801 -0.867209 6
0.522268 -1.12521 6

0.546478 0.620862 6
0.479922 0.970604 6
0.840027 0.788266 7

-0.878407 0.00248001 5
-0.627265 -0.175403 6
-1.05778 -0.261911 7

-0.144317 -0.556071 5
0.151933 -0.611125 6
-0.136144 -0.880039 6

0.151933 -0.611125 6
0.323657 -0.351719 6
0.447722 -0.773641 6

-0.0832149 0.94431 6
-0.428546 1.17202 6
-0.150495 1.30955 6

-0.800812 0.371535 6
-1.08345 0.228857 7
-0.970893 0.685952 7

-0.627265 -0.175403 6
-0.372101 -0.343467 6
-0.762608 -0.470605 6

0.546478 0.620862 6
0.233016 0.761413 6
0.479922 0.970604 6

0.479922 0.970604 6
0.233016 0.761413 6
0.151933 1.13495 6

-0.366974 0.439378 6
-0.800812 0.371535 6
-0.635337 0.639647 5

-0.733618 -1.19447 6
-0.437941 -1.02262 6
-0.406833 -1.3573 6

-0.136144 -0.880039 6
0.151933 -0.611125 6
0.186742 -0.983334 6

0.233016 0.761413 6
-0.068321 0.596989 6
-0.0832149 0.94431 6

0.186742 -0.983334 6
0.522268 -1.12521 6
0.234609 -1.32095 6

0.616329 -0.490445 6
0.825781 -0.261043 6
0.944464 -0.603881 6

0.791899 0.394551 6
0.840027 0.788266 7
1.07572 0.543139 5

-0.878407 0.00248001 5
-1.05778 -0.261911 7
-1.08345 0.228857 7

-0.635337 0.639647 5
-0.800812 0.371535 6
-0.970893 0.685952 7

-0.472291 -0.678212 6
-0.136144 -0.880039 6
-0.437941 -1.02262 6

0.233016 0.761413 6
-0.0832149 0.94431 6
0.151933 1.13495 6

-0.800812 0.371535 6
-0.878407 0.00248001 5
-1.08345 0.228857 7

-1.05778 -0.261911 7
-0.762608 -0.470605 6
-1.04053 -0.644581 6

-0.472291 -0.678212 6
-0.437941 -1.02262 6
-0.754844 -0.83743 6

0.825781 -0.261043 6
1.13125 -0.118324 6
1.20883 -0.445351 6

0.840027 0.788266 7
0.479922 0.970604 6
0.771354 1.10556 5

1.13125 -0.118324 6
1.42936 0.0996234 6
1.46429 -0.250985 6

-0.762608 -0.470605 6
-0.472291 -0.678212 6
-0.754844 -0.83743 6

0.756801 -0.867209 6
1.02069 -1.03387 6
0.813163 -1.2862 6

0.825781 -0.261043 6
0.79997 0.0512272 6
1.13125 -0.118324 6

0.79997 0.0512272 6
0.791899 0.394551 6
1.12001 0.216157 6

-0.406833 -1.3573 6
-0.0990573 -1.20471 6
-0.0721194 -1.52626 6

-1.25975 0.504092 6
-1.08345 0.228857 7
-1.37071 0.141604 5

-0.364733 0.82021 6
-0.699183 0.965533 6
-0.428546 1.17202 6

-0.754844 -0.83743 6
-0.733618 -1.19447 6
-1.03265 -1.01228 6

0.447722 -0.773641 6
0.616329 -0.490445 6
0.756801 -0.867209 6

1.42936 0.0996234 6
1.12001 0.216157 6
1.40294 0.470253 6

0.791899 0.394551 6
0.546478 0.620862 6
0.840027 0.788266 7

-0.0832149 0.94431 6
-0.364733 0.82021 6
-0.428546 1.17202 6

-0.635337 0.639647 5
-0.970893 0.685952 7
-0.699183 0.965533 6

-0.364733 0.82021 6
-0.635337 0.639647 5
-0.699183 0.965533 6

1.12001 0.216157 6
0.791899 0.394551 6
1.07572 0.543139 5

0.944464 -0.603881 6
0.825781 -0.261043 6
1.20883 -0.445351 6

1.2296 0.806878 6
0.840027 0.788266 7
1.09625 1.09833 7

-0.428546 1.17202 6
-0.753649 1.30278 6
-0.489043 1.52424 7

-0.136144 -0.880039 6
0.186742 -0.983334 6
-0.0990573 -1.20471 6

-1.34358 -0.17567 6
-1.33385 -0.522019 6
-1.6382 -0.347288 6

-1.34358 -0.17567 6
-1.05778 -0.261911 7
-1.33385 -0.522019 6

0.186742 -0.983334 6
0.447722 -0.773641 6
0.522268 -1.12521 6

1.07572 0.543139 5
1.2296 0.806878 6
1.40294 0.470253 6

0.477586 1.32077 6
0.151933 1.13495 6
0.165181 1.47075 6

-0.699183 0.965533 6
-1.01969 1.04649 6
-0.753649 1.30278 6

0.522268 -1.12521 6
0.813163 -1.2862 6
0.544181 -1.48796 6

1.02069 -1.03387 6
0.944464 -0.603881 6
1.24923 -0.801027 6

0.151933 1.13495 6
-0.0832149 0.94431 6
-0.150495 1.30955 6

-1.08345 0.228857 7
-1.05778 -0.261911 7
-1.34358 -0.17567 6

-1.04053 -0.644581 6
-1.03265 -1.01228 6
-1.34103 -0.870256 6

-0.0990573 -1.20471 6
0.186742 -0.983334 6
0.234609 -1.32095 6

1.09625 1.09833 7
0.771354 1.10556 5
0.785701 1.43601 7

0.771354 1.10556 5
0.479922 0.970604 6
0.477586 1.32077 6

-0.699183 0.965533 6
-0.970893 0.685952 7
-1.01969 1.04649 6

-1.01969 1.04649 6
-0.970893 0.685952 7
-1.27657 0.844073 6

-0.150495 1.30955 6
-0.489043 1.52424 7
-0.145387 1.62325 5

-0.970893 0.685952 7
-1.08345 0.228857 7
-1.25975 0.504092 6

-1.08345 0.228857 7
-1.34358 -0.17567 6
-1.37071 0.141604 5

0.785701 1.43601 7
0.477586 1.32077 6
0.39505 1.67905 6

-0.437941 -1.02262 6
-0.0990573 -1.20471 6
-0.406833 -1.3573 6

-0.754844 -0.83743 6
-0.437941 -1.02262 6
-0.733618 -1.19447 6

1.13125 -0.118324 6
1.12001 0.216157 6
1.42936 0.0996234 6

0.479922 0.970604 6
0.151933 1.13495 6
0.477586 1.32077 6

-0.733618 -1.19447 6
-0.406833 -1.3573 6
-0.711215 -1.54037 6

0.234609 -1.32095 6
0.544181 -1.48796 6
0.245514 -1.6649 6

-1.25975 0.504092 6
-1.37071 0.141604 5
-1.6214 0.359686 6

-1.05778 -0.261911 7
-1.04053 -0.644581 6
-1.33385 -0.522019 6

1.2296 0.806878 6
1.09625 1.09833 7
1.49096 0.950774 6

1.20883 -0.445351 6
1.46429 -0.250985 6
1.52593 -0.625408 6

-1.38387 1.19375 6
-1.27657 0.844073 6
-1.60226 0.968259 5

-1.04053 -0.644581 6
-0.754844 -0.83743 6
-1.03265 -1.01228 6

1.02069 -1.03387 6
1.3099 -1.17655 6
1.10708 -1.4385 6

0.756801 -0.867209 6
0.944464 -0.603881 6
1.02069 -1.03387 6

1.46429 -0.250985 6
1.74647 -0.0643207 6
1.77185 -0.412442 6

-1.25975 0.504092 6
-1.6214 0.359686 6
-1.59331 0.653953 6

-0.711215 -1.54037 6
-0.406833 -1.3573 6
-0.388333 -1.68923 6

1.07572 0.543139 5
0.840027 0.788266 7
1.2296 0.806878 6

0.813163 -1.2862 6
1.10708 -1.4385 6
0.854898 -1.65962 6

1.12001 0.216157 6
1.07572 0.543139 5
1.40294 0.470253 6

0.151933 1.13495 6
-0.150495 1.30955 6
0.165181 1.47075 6

-0.428546 1.17202 6
-0.699183 0.965533 6
-0.753649 1.30278 6

-1.11268 1.3689 6
-1.01969 1.04649 6
-1.38387 1.19375 6

0.944464 -0.603881 6
1.20883 -0.445351 6
1.24923 -0.801027 6

1.20883 -0.445351 6
1.13125 -0.118324 6
1.46429 -0.250985 6

1.09625 1.09833 7
1.1016 1.43871 5
1.39553 1.28033 6

-0.753649 1.30278 6
-1.11268 1.3689 6
-0.880926 1.6045 6

-0.970893 0.685952 7
-1.25975 0.504092 6
-1.27657 0.844073 6

0.522268 -1.12521 6
0.756801 -0.867209 6
0.813163 -1.2862 6

1.3099 -1.17655 6
1.24923 -0.801027 6
1.5731 -0.981657 6

-1.03265 -1.01228 6
-1.01305 -1.3915 6
-1.30301 -1.20908 6

-0.0990573 -1.20471 6
0.234609 -1.32095 6
-0.0721194 -1.52626 6

0.840027 0.788266 7
0.771354 1.10556 5
1.09625 1.09833 7

-1.33385 -0.522019 6
-1.04053 -0.644581 6
-1.34103 -0.870256 6

0.234609 -1.32095 6
0.522268 -1.12521 6
0.544181 -1.48796 6

0.39505 1.67905 6
0.165181 1.47075 6
0.0982373 1.85558 7

-0.388333 -1.68923 6
-0.0721194 -1.52626 6
-0.057519 -1.85594 6

1.24923 -0.801027 6
1.20883 -0.445351 6
1.52593 -0.625408 6

-0.753649 1.30278 6
-1.01969 1.04649 6
-1.11268 1.3689 6

-1.6382 -0.347288 6
-1.33385 -0.522019 6
-1.63565 -0.706834 6

1.42936 0.0996234 6
1.40294 0.470253 6
1.70682 0.288875 6

-0.150495 1.30955 6
-0.428546 1.17202 6
-0.489043 1.52424 7

0.477586 1.32077 6
0.165181 1.47075 6
0.39505 1.67905 6

0.165181 1.47075 6
-0.150495 1.30955 6
-0.145387 1.62325 5

0.544181 -1.48796 6
0.854898 -1.65962 6
0.556035 -1.8354 6

0.771354 1.10556 5
0.477586 1.32077 6
0.785701 1.43601 7

-1.63565 -0.706834 6
-1.34103 -0.870256 6
-1.64794 -1.06196 6

1.70682 0.288875 6
1.40294 0.470253 6
1.68114 0.636237 7

-1.59331 0.653953 6
-1.96507 0.611125 6
-1.93308 0.920946 6

-1.6214 0.359686 6
-1.37071 0.141604 5
-1.67858 0.00203986 6

-1.34358 -0.17567 6
-1.6382 -0.347288 6
-1.67858 0.00203986 6

-1.34103 -0.870256 6
-1.03265 -1.01228 6
-1.30301 -1.20908 6

-0.699164 -1.87481 6
-0.388333 -1.68923 6
-0.370137 -2.01705 6

-1.37071 0.141604 5
-1.34358 -0.17567 6
-1.67858 0.00203986 6

-0.0721194 -1.52626 6
0.234609 -1.32095 6
0.245514 -1.6649 6

0.245514 -1.6649 6
0.556035 -1.8354 6
0.252813 -2.01161 6

-1.27657 0.844073 6
-1.25975 0.504092 6
-1.59331 0.653953 6

-0.733618 -1.19447 6
-0.711215 -1.54037 6
-1.01305 -1.3915 6

-1.03265 -1.01228 6
-0.733618 -1.19447 6
-1.01305 -1.3915 6

2.0199 0.116525 6
1.70682 0.288875 6
1.99729 0.468062 6

0.785701 1.43601 7
0.698406 1.75403 5
1.00468 1.79353 6

-1.92503 0.253924 6
-1.67858 0.00203986 6
-1.95232 -0.162657 6

1.5731 -0.981657 6
1.52593 -0.625408 6
1.83617 -0.800889 7

0.165181 1.47075 6
-0.145387 1.62325 5
0.0982373 1.85558 7

-0.711215 -1.54037 6
-0.388333 -1.68923 6
-0.699164 -1.87481 6

1.42936 0.0996234 6
1.70682 0.288875 6
1.74647 -0.0643207 6

-0.711215 -1.54037 6
-0.699164 -1.87481 6
-1.00466 -1.76381 6

-0.406833 -1.3573 6
-0.0721194 -1.52626 6
-0.388333 -1.68923 6

1.46429 -0.250985 6
1.42936 0.0996234 6
1.74647 -0.0643207 6

1.74647 -0.0643207 6
1.70682 0.288875 6
2.0199 0.116525 6

-0.316306 1.87451 6
-0.489043 1.52424 7
-0.642292 1.83437 6

1.02069 -1.03387 6
1.24923 -0.801027 6
1.3099 -1.17655 6

1.80659 0.944258 5
1.49096 0.950774 6
1.73015 1.25988 6

-1.6214 0.359686 6
-1.67858 0.00203986 6
-1.92503 0.253924 6

1.77185 -0.412442 6
2.07883 -0.213829 6
2.06225 -0.557054 5

1.2296 0.806878 6
1.49096 0.950774 6
1.68114 0.636237 7

-1.01969 1.04649 6
-1.27657 0.844073 6
-1.38387 1.19375 6

-1.95232 -0.162657 6
-1.6382 -0.347288 6
-1.92809 -0.516612 6

1.40294 0.470253 6
1.2296 0.806878 6
1.68114 0.636237 7

-1.33385 -0.522019 6
-1.34103 -0.870256 6
-1.63565 -0.706834 6

0.813163 -1.2862 6
1.02069 -1.03387 6
1.10708 -1.4385 6

0.698406 1.75403 5
0.39505 1.67905 6
0.454361 2.00798 6

1.09625 1.09833 7
0.785701 1.43601 7
1.1016 1.43871 5

-0.880926 1.6045 6
-1.11268 1.3689 6
-1.26311 1.67154 6

1.10708 -1.4385 6
1.35155 -1.64036 6
1.13816 -1.86366 6

1.3099 -1.17655 6
1.5731 -0.981657 6
1.56995 -1.36889 6

1.52593 -0.625408 6
1.46429 -0.250985 6
1.77185 -0.412442 6

1.52593 -0.625408 6
1.77185 -0.412442 6
1.83617 -0.800889 7

1.99729 0.468062 6
1.68114 0.636237 7
2.07265 0.788902 6

-1.6214 0.359686 6
-1.92503 0.253924 6
-1.96507 0.611125 6

1.24923 -0.801027 6
1.52593 -0.625408 6
1.5731 -0.981657 6

-0.489043 1.52424 7
-0.753649 1.30278 6
-0.880926 1.6045 6

-1.30301 -1.20908 6
-1.2921 -1.5799 6
-1.57966 -1.38276 6

1.1016 1.43871 5
1.00468 1.79353 6
1.33296 1.66691 6

-1.27657 0.844073 6
-1.59331 0.653953 6
-1.60226 0.968259 5

-0.0721194 -1.52626 6
0.245514 -1.6649 6
-0.057519 -1.85594 6

0.0982373 1.85558 7
-0.145387 1.62325 5
-0.316306 1.87451 6

-0.880926 1.6045 6
-1.26311 1.67154 6
-1.00879 1.91304 6

-1.59331 0.653953 6
-1.6214 0.359686 6
-1.96507 0.611125 6

0.544181 -1.48796 6
0.813163 -1.2862 6
0.854898 -1.65962 6

0.0982373 1.85558 7
-0.136286 2.16468 5
0.151933 2.18259 6

-1.26311 1.67154 6
-1.11268 1.3689 6
-1.51837 1.48854 6

0.0982373 1.85558 7
-0.316306 1.87451 6
-0.136286 2.16468 5

0.785701 1.43601 7
0.39505 1.67905 6
0.698406 1.75403 5

-1.60226 0.968259 5
-1.93308 0.920946 6
-1.8093 1.23103 7

1.49096 0.950774 6
1.09625 1.09833 7
1.39553 1.28033 6

-0.145387 1.62325 5
-0.489043 1.52424 7
-0.316306 1.87451 6

0.245514 -1.6649 6
0.544181 -1.48796 6
0.556035 -1.8354 6

-0.370137 -2.01705 6
-0.057519 -1.85594 6
-0.0449063 -2.19266 6

1.3099 -1.17655 6
1.56995 -1.36889 6
1.35155 -1.64036 6

0.698406 1.75403 5
0.454361 2.00798 6
0.802683 2.09415 7

-1.92809 -0.516612 6
-1.63565 -0.706834 6
-1.92761 -0.884693 6

0.252813 -2.01161 6
0.543575 -2.19472 6
0.252366 -2.37213 6

-0.489043 1.52424 7
-0.880926 1.6045 6
-0.642292 1.83437 6

-1.92503 0.253924 6
-1.95232 -0.162657 6
-2.19846 0.0626393 6

-1.67858 0.00203986 6
-1.6382 -0.347288 6
-1.95232 -0.162657 6

-1.34103 -0.870256 6
-1.30301 -1.20908 6
-1.64794 -1.06196 6

-1.92761 -0.884693 6
-1.64794 -1.06196 6
-1.95757 -1.25955 7

-0.057519 -1.85594 6
0.245514 -1.6649 6
0.252813 -2.01161 6

-1.6382 -0.347288 6
-1.63565 -0.706834 6
-1.92809 -0.516612 6

-1.01305 -1.3915 6
-1.00466 -1.76381 6
-1.2921 -1.5799 6

1.73015 1.25988 6
1.39553 1.28033 6
1.64326 1.57157 6

1.56995 -1.36889 6
1.5731 -0.981657 6
1.84136 -1.22023 6

-0.452924 2.18259 6
-0.642292 1.83437 6
-0.779539 2.15607 6

1.74647 -0.0643207 6
2.0199 0.116525 6
2.07883 -0.213829 6

2.07265 0.788902 6
1.80659 0.944258 5
2.09303 1.1539 6

-0.687749 -2.19414 6
-0.370137 -2.01705 6
-0.363799 -2.34645 6

0.556035 -1.8354 6
0.843703 -2.02248 6
0.543575 -2.19472 6

-2.23872 -0.32142 6
-1.92809 -0.516612 6
-2.21324 -0.675234 6

-1.01305 -1.3915 6
-0.711215 -1.54037 6
-1.00466 -1.76381 6

1.70682 0.288875 6
1.68114 0.636237 7
1.99729 0.468062 6

1.68114 0.636237 7
1.49096 0.950774 6
1.80659 0.944258 5

-1.30301 -1.20908 6
-1.01305 -1.3915 6
-1.2921 -1.5799 6

-1.28309 -1.95472 6
-1.00466 -1.76381 6
-1.00501 -2.14016 6

-0.388333 -1.68923 6
-0.057519 -1.85594 6
-0.370137 -2.01705 6

2.0199 0.116525 6
2.29573 0.273206 6
2.37817 -0.0579538 6

0.854898 -1.65962 6
1.13816 -1.86366 6
0.843703 -2.02248 6

1.39553 1.28033 6
1.1016 1.43871 5
1.33296 1.66691 6

1.1016 1.43871 5
0.785701 1.43601 7
1.00468 1.79353 6

1.00468 1.79353 6
0.698406 1.75403 5
0.802683 2.09415 7

-1.96507 0.611125 6
-2.22689 0.4277 6
-2.26395 0.807047 6

-1.92503 0.253924 6
-2.19846 0.0626393 6
-2.22689 0.4277 6

1.84136 -1.22023 6
1.83617 -0.800889 7
2.08226 -1.03224 5

0.39505 1.67905 6
0.0982373 1.85558 7
0.454361 2.00798 6

-0.699164 -1.87481 6
-0.687749 -2.19414 6
-1.00501 -2.14016 6

1.49096 0.950774 6
1.39553 1.28033 6
1.73015 1.25988 6

1.77185 -0.412442 6
1.74647 -0.0643207 6
2.07883 -0.213829 6

-1.51837 1.48854 6
-1.38387 1.19375 6
-1.8093 1.23103 7

-1.00879 1.91304 6
-1.26311 1.67154 6
-1.34591 1.98187 5

-1.2921 -1.5799 6
-1.00466 -1.76381 6
-1.28309 -1.95472 6

-1.64794 -1.06196 6
-1.30301 -1.20908 6
-1.57966 -1.38276 6

-1.57966 -1.38276 6
-1.56502 -1.77077 6
-1.83797 -1.56244 5

1.66592 -1.69262 5
1.56995 -1.36889 6
1.96467 -1.54027 6

-1.63565 -0.706834 6
-1.64794 -1.06196 6
-1.92761 -0.884693 6

1.10708 -1.4385 6
1.3099 -1.17655 6
1.35155 -1.64036 6

1.83617 -0.800889 7
1.77185 -0.412442 6
2.06225 -0.557054 5

0.802683 2.09415 7
0.454361 2.00798 6
0.454361 2.3572 6

-1.11268 1.3689 6
-1.38387 1.19375 6
-1.51837 1.48854 6

-0.136286 2.16468 5
-0.452924 2.18259 6
-0.176866 2.48782 7

1.00468 1.79353 6
0.802683 2.09415 7
1.23766 2.00167 6

2.09303 1.1539 6
1.73015 1.25988 6
1.99243 1.48316 6

2.07883 -0.213829 6
2.37817 -0.0579538 6
2.37227 -0.418555 6

2.29573 0.273206 6
1.99729 0.468062 6
2.3456 0.644926 6

-1.60226 0.968259 5
-1.59331 0.653953 6
-1.93308 0.920946 6

-1.51837 1.48854 6
-1.8466 1.53193 5
-1.66264 1.83337 7

0.843703 -2.02248 6
1.16073 -2.19227 6
0.842522 -2.36902 6

0.854898 -1.65962 6
1.10708 -1.4385 6
1.13816 -1.86366 6

-0.642292 1.83437 6
-0.880926 1.6045 6
-1.00879 1.91304 6

1.35155 -1.64036 6
1.66592 -1.69262 5
1.48097 -1.99727 7

-0.136286 2.16468 5
-0.316306 1.87451 6
-0.452924 2.18259 6

-1.92761 -0.884693 6
-1.95757 -1.25955 7
-2.21146 -1.05124 6

2.26893 -0.785732 7
2.06225 -0.557054 5
2.37227 -0.418555 6

0.454361 2.00798 6
0.0982373 1.85558 7
0.151933 2.18259 6

-1.00879 1.91304 6
-1.34591 1.98187 5
-1.11062 2.25413 6

-1.38387 1.19375 6
-1.60226 0.968259 5
-1.8093 1.23103 7

-1.93308 0.920946 6
-1.96507 0.611125 6
-2.26395 0.807047 6

0.556035 -1.8354 6
0.854898 -1.65962 6
0.843703 -2.02248 6

1.16073 -2.19227 6
1.13816 -1.86366 6
1.48097 -1.99727 7

-1.8093 1.23103 7
-2.1818 1.14322 6
-2.16462 1.47106 7

-0.057519 -1.85594 6
0.252813 -2.01161 6
-0.0449063 -2.19266 6

1.39553 1.28033 6
1.33296 1.66691 6
1.64326 1.57157 6

-2.19846 0.0626393 6
-1.95232 -0.162657 6
-2.23872 -0.32142 6

0.252813 -2.01161 6
0.556035 -1.8354 6
0.543575 -2.19472 6

1.5731 -0.981657 6
1.83617 -0.800889 7
1.84136 -1.22023 6

1.68114 0.636237 7
1.80659 0.944258 5
2.07265 0.788902 6

0.151933 2.18259 6
-0.176866 2.48782 7
0.162147 2.5322 6

-0.316306 1.87451 6
-0.642292 1.83437 6
-0.452924 2.18259 6

-2.22689 0.4277 6
-2.49819 0.257186 6
-2.53243 0.611631 6

-0.0449063 -2.19266 6
0.252366 -2.37213 6
-0.0548515 -2.53352 6

1.33296 1.66691 6
1.23766 2.00167 6
1.60717 1.90865 6

-2.19846 0.0626393 6
-2.49288 -0.103873 6
-2.49819 0.257186 6

1.96467 -1.54027 6
1.84136 -1.22023 6
2.23771 -1.34484 6

-0.642292 1.83437 6
-1.00879 1.91304 6
-0.779539 2.15607 6

-1.95232 -0.162657 6
-1.92809 -0.516612 6
-2.23872 -0.32142 6

-1.30858 -2.31047 6
-1.00501 -2.14016 6
-1.01849 -2.501 7

-1.96507 0.611125 6
-1.92503 0.253924 6
-2.22689 0.4277 6

2.3456 0.644926 6
2.07265 0.788902 6
2.39402 0.982861 6

1.33296 1.66691 6
1.00468 1.79353 6
1.23766 2.00167 6

-0.176866 2.48782 7
-0.452924 2.18259 6
-0.573928 2.47519 6

-0.699164 -1.87481 6
-0.370137 -2.01705 6
-0.687749 -2.19414 6

-2.19846 0.0626393 6
-2.23872 -0.32142 6
-2.49288 -0.103873 6

0.543575 -2.19472 6
0.842522 -2.36902 6
0.546613 -2.55285 6

2.0199 0.116525 6
1.99729 0.468062 6
2.29573 0.273206 6

1.64326 1.57157 6
1.60717 1.90865 6
1.92541 1.81111 6

-1.95757 -1.25955 7
-1.57966 -1.38276 6
-1.83797 -1.56244 5

-1.92809 -0.516612 6
-1.92761 -0.884693 6
-2.21324 -0.675234 6

2.08226 -1.03224 5
1.83617 -0.800889 7
2.26893 -0.785732 7

-1.56502 -1.77077 6
-1.28309 -1.95472 6
-1.59085 -2.12311 6

-1.57966 -1.38276 6
-1.2921 -1.5799 6
-1.56502 -1.77077 6

-1.64794 -1.06196 6
-1.57966 -1.38276 6
-1.95757 -1.25955 7

-1.2921 -1.5799 6
-1.28309 -1.95472 6
-1.56502 -1.77077 6

0.802683 2.09415 7
0.454361 2.3572 6
0.793748 2.41253 6

2.29573 0.273206 6
2.3456 0.644926 6
2.57136 0.436518 5

-0.573928 2.47519 6
-0.779539 2.15607 6
-0.890298 2.50798 6

-2.52833 -0.484228 6
-2.21324 -0.675234 6
-2.49744 -0.830777 6

-0.687749 -2.19414 6
-0.363799 -2.34645 6
-0.698071 -2.50672 5

-1.00466 -1.76381 6
-0.699164 -1.87481 6
-1.00501 -2.14016 6

1.66592 -1.69262 5
1.96467 -1.54027 6
1.89023 -1.89847 7

-0.370137 -2.01705 6
-0.0449063 -2.19266 6
-0.363799 -2.34645 6

-0.698071 -2.50672 5
-0.363799 -2.34645 6
-0.383501 -2.67441 6

1.35155 -1.64036 6
1.56995 -1.36889 6
1.66592 -1.69262 5

2.23771 -1.34484 6
2.08226 -1.03224 5
2.43865 -1.09537 6

2.07883 -0.213829 6
2.0199 0.116525 6
2.37817 -0.0579538 6

2.57136 0.436518 5
2.3456 0.644926 6
2.68391 0.764962 7

-1.11062 2.25413 6
-1.34591 1.98187 5
-1.51942 2.2376 6

-0.0449063 -2.19266 6
0.252813 -2.01161 6
0.252366 -2.37213 6

1.80659 0.944258 5
1.73015 1.25988 6
2.09303 1.1539 6

1.23766 2.00167 6
1.11251 2.28531 6
1.50741 2.20294 6

-1.34591 1.98187 5
-1.26311 1.67154 6
-1.66264 1.83337 7

-1.56502 -1.77077 6
-1.59085 -2.12311 6
-1.8847 -1.91567 6

-1.51837 1.48854 6
-1.8093 1.23103 7
-1.8466 1.53193 5

1.99729 0.468062 6
2.07265 0.788902 6
2.3456 0.644926 6

2.39402 0.982861 6
2.09303 1.1539 6
2.34935 1.36168 6

0.454361 2.00798 6
0.151933 2.18259 6
0.454361 2.3572 6

-1.83797 -1.56244 5
-1.8847 -1.91567 6
-2.13784 -1.65607 6

1.83617 -0.800889 7
2.06225 -0.557054 5
2.26893 -0.785732 7

-2.26395 0.807047 6
-2.53243 0.611631 6
-2.56992 0.960339 6

-1.93308 0.920946 6
-2.26395 0.807047 6
-2.1818 1.14322 6

1.84136 -1.22023 6
2.08226 -1.03224 5
2.23771 -1.34484 6

2.06225 -0.557054 5
2.07883 -0.213829 6
2.37227 -0.418555 6

-2.21324 -0.675234 6
-1.92761 -0.884693 6
-2.21146 -1.05124 6

-2.21146 -1.05124 6
-1.95757 -1.25955 7
-2.31278 -1.4008 6

1.13816 -1.86366 6
1.35155 -1.64036 6
1.48097 -1.99727 7

-2.1818 1.14322 6
-2.56992 0.960339 6
-2.48567 1.27606 6

-1.8466 1.53193 5
-2.16462 1.47106 7
-1.96084 1.84673 6

0.843703 -2.02248 6
1.13816 -1.86366 6
1.16073 -2.19227 6

0.793748 2.41253 6
0.454361 2.3572 6
0.522908 2.66342 6

-1.8093 1.23103 7
-1.93308 0.920946 6
-2.1818 1.14322 6

-0.414002 2.73805 5
-0.573928 2.47519 6
-0.751613 2.83863 7

-1.26311 1.67154 6
-1.51837 1.48854 6
-1.66264 1.83337 7

-2.78419 0.11975 6
-2.49288 -0.103873 6
-2.79531 -0.243184 6

0.252366 -2.37213 6
0.546613 -2.55285 6
0.244078 -2.72502 6

2.07265 0.788902 6
2.09303 1.1539 6
2.39402 0.982861 6

1.73015 1.25988 6
1.64326 1.57157 6
1.99243 1.48316 6

-2.49288 -0.103873 6
-2.23872 -0.32142 6
-2.52833 -0.484228 6

2.37227 -0.418555 6
2.67445 -0.225999 6
2.64026 -0.572379 6

2.37817 -0.0579538 6
2.67303 0.128481 6
2.67445 -0.225999 6

0.151933 2.18259 6
-0.136286 2.16468 5
-0.176866 2.48782 7

-1.66264 1.83337 7
-1.8466 1.53193 5
-1.96084 1.84673 6

-2.23872 -0.32142 6
-2.21324 -0.675234 6
-2.52833 -0.484228 6

-2.21146 -1.05124 6
-2.31278 -1.4008 6
-2.5265 -1.17557 6

1.64326 1.57157 6
1.33296 1.66691 6
1.60717 1.90865 6

1.16073 -2.19227 6
1.45065 -2.34063 6
1.13187 -2.53701 6

1.56995 -1.36889 6
1.84136 -1.22023 6
1.96467 -1.54027 6

-2.22689 0.4277 6
-2.19846 0.0626393 6
-2.49819 0.257186 6

0.842522 -2.36902 6
1.13187 -2.53701 6
0.839301 -2.73045 6

0.454361 2.3572 6
0.151933 2.18259 6
0.162147 2.5322 6

-0.779539 2.15607 6
-1.00879 1.91304 6
-1.11062 2.25413 6

0.543575 -2.19472 6
0.843703 -2.02248 6
0.842522 -2.36902 6

-0.0548515 -2.53352 6
0.244078 -2.72502 6
-0.07088 -2.86969 6

1.11251 2.28531 6
1.09908 2.62018 6
1.40649 2.51181 6

-0.363799 -2.34645 6
-0.0449063 -2.19266 6
-0.0548515 -2.53352 6

1.60717 1.90865 6
1.50741 2.20294 6
1.92238 2.13987 7

-0.779539 2.15607 6
-1.11062 2.25413 6
-0.890298 2.50798 6

2.29573 0.273206 6
2.57136 0.436518 5
2.67303 0.128481 6

0.802683 2.09415 7
0.793748 2.41253 6
1.11251 2.28531 6

-1.11062 2.25413 6
-1.51942 2.2376 6
-1.32406 2.49689 6

-0.452924 2.18259 6
-0.779539 2.15607 6
-0.573928 2.47519 6

-2.49819 0.257186 6
-2.49288 -0.103873 6
-2.78419 0.11975 6

1.23766 2.00167 6
0.802683 2.09415 7
1.11251 2.28531 6

-1.8466 1.53193 5
-1.8093 1.23103 7
-2.16462 1.47106 7

-2.49819 0.257186 6
-2.78419 0.11975 6
-2.82225 0.474909 6

2.34935 1.36168 6
1.99243 1.48316 6
2.26654 1.68662 6

2.09303 1.1539 6
1.99243 1.48316 6
2.34935 1.36168 6

-0.687749 -2.19414 6
-0.698071 -2.50672 5
-1.01849 -2.501 7

0.252366 -2.37213 6
0.543575 -2.19472 6
0.546613 -2.55285 6

-1.59085 -2.12311 6
-1.28309 -1.95472 6
-1.30858 -2.31047 6

-2.26395 0.807047 6
-2.22689 0.4277 6
-2.53243 0.611631 6

2.26893 -0.785732 7
2.64026 -0.572379 6
2.67142 -0.871409 6

1.60717 1.90865 6
1.23766 2.00167 6
1.50741 2.20294 6

-0.698071 -2.50672 5
-0.383501 -2.67441 6
-0.731928 -2.81737 6

1.45065 -2.34063 6
1.48097 -1.99727 7
1.77893 -2.19469 5

1.89023 -1.89847 7
1.96467 -1.54027 6
2.29305 -1.67122 7

-0.176866 2.48782 7
-0.573928 2.47519 6
-0.414002 2.73805 5

1.99243 1.48316 6
1.64326 1.57157 6
1.92541 1.81111 6

-2.1818 1.14322 6
-2.26395 0.807047 6
-2.56992 0.960339 6

-2.21324 -0.675234 6
-2.21146 -1.05124 6
-2.49744 -0.830777 6

1.92541 1.81111 6
1.92238 2.13987 7
2.23368 2.01702 6

-1.8847 -1.91567 6
-1.59085 -2.12311 6
-1.92476 -2.2372 6

0.162147 2.5322 6
-0.0730391 2.81479 6
0.246274 2.87063 6

-1.83797 -1.56244 5
-1.56502 -1.77077 6
-1.8847 -1.91567 6

0.546613 -2.55285 6
0.839301 -2.73045 6
0.535216 -2.90642 6

-1.28309 -1.95472 6
-1.00501 -2.14016 6
-1.30858 -2.31047 6

2.29305 -1.67122 7
2.23771 -1.34484 6
2.58024 -1.46995 6

2.67445 -0.225999 6
2.96216 -0.0139763 6
2.96635 -0.385466 6

-1.51942 2.2376 6
-1.66264 1.83337 7
-1.82819 2.1624 5

2.08226 -1.03224 5
2.26893 -0.785732 7
2.43865 -1.09537 6

0.454361 2.3572 6
0.162147 2.5322 6
0.522908 2.66342 6

2.43865 -1.09537 6
2.26893 -0.785732 7
2.67142 -0.871409 6

2.57136 0.436518 5
2.68391 0.764962 7
2.9184 0.391673 7

2.37817 -0.0579538 6
2.29573 0.273206 6
2.67303 0.128481 6

-1.00501 -2.14016 6
-0.687749 -2.19414 6
-1.01849 -2.501 7

1.48097 -1.99727 7
1.89023 -1.89847 7
1.77893 -2.19469 5

1.48097 -1.99727 7
1.66592 -1.69262 5
1.89023 -1.89847 7

2.37227 -0.418555 6
2.37817 -0.0579538 6
2.67445 -0.225999 6

-1.51942 2.2376 6
-1.82819 2.1624 5
-1.77482 2.48674 7

-0.751613 2.83863 7
-0.890298 2.50798 6
-1.10061 2.74073 6

-2.31278 -1.4008 6
-1.95757 -1.25955 7
-2.13784 -1.65607 6

-2.24525 1.87534 5
-2.16462 1.47106 7
-2.44673 1.64535 6

2.64608 1.17097 6
2.34935 1.36168 6
2.64084 1.52221 6

-2.83792 -1.19176 5
-2.5265 -1.17557 6
-2.72016 -1.50127 7

-1.33249 -2.64945 6
-1.01849 -2.501 7
-1.0524 -2.8588 6

2.26893 -0.785732 7
2.37227 -0.418555 6
2.64026 -0.572379 6

2.67303 0.128481 6
2.9184 0.391673 7
2.96216 -0.0139763 6

-1.92476 -2.2372 6
-1.59085 -2.12311 6
-1.63413 -2.46403 6

-0.363799 -2.34645 6
-0.0548515 -2.53352 6
-0.383501 -2.67441 6

-1.96084 1.84673 6
-2.24525 1.87534 5
-2.13784 2.23463 7

-2.49744 -0.830777 6
-2.21146 -1.05124 6
-2.5265 -1.17557 6

-1.95757 -1.25955 7
-1.83797 -1.56244 5
-2.13784 -1.65607 6

0.546613 -2.55285 6
0.842522 -2.36902 6
0.839301 -2.73045 6

1.41425 -2.69417 6
1.45065 -2.34063 6
1.73932 -2.5146 6

-1.34591 1.98187 5
-1.66264 1.83337 7
-1.51942 2.2376 6

-2.85907 -0.556814 6
-2.49744 -0.830777 6
-2.81824 -0.865582 6

1.09908 2.62018 6
0.793748 2.41253 6
0.82154 2.78674 6

0.244078 -2.72502 6
0.535216 -2.90642 6
0.233071 -3.07491 6

2.68391 0.764962 7
2.39402 0.982861 6
2.64608 1.17097 6

-2.53243 0.611631 6
-2.82225 0.474909 6
-2.86449 0.810413 6

-0.0548515 -2.53352 6
0.252366 -2.37213 6
0.244078 -2.72502 6

-0.0730391 2.81479 6
-0.414002 2.73805 5
-0.408307 3.04309 6

-2.31278 -1.4008 6
-2.47772 -1.72293 6
-2.72016 -1.50127 7

1.16073 -2.19227 6
1.48097 -1.99727 7
1.45065 -2.34063 6

0.82154 2.78674 6
0.522908 2.66342 6
0.551443 3.01603 6

0.162147 2.5322 6
-0.176866 2.48782 7
-0.0730391 2.81479 6

-0.176866 2.48782 7
-0.414002 2.73805 5
-0.0730391 2.81479 6

0.842522 -2.36902 6
1.16073 -2.19227 6
1.13187 -2.53701 6

2.3456 0.644926 6
2.39402 0.982861 6
2.68391 0.764962 7

-2.56992 0.960339 6
-2.86449 0.810413 6
-2.84809 1.16364 7

-1.63413 -2.46403 6
-1.30858 -2.31047 6
-1.33249 -2.64945 6

1.99243 1.48316 6
1.92541 1.81111 6
2.26654 1.68662 6

-2.79531 -0.243184 6
-2.52833 -0.484228 6
-2.85907 -0.556814 6

1.13187 -2.53701 6
1.41425 -2.69417 6
1.13883 -2.90254 6

2.58024 -1.46995 6
2.43865 -1.09537 6
2.7646 -1.19432 5

-2.16462 1.47106 7
-2.1818 1.14322 6
-2.48567 1.27606 6

-2.78419 0.11975 6
-3.0644 -0.0596541 6
-3.09442 0.293017 6

-2.49288 -0.103873 6
-2.52833 -0.484228 6
-2.79531 -0.243184 6

-1.8847 -1.91567 6
-1.92476 -2.2372 6
-2.23192 -1.97852 6

2.64026 -0.572379 6
2.96635 -0.385466 6
2.97578 -0.717065 6

2.64084 1.52221 6
2.26654 1.68662 6
2.56094 1.83321 6

-0.414002 2.73805 5
-0.751613 2.83863 7
-0.408307 3.04309 6

-2.48567 1.27606 6
-2.84809 1.16364 7
-2.72378 1.51416 6

-2.53243 0.611631 6
-2.49819 0.257186 6
-2.82225 0.474909 6

1.89023 -1.89847 7
2.29305 -1.67122 7
2.1838 -1.97232 4

2.67142 -0.871409 6
2.97578 -0.717065 6
3.05043 -1.06826 6

1.50741 2.20294 6
1.40649 2.51181 6
1.75844 2.41201 5

1.3916 2.85935 6
1.09908 2.62018 6
1.10009 2.99143 6

-0.890298 2.50798 6
-1.11062 2.25413 6
-1.32406 2.49689 6

-1.66264 1.83337 7
-1.96084 1.84673 6
-1.82819 2.1624 5

-0.07088 -2.86969 6
0.233071 -3.07491 6
-0.0863313 -3.19747 6

1.96467 -1.54027 6
2.23771 -1.34484 6
2.29305 -1.67122 7

1.73932 -2.5146 6
1.77893 -2.19469 5
2.11083 -2.29543 8

2.68391 0.764962 7
2.92846 1.00486 5
3.01807 0.702325 6

1.11251 2.28531 6
0.793748 2.41253 6
1.09908 2.62018 6

1.92238 2.13987 7
1.50741 2.20294 6
1.75844 2.41201 5

-0.731928 -2.81737 6
-0.383501 -2.67441 6
-0.409348 -2.99134 6

-1.77482 2.48674 7
-1.82819 2.1624 5
-2.13784 2.23463 7

-2.52833 -0.484228 6
-2.49744 -0.830777 6
-2.85907 -0.556814 6

-0.383501 -2.67441 6
-0.0548515 -2.53352 6
-0.07088 -2.86969 6

1.92541 1.81111 6
1.60717 1.90865 6
1.92238 2.13987 7

2.29305 -1.67122 7
2.58024 -1.46995 6
2.61705 -1.79582 6

-1.32406 2.49689 6
-1.77482 2.48674 7
-1.54558 2.72781 6

1.50741 2.20294 6
1.11251 2.28531 6
1.40649 2.51181 6

0.793748 2.41253 6
0.522908 2.66342 6
0.82154 2.78674 6

0.522908 2.66342 6
0.246274 2.87063 6
0.551443 3.01603 6

0.522908 2.66342 6
0.162147 2.5322 6
0.246274 2.87063 6

2.61705 -1.79582 6
2.58024 -1.46995 6
2.94676 -1.46169 7

2.39402 0.982861 6
2.34935 1.36168 6
2.64608 1.17097 6

1.40649 2.51181 6
1.3916 2.85935 6
1.69832 2.73153 6

-2.13784 2.23463 7
-2.24525 1.87534 5
-2.48262 2.06994 6

-1.01849 -2.501 7
-0.698071 -2.50672 5
-0.731928 -2.81737 6

0.839301 -2.73045 6
1.13883 -2.90254 6
0.832406 -3.08153 6

-2.16462 1.47106 7
-2.48567 1.27606 6
-2.44673 1.64535 6

-3.0644 -0.0596541 6
-2.79531 -0.243184 6
-3.17478 -0.436518 6

0.246274 2.87063 6
-0.0758281 3.13778 6
0.240533 3.21405 6

-1.96084 1.84673 6
-2.16462 1.47106 7
-2.24525 1.87534 5

-1.0524 -2.8588 6
-0.731928 -2.81737 6
-0.744816 -3.13563 6

-0.573928 2.47519 6
-0.890298 2.50798 6
-0.751613 2.83863 7

-3.17478 -0.436518 6
-2.85907 -0.556814 6
-3.17478 -0.785732 6

1.89023 -1.89847 7
2.1838 -1.97232 4
2.11083 -2.29543 8

2.67303 0.128481 6
2.57136 0.436518 5
2.9184 0.391673 7

2.92846 1.00486 5
2.64608 1.17097 6
2.94853 1.35846 6

2.68391 0.764962 7
2.64608 1.17097 6
2.92846 1.00486 5

-2.49744 -0.830777 6
-2.5265 -1.17557 6
-2.81824 -0.865582 6

-0.751613 2.83863 7
-1.02196 3.08368 6
-0.721121 3.1868 6

-2.82225 0.474909 6
-3.09442 0.293017 6
-3.16696 0.615758 6

-1.97048 -2.55667 6
-1.63413 -2.46403 6
-1.64494 -2.79995 6

-2.13784 -1.65607 6
-2.23192 -1.97852 6
-2.47772 -1.72293 6

-0.890298 2.50798 6
-1.32406 2.49689 6
-1.10061 2.74073 6

-2.44673 1.64535 6
-2.48567 1.27606 6
-2.72378 1.51416 6

-2.86449 0.810413 6
-3.16696 0.615758 6
-3.17478 0.960339 6

0.244078 -2.72502 6
0.546613 -2.55285 6
0.535216 -2.90642 6

-3.17478 -0.785732 6
-2.81824 -0.865582 6
-3.15739 -1.11049 6

-1.59085 -2.12311 6
-1.30858 -2.31047 6
-1.63413 -2.46403 6

0.535216 -2.90642 6
0.832406 -3.08153 6
0.532195 -3.25888 6

2.67445 -0.225999 6
2.67303 0.128481 6
2.96216 -0.0139763 6

-2.13784 -1.65607 6
-1.8847 -1.91567 6
-2.23192 -1.97852 6

-1.30858 -2.31047 6
-1.01849 -2.501 7
-1.33249 -2.64945 6

2.23771 -1.34484 6
2.43865 -1.09537 6
2.58024 -1.46995 6

2.64026 -0.572379 6
2.67445 -0.225999 6
2.96635 -0.385466 6

0.831741 3.17933 6
0.551443 3.01603 6
0.538292 3.37175 6

-2.56992 0.960339 6
-2.53243 0.611631 6
-2.86449 0.810413 6

-2.23192 -1.97852 6
-1.92476 -2.2372 6
-2.26298 -2.2915 6

-1.64494 -2.79995 6
-1.33249 -2.64945 6
-1.35979 -2.99993 6

2.67142 -0.871409 6
2.64026 -0.572379 6
2.97578 -0.717065 6

1.92238 2.13987 7
2.05494 2.50729 6
2.32099 2.32473 6

2.11083 -2.29543 8
2.1838 -1.97232 4
2.46409 -2.08036 6

2.96635 -0.385466 6
3.24508 -0.186182 6
3.29411 -0.528237 6

2.26654 1.68662 6
1.92541 1.81111 6
2.23368 2.01702 6

-1.32406 2.49689 6
-1.51942 2.2376 6
-1.77482 2.48674 7

-0.744816 -3.13563 6
-0.409348 -2.99134 6
-0.415692 -3.30781 6

2.43865 -1.09537 6
2.67142 -0.871409 6
2.7646 -1.19432 5

-2.31278 -1.4008 6
-2.13784 -1.65607 6
-2.47772 -1.72293 6

-2.26298 -2.2915 6
-1.92476 -2.2372 6
-1.97048 -2.55667 6

-0.383501 -2.67441 6
-0.07088 -2.86969 6
-0.409348 -2.99134 6

2.7646 -1.19432 5
3.05043 -1.06826 6
2.94676 -1.46169 7

1.13187 -2.53701 6
1.45065 -2.34063 6
1.41425 -2.69417 6

1.41425 -2.69417 6
1.69189 -2.86025 6
1.43359 -3.0757 6

0.839301 -2.73045 6
1.13187 -2.53701 6
1.13883 -2.90254 6

-1.01849 -2.501 7
-0.731928 -2.81737 6
-1.0524 -2.8588 6

2.34935 1.36168 6
2.26654 1.68662 6
2.64084 1.52221 6

1.75844 2.41201 5
1.69832 2.73153 6
2.05494 2.50729 6

-1.02196 3.08368 6
-1.10061 2.74073 6
-1.3345 2.97192 5

-2.47772 -1.72293 6
-2.57379 -2.06572 6
-2.8098 -1.82861 6

-3.15739 -1.11049 6
-2.83792 -1.19176 5
-3.1067 -1.41701 6

1.45065 -2.34063 6
1.77893 -2.19469 5
1.73932 -2.5146 6

2.96216 -0.0139763 6
3.19203 0.205069 6
3.24508 -0.186182 6

2.94853 1.35846 6
2.64084 1.52221 6
2.94128 1.69481 6

-1.77482 2.48674 7
-2.10143 2.57779 6
-1.87041 2.82836 6

-2.78419 0.11975 6
-2.79531 -0.243184 6
-3.0644 -0.0596541 6

-2.10143 2.57779 6
-2.13784 2.23463 7
-2.41907 2.40733 6

1.10009 2.99143 6
0.82154 2.78674 6
0.831741 3.17933 6

-0.0730391 2.81479 6
-0.408307 3.04309 6
-0.0758281 3.13778 6

-2.5265 -1.17557 6
-2.31278 -1.4008 6
-2.72016 -1.50127 7

-1.35979 -2.99993 6
-1.0524 -2.8588 6
-1.06164 -3.21192 6

-2.48567 1.27606 6
-2.56992 0.960339 6
-2.84809 1.16364 7

-2.81824 -0.865582 6
-2.5265 -1.17557 6
-2.83792 -1.19176 5

2.64608 1.17097 6
2.64084 1.52221 6
2.94853 1.35846 6

-0.07088 -2.86969 6
0.244078 -2.72502 6
0.233071 -3.07491 6

-1.82819 2.1624 5
-1.96084 1.84673 6
-2.13784 2.23463 7

3.19203 0.205069 6
2.9184 0.391673 7
3.29394 0.567757 6

-3.0253 1.46929 5
-2.84809 1.16364 7
-3.238 1.25567 5

2.97578 -0.717065 6
3.29411 -0.528237 6
3.29103 -0.858646 6

2.26654 1.68662 6
2.23368 2.01702 6
2.56094 1.83321 6

0.233071 -3.07491 6
0.532195 -3.25888 6
0.233845 -3.42173 6

2.9184 0.391673 7
2.68391 0.764962 7
3.01807 0.702325 6

-1.54558 2.72781 6
-1.87041 2.82836 6
-1.63713 3.10962 6

-2.82225 0.474909 6
-2.78419 0.11975 6
-3.09442 0.293017 6

-0.408307 3.04309 6
-0.721121 3.1868 6
-0.404364 3.36118 6

-3.0644 -0.0596541 6
-3.17478 -0.436518 6
-3.36093 -0.17207 6

2.94128 1.69481 6
2.56094 1.83321 6
2.87379 2.00798 6

-2.48262 2.06994 6
-2.44673 1.64535 6
-2.74885 1.87213 6

0.535216 -2.90642 6
0.839301 -2.73045 6
0.832406 -3.08153 6

1.69189 -2.86025 6
1.73932 -2.5146 6
2.02789 -2.63622 6

1.77893 -2.19469 5
1.89023 -1.89847 7
2.11083 -2.29543 8

2.9184 0.391673 7
3.01807 0.702325 6
3.29394 0.567757 6

-1.10061 2.74073 6
-1.32406 2.49689 6
-1.54558 2.72781 6

-2.72378 1.51416 6
-3.0253 1.46929 5
-3.07013 1.78448 6

2.1838 -1.97232 4
2.29305 -1.67122 7
2.46409 -2.08036 6

0.246274 2.87063 6
-0.0730391 2.81479 6
-0.0758281 3.13778 6

1.9665 2.88102 6
1.69832 2.73153 6
1.70301 3.08979 6

2.23368 2.01702 6
2.32099 2.32473 6
2.60195 2.16007 6

-0.0758281 3.13778 6
-0.404364 3.36118 6
-0.0802112 3.46204 6

2.29305 -1.67122 7
2.61705 -1.79582 6
2.46409 -2.08036 6

1.40649 2.51181 6
1.09908 2.62018 6
1.3916 2.85935 6

-3.1067 -1.41701 6
-2.72016 -1.50127 7
-3.11506 -1.69459 6

1.09908 2.62018 6
0.82154 2.78674 6
1.10009 2.99143 6

-1.06164 -3.21192 6
-0.744816 -3.13563 6
-0.741028 -3.46193 6

1.41425 -2.69417 6
1.73932 -2.5146 6
1.69189 -2.86025 6

-3.09442 0.293017 6
-3.39057 0.184067 6
-3.4928 0.487597 6

2.61705 -1.79582 6
2.94676 -1.46169 7
2.93165 -1.78874 5

2.96216 -0.0139763 6
2.9184 0.391673 7
3.19203 0.205069 6

-3.36093 -0.17207 6
-3.17478 -0.436518 6
-3.44031 -0.587127 6

-0.409348 -2.99134 6
-0.07088 -2.86969 6
-0.0863313 -3.19747 6

1.75844 2.41201 5
1.40649 2.51181 6
1.69832 2.73153 6

-2.79531 -0.243184 6
-2.85907 -0.556814 6
-3.17478 -0.436518 6

-1.66692 -3.15733 6
-1.35979 -2.99993 6
-1.36909 -3.34002 6

1.39434 3.20667 6
1.10009 2.99143 6
1.1176 3.3713 6

-2.23192 -1.97852 6
-2.26298 -2.2915 6
-2.57379 -2.06572 6

2.57136 -2.3572 6
2.46409 -2.08036 6
2.82886 -2.12424 7

-0.731928 -2.81737 6
-0.409348 -2.99134 6
-0.744816 -3.13563 6

3.49338 0.325405 6
3.29394 0.567757 6
3.67668 0.713894 6

2.32099 2.32473 6
2.31498 2.67853 6
2.64342 2.48443 6

0.551443 3.01603 6
0.246274 2.87063 6
0.240533 3.21405 6

-1.63413 -2.46403 6
-1.33249 -2.64945 6
-1.64494 -2.79995 6

2.02789 -2.63622 6
2.11083 -2.29543 8
2.34277 -2.54407 5

3.22541 1.12822 6
2.94853 1.35846 6
3.26926 1.47007 6

-2.86449 0.810413 6
-2.82225 0.474909 6
-3.16696 0.615758 6

-1.92476 -2.2372 6
-1.63413 -2.46403 6
-1.97048 -2.55667 6

2.7646 -1.19432 5
2.67142 -0.871409 6
3.05043 -1.06826 6

0.832406 -3.08153 6
1.12478 -3.25319 6
0.827198 -3.43949 6

0.240533 3.21405 6
-0.0802112 3.46204 6
0.233845 3.56255 0

-2.24525 1.87534 5
-2.44673 1.64535 6
-2.48262 2.06994 6

-2.85907 -0.556814 6
-2.81824 -0.865582 6
-3.17478 -0.785732 6

2.96635 -0.385466 6
2.96216 -0.0139763 6
3.24508 -0.186182 6

1.92238 2.13987 7
1.75844 2.41201 5
2.05494 2.50729 6

-2.47772 -1.72293 6
-2.23192 -1.97852 6
-2.57379 -2.06572 6

2.92846 1.00486 5
2.94853 1.35846 6
3.22541 1.12822 6

-0.751613 2.83863 7
-1.10061 2.74073 6
-1.02196 3.08368 6

-1.33249 -2.64945 6
-1.0524 -2.8588 6
-1.35979 -2.99993 6

-0.721121 3.1868 6
-1.04831 3.42621 6
-0.741028 3.52236 0

-2.41907 2.40733 6
-2.48262 2.06994 6
-2.7554 2.24862 6

-3.44031 -0.587127 6
-3.17478 -0.785732 6
-3.47229 -0.970275 6

3.05043 -1.06826 6
3.29103 -0.858646 6
3.27722 -1.31794 6

2.23368 2.01702 6
1.92238 2.13987 7
2.32099 2.32473 6

-1.10061 2.74073 6
-1.54558 2.72781 6
-1.3345 2.97192 5

1.13883 -2.90254 6
1.43359 -3.0757 6
1.12478 -3.25319 6

-0.408307 3.04309 6
-0.751613 2.83863 7
-0.721121 3.1868 6

-2.84809 1.16364 7
-2.86449 0.810413 6
-3.17478 0.960339 6

-2.26298 -2.2915 6
-2.31899 -2.6144 6
-2.59004 -2.40866 6

3.01807 0.702325 6
3.22541 1.12822 6
3.39605 0.876817 6

2.05494 2.50729 6
1.9665 2.88102 6
2.31498 2.67853 6

0.82154 2.78674 6
0.551443 3.01603 6
0.831741 3.17933 6

-0.0758281 3.13778 6
-0.408307 3.04309 6
-0.404364 3.36118 6

-0.741028 -3.46193 6
-0.415692 -3.30781 6
-0.404364 -3.62311 0

2.58024 -1.46995 6
2.7646 -1.19432 5
2.94676 -1.46169 7

-1.54558 2.72781 6
-1.77482 2.48674 7
-1.87041 2.82836 6

0.233071 -3.07491 6
0.535216 -2.90642 6
0.532195 -3.25888 6

-2.57379 -2.06572 6
-2.59004 -2.40866 6
-2.87834 -2.25641 6

-1.97048 -2.55667 6
-1.96507 -2.88102 6
-2.31899 -2.6144 6

-0.0863313 -3.19747 6
0.233845 -3.42173 6
-0.0802112 -3.52224 0

2.94676 -1.46169 7
3.27722 -1.31794 6
3.24696 -1.63678 6

3.05043 -1.06826 6
2.97578 -0.717065 6
3.29103 -0.858646 6

-3.16696 0.615758 6
-3.4928 0.487597 6
-3.46739 0.81849 6

-1.0524 -2.8588 6
-0.744816 -3.13563 6
-1.06164 -3.21192 6

2.05494 2.50729 6
1.69832 2.73153 6
1.9665 2.88102 6

1.1176 3.3713 6
0.831741 3.17933 6
0.827198 3.54479 0

-1.77482 2.48674 7
-2.13784 2.23463 7
-2.10143 2.57779 6

-2.44673 1.64535 6
-2.72378 1.51416 6
-2.74885 1.87213 6

-3.17478 0.960339 6
-3.46739 0.81849 6
-3.5421 1.19083 7

1.69189 -2.86025 6
1.98545 -2.9799 5
1.75177 -3.22791 7

1.73932 -2.5146 6
2.11083 -2.29543 8
2.02789 -2.63622 6

3.24508 -0.186182 6
3.50843 -0.0155196 6
3.57855 -0.361442 6

-0.409348 -2.99134 6
-0.0863313 -3.19747 6
-0.415692 -3.30781 6

2.97578 -0.717065 6
2.96635 -0.385466 6
3.29411 -0.528237 6

-3.66143 -0.0299162 6
-3.36093 -0.17207 6
-3.67271 -0.365831 6

3.50843 -0.0155196 6
3.19203 0.205069 6
3.49338 0.325405 6

-2.8098 -1.82861 6
-2.87834 -2.25641 6
-3.08114 -2.04064 6

-2.81824 -0.865582 6
-2.83792 -1.19176 5
-3.15739 -1.11049 6

-2.7554 2.24862 6
-2.74885 1.87213 6
-3.05576 2.11026 6

-2.72016 -1.50127 7
-2.47772 -1.72293 6
-2.8098 -1.82861 6

0.551443 3.01603 6
0.240533 3.21405 6
0.538292 3.37175 6

-2.10143 2.57779 6
-2.41907 2.40733 6
-2.42113 2.73682 6

-2.72378 1.51416 6
-2.84809 1.16364 7
-3.0253 1.46929 5

-3.0644 -0.0596541 6
-3.36093 -0.17207 6
-3.39057 0.184067 6

1.13883 -2.90254 6
1.41425 -2.69417 6
1.43359 -3.0757 6

-1.97048 -2.55667 6
-1.64494 -2.79995 6
-1.96507 -2.88102 6

2.56094 1.83321 6
2.23368 2.01702 6
2.60195 2.16007 6

-2.83792 -1.19176 5
-2.72016 -1.50127 7
-3.1067 -1.41701 6

1.98545 -2.9799 5
2.02789 -2.63622 6
2.31064 -2.87588 6

-1.02196 3.08368 6
-1.3552 3.31025 6
-1.04831 3.42621 6

-2.84809 1.16364 7
-3.17478 0.960339 6
-3.238 1.25567 5

-1.3345 2.97192 5
-1.63713 3.10962 6
-1.3552 3.31025 6

-0.0863313 -3.19747 6
0.233071 -3.07491 6
0.233845 -3.42173 6

-1.36909 -3.34002 6
-1.06164 -3.21192 6
-1.04831 -3.55807 0

0.532195 -3.25888 6
0.827198 -3.43949 6
0.538292 -3.61253 0

2.64084 1.52221 6
2.56094 1.83321 6
2.94128 1.69481 6

0.827198 3.54479 0
0.538292 3.37175 6
0.532195 3.7254 0

-2.13784 2.23463 7
-2.48262 2.06994 6
-2.41907 2.40733 6

-3.09442 0.293017 6
-3.0644 -0.0596541 6
-3.39057 0.184067 6

3.29411 -0.528237 6
3.57855 -0.361442 6
3.60288 -0.738335 6

2.11083 -2.29543 8
2.46409 -2.08036 6
2.57136 -2.3572 6

-1.87041 2.82836 6
-2.19827 2.95737 6
-1.94812 3.16953 6

-3.16696 0.615758 6
-3.09442 0.293017 6
-3.4928 0.487597 6

3.26926 1.47007 6
2.94128 1.69481 6
3.24902 1.80271 6

-0.404364 3.36118 6
-0.741028 3.52236 0
-0.415692 3.67647 0

0.233845 -3.42173 6
0.538292 -3.61253 0
0.240533 -3.77023 0

-3.47229 -0.970275 6
-3.15739 -1.11049 6
-3.47721 -1.30955 5

2.93165 -1.78874 5
3.24696 -1.63678 6
3.17622 -2.00798 6

3.01807 0.702325 6
2.92846 1.00486 5
3.22541 1.12822 6

1.12478 -3.25319 6
1.4182 -3.41541 6
1.1176 -3.61298 0

1.69189 -2.86025 6
2.02789 -2.63622 6
1.98545 -2.9799 5

2.61705 -1.79582 6
2.93165 -1.78874 5
2.82886 -2.12424 7

2.56094 1.83321 6
2.60195 2.16007 6
2.87379 2.00798 6

0.240533 3.21405 6
-0.0758281 3.13778 6
-0.0802112 3.46204 6

0.832406 -3.08153 6
1.13883 -2.90254 6
1.12478 -3.25319 6

2.34277 -2.54407 5
2.11083 -2.29543 8
2.57136 -2.3572 6

-3.3765 1.58596 7
-3.238 1.25567 5
-3.5421 1.19083 7

-2.42113 2.73682 6
-2.41907 2.40733 6
-2.73155 2.58351 6

2.60195 2.16007 6
2.64342 2.48443 6
2.97548 2.32149 6

-3.07013 1.78448 6
-3.0253 1.46929 5
-3.3765 1.58596 7

-3.47721 -1.30955 5
-3.1067 -1.41701 6
-3.5867 -1.59603 8

-1.96507 -2.88102 6
-1.64494 -2.79995 6
-1.66692 -3.15733 6

-2.25429 -2.93466 6
-1.96507 -2.88102 6
-1.99585 -3.20087 6

1.3916 2.85935 6
1.10009 2.99143 6
1.39434 3.20667 6

-0.0802112 3.46204 6
-0.415692 3.67647 0
-0.0863313 3.78682 0

2.31064 -2.87588 6
2.34277 -2.54407 5
2.65725 -2.74188 6

3.29103 -0.858646 6
3.60288 -0.738335 6
3.5102 -1.09958 6

1.69832 2.73153 6
1.3916 2.85935 6
1.70301 3.08979 6

-3.17478 -0.436518 6
-3.17478 -0.785732 6
-3.44031 -0.587127 6

-2.26298 -2.2915 6
-1.97048 -2.55667 6
-2.31899 -2.6144 6

2.32099 2.32473 6
2.05494 2.50729 6
2.31498 2.67853 6

1.9665 2.88102 6
2.05008 3.18783 6
2.33745 2.99446 6

1.3916 2.85935 6
1.39434 3.20667 6
1.70301 3.08979 6

-3.39057 0.184067 6
-3.66143 -0.0299162 6
-3.77964 0.261911 6

3.22541 1.12822 6
3.26926 1.47007 6
3.55294 1.22425 6

3.29394 0.567757 6
3.01807 0.702325 6
3.39605 0.876817 6

2.34277 -2.54407 5
2.57136 -2.3572 6
2.65725 -2.74188 6

-3.67271 -0.365831 6
-3.44031 -0.587127 6
-3.71747 -0.746084 6

3.24508 -0.186182 6
3.19203 0.205069 6
3.50843 -0.0155196 6

3.19203 0.205069 6
3.29394 0.567757 6
3.49338 0.325405 6

-1.3345 2.97192 5
-1.54558 2.72781 6
-1.63713 3.10962 6

1.12478 3.73109 0
0.827198 3.54479 0
0.832406 3.90275 0

-0.415692 -3.30781 6
-0.0863313 -3.19747 6
-0.0802112 -3.52224 0

-2.31899 -2.6144 6
-1.96507 -2.88102 6
-2.25429 -2.93466 6

2.94676 -1.46169 7
3.05043 -1.06826 6
3.27722 -1.31794 6

2.87379 2.00798 6
2.97548 2.32149 6
3.2383 2.12678 6

-3.17478 -0.785732 6
-3.15739 -1.11049 6
-3.47229 -0.970275 6

3.29411 -0.528237 6
3.24508 -0.186182 6
3.57855 -0.361442 6

1.70691 3.41651 6
1.39434 3.20667 6
1.4182 3.56888 0

-1.04831 -3.55807 0
-0.741028 -3.46193 6
-0.721121 -3.79748 0

3.49338 0.325405 6
3.67668 0.713894 6
3.78107 0.436518 5

-3.4928 0.487597 6
-3.39057 0.184067 6
-3.77964 0.261911 6

-2.57379 -2.06572 6
-2.26298 -2.2915 6
-2.59004 -2.40866 6

0.532195 -3.25888 6
0.832406 -3.08153 6
0.827198 -3.43949 6

2.64342 2.48443 6
2.63279 2.81543 6
2.95356 2.64588 6

2.46409 -2.08036 6
2.61705 -1.79582 6
2.82886 -2.12424 7

-2.74885 1.87213 6
-2.72378 1.51416 6
-3.07013 1.78448 6

3.55294 1.22425 6
3.26926 1.47007 6
3.57902 1.56013 6

-2.8098 -1.82861 6
-2.57379 -2.06572 6
-2.87834 -2.25641 6

-0.744816 -3.13563 6
-0.415692 -3.30781 6
-0.741028 -3.46193 6

-0.741028 3.52236 0
-1.06164 3.77237 0
-0.744816 3.84866 0

-2.74885 1.87213 6
-3.07013 1.78448 6
-3.05576 2.11026 6

-2.72016 -1.50127 7
-2.8098 -1.82861 6
-3.11506 -1.69459 6

0.831741 3.17933 6
0.538292 3.37175 6
0.827198 3.54479 0

-1.63713 3.10962 6
-1.94812 3.16953 6
-1.66987 3.4723 7

1.10009 2.99143 6
0.831741 3.17933 6
1.1176 3.3713 6

-2.10143 2.57779 6
-2.42113 2.73682 6
-2.19827 2.95737 6

3.27722 -1.31794 6
3.5102 -1.09958 6
3.59862 -1.51971 7

-2.48262 2.06994 6
-2.74885 1.87213 6
-2.7554 2.24862 6

-3.17478 0.960339 6
-3.16696 0.615758 6
-3.46739 0.81849 6

2.82886 -2.12424 7
2.93165 -1.78874 5
3.17622 -2.00798 6

-1.35979 -2.99993 6
-1.06164 -3.21192 6
-1.36909 -3.34002 6

0.538292 3.37175 6
0.240533 3.21405 6
0.233845 3.56255 0

-1.64494 -2.79995 6
-1.35979 -2.99993 6
-1.66692 -3.15733 6

1.43359 -3.0757 6
1.75177 -3.22791 7
1.4182 -3.41541 6

0.233845 3.56255 0
-0.0863313 3.78682 0
0.233071 3.90938 0

-1.02196 3.08368 6
-1.3345 2.97192 5
-1.3552 3.31025 6

3.29394 0.567757 6
3.39605 0.876817 6
3.67668 0.713894 6

0.827198 -3.43949 6
1.1176 -3.61298 0
0.831741 -3.80495 0

-0.721121 3.1868 6
-1.02196 3.08368 6
-1.04831 3.42621 6

-3.11506 -1.69459 6
-3.39831 -1.82009 5
-3.5867 -1.59603 8

2.94128 1.69481 6
2.87379 2.00798 6
3.24902 1.80271 6

2.94853 1.35846 6
2.94128 1.69481 6
3.26926 1.47007 6

1.98545 -2.9799 5
2.31064 -2.87588 6
2.19827 -3.21667 7

3.50843 -0.0155196 6
3.81224 0.0958015 6
3.88372 -0.209545 6

-0.404364 3.36118 6
-0.721121 3.1868 6
-0.741028 3.52236 0

-1.63713 3.10962 6
-1.87041 2.82836 6
-1.94812 3.16953 6

-3.39057 0.184067 6
-3.36093 -0.17207 6
-3.66143 -0.0299162 6

-0.0802112 -3.52224 0
0.240533 -3.77023 0
-0.0758281 -3.8465 0

-1.99585 -3.20087 6
-1.66692 -3.15733 6
-1.66987 -3.51198 0

3.57855 -0.361442 6
3.88372 -0.209545 6
3.87607 -0.544337 6

2.60195 2.16007 6
2.32099 2.32473 6
2.64342 2.48443 6

-0.0802112 3.46204 6
-0.404364 3.36118 6
-0.415692 3.67647 0

-0.721121 -3.79748 0
-0.404364 -3.62311 0
-0.408307 -3.94119 0

2.93165 -1.78874 5
2.94676 -1.46169 7
3.24696 -1.63678 6

1.4182 3.56888 0
1.1176 3.3713 6
1.12478 3.73109 0

-3.71747 -0.746084 6
-3.47229 -0.970275 6
-3.7536 -1.17389 7

-2.87834 -2.25641 6
-2.93177 -2.5988 6
-3.21019 -2.44841 7

-0.415692 -3.30781 6
-0.0802112 -3.52224 0
-0.404364 -3.62311 0

0.233845 -3.42173 6
0.532195 -3.25888 6
0.538292 -3.61253 0

3.24696 -1.63678 6
3.59862 -1.51971 7
3.47864 -1.83337 6

0.538292 3.37175 6
0.233845 3.56255 0
0.532195 3.7254 0

-2.73155 2.58351 6
-2.7554 2.24862 6
-3.05282 2.45092 6

-2.59004 -2.40866 6
-2.66349 -2.74804 6
-2.93177 -2.5988 6

-1.66987 -3.51198 0
-1.36909 -3.34002 6
-1.3552 -3.67404 0

2.88489 -2.50705 6
2.82886 -2.12424 7
3.13791 -2.31255 5

-3.46739 0.81849 6
-3.79863 0.643969 7
-3.76594 0.976919 5

1.4182 -3.41541 6
1.70691 -3.56777 0
1.39434 -3.77761 0

1.43359 -3.0757 6
1.69189 -2.86025 6
1.75177 -3.22791 7

3.29103 -0.858646 6
3.29411 -0.528237 6
3.60288 -0.738335 6

-2.56992 3.05562 6
-2.42113 2.73682 6
-2.81291 2.9 5

2.02789 -2.63622 6
2.34277 -2.54407 5
2.31064 -2.87588 6

3.27722 -1.31794 6
3.29103 -0.858646 6
3.5102 -1.09958 6

-1.87041 2.82836 6
-2.10143 2.57779 6
-2.19827 2.95737 6

-3.66143 -0.0299162 6
-3.97942 -0.209545 0
-4.0509 0.0958015 0

1.12478 -3.25319 6
1.43359 -3.0757 6
1.4182 -3.41541 6

2.65725 -2.74188 6
2.57136 -2.3572 6
2.88489 -2.50705 6

-3.07013 1.78448 6
-3.3765 1.58596 7
-3.37266 1.9405 6

-3.36093 -0.17207 6
-3.44031 -0.587127 6
-3.67271 -0.365831 6

-3.11506 -1.69459 6
-2.8098 -1.82861 6
-3.08114 -2.04064 6

1.75177 -3.22791 7
1.98545 -2.9799 5
2.19827 -3.21667 7

3.49338 0.325405 6
3.78107 0.436518 5
3.81224 0.0958015 6

0.538292 -3.61253 0
0.831741 -3.80495 0
0.551443 -3.96826 0

-1.04831 3.42621 6
-1.36909 3.64427 0
-1.06164 3.77237 0

-2.19827 2.95737 6
-2.56992 3.05562 6
-2.29995 3.29968 6

-3.3765 1.58596 7
-3.69324 1.46993 5
-3.67932 1.80545 6

-2.31899 -2.6144 6
-2.25429 -2.93466 6
-2.66349 -2.74804 6

-1.06164 -3.21192 6
-0.741028 -3.46193 6
-1.04831 -3.55807 0

-3.97942 -0.209545 0
-3.67271 -0.365831 6
-3.98707 -0.544337 0

2.05008 3.18783 6
1.70301 3.08979 6
1.70691 3.41651 6

-2.59004 -2.40866 6
-2.31899 -2.6144 6
-2.66349 -2.74804 6

-3.15739 -1.11049 6
-3.1067 -1.41701 6
-3.47721 -1.30955 5

-1.96507 -2.88102 6
-1.66692 -3.15733 6
-1.99585 -3.20087 6

3.60288 -0.738335 6
3.57855 -0.361442 6
3.87607 -0.544337 6

2.87379 2.00798 6
2.60195 2.16007 6
2.97548 2.32149 6

-1.3552 3.31025 6
-1.66987 3.4723 7
-1.36909 3.64427 0

-3.05282 2.45092 6
-3.05576 2.11026 6
-3.36601 2.28258 6

-3.0253 1.46929 5
-3.238 1.25567 5
-3.3765 1.58596 7

-1.3552 -3.67404 0
-1.04831 -3.55807 0
-1.02196 -3.9006 0

-3.238 1.25567 5
-3.17478 0.960339 6
-3.5421 1.19083 7

-2.41907 2.40733 6
-2.7554 2.24862 6
-2.73155 2.58351 6

3.57902 1.56013 6
3.24902 1.80271 6
3.5603 1.90357 6

3.39605 0.876817 6
3.55294 1.22425 6
3.78896 0.994195 6

-2.66349 -2.74804 6
-2.25429 -2.93466 6
-2.52693 -3.03664 5

3.59862 -1.51971 7
3.5102 -1.09958 6
3.78044 -1.24465 5

3.67668 0.713894 6
3.78896 0.994195 6
4.0645 0.643969 0

3.39605 0.876817 6
3.22541 1.12822 6
3.55294 1.22425 6

-1.66987 3.4723 7
-1.94812 3.16953 6
-1.99946 3.4788 5

-3.69324 1.46993 5
-3.5421 1.19083 7
-3.97369 1.31547 0

1.9665 2.88102 6
1.70301 3.08979 6
2.05008 3.18783 6

-0.415692 3.67647 0
-0.744816 3.84866 0
-0.409348 3.99294 0

-3.47721 -1.30955 5
-3.5867 -1.59603 8
-3.7536 -1.17389 7

2.82886 -2.12424 7
3.17622 -2.00798 6
3.13791 -2.31255 5

2.64342 2.48443 6
2.31498 2.67853 6
2.63279 2.81543 6

0.532195 3.7254 0
0.233071 3.90938 0
0.832406 3.90275 0

1.1176 -3.61298 0
1.39434 -3.77761 0
1.10009 -3.99285 0

-0.0802112 -3.52224 0
0.233845 -3.42173 6
0.240533 -3.77023 0

0.827198 -3.43949 6
1.12478 -3.25319 6
1.1176 -3.61298 0

2.05008 3.18783 6
1.70691 3.41651 6
2.01687 3.51424 0

-3.46739 0.81849 6
-3.4928 0.487597 6
-3.79863 0.643969 7

0.233845 3.56255 0
-0.0802112 3.46204 6
-0.0863313 3.78682 0

-3.4928 0.487597 6
-3.77964 0.261911 6
-3.79863 0.643969 7

-3.39831 -1.82009 5
-3.08114 -2.04064 6
-3.38714 -2.14832 5

4.0835 0.261911 0
3.78107 0.436518 5
4.0645 0.643969 0

2.31498 2.67853 6
2.33745 2.99446 6
2.63279 2.81543 6

1.70301 3.08979 6
1.39434 3.20667 6
1.70691 3.41651 6

-3.44031 -0.587127 6
-3.47229 -0.970275 6
-3.71747 -0.746084 6

2.31498 2.67853 6
1.9665 2.88102 6
2.33745 2.99446 6

0.233071 3.90938 0
-0.0863313 3.78682 0
-0.409348 3.99294 0

-0.0758281 -3.8465 0
0.240533 -3.77023 0
0.551443 -3.96826 0

3.78896 0.994195 6
3.55294 1.22425 6
3.88945 1.31547 7

3.57855 -0.361442 6
3.50843 -0.0155196 6
3.88372 -0.209545 6

3.50843 -0.0155196 6
3.49338 0.325405 6
3.81224 0.0958015 6

3.81224 0.0958015 6
4.0835 0.261911 0
4.20171 -0.0299162 0

2.19827 -3.21667 7
2.31064 -2.87588 6
2.57136 -3.05562 6

2.33745 2.99446 6
2.34351 3.35039 6
2.63361 3.19883 7

-3.77964 0.261911 6
-4.0509 0.0958015 0
-4.08206 0.436518 0

2.31064 -2.87588 6
2.65725 -2.74188 6
2.57136 -3.05562 6

2.57136 -2.3572 6
2.82886 -2.12424 7
2.88489 -2.50705 6

-3.1067 -1.41701 6
-3.11506 -1.69459 6
-3.5867 -1.59603 8

-1.99585 -3.20087 6
-1.99946 -3.50548 0
-2.32073 -3.33986 7

2.97548 2.32149 6
2.95356 2.64588 6
3.27539 2.51273 7

1.39434 3.20667 6
1.1176 3.3713 6
1.4182 3.56888 0

-2.66349 -2.74804 6
-2.52693 -3.03664 5
-2.87235 -3.05562 7

-0.404364 -3.62311 0
-0.0802112 -3.52224 0
-0.0758281 -3.8465 0

-1.04831 3.42621 6
-1.3552 3.31025 6
-1.36909 3.64427 0

-2.81291 2.9 5
-2.73155 2.58351 6
-3.09378 2.78388 6

-1.3552 3.31025 6
-1.63713 3.10962 6
-1.66987 3.4723 7

2.97548 2.32149 6
2.64342 2.48443 6
2.95356 2.64588 6

2.63279 2.81543 6
2.63361 3.19883 7
2.9004 3.01394 5

-0.408307 -3.94119 0
-0.0758281 -3.8465 0
0.551443 -3.96826 0

-3.11506 -1.69459 6
-3.08114 -2.04064 6
-3.39831 -1.82009 5

-3.39831 -1.82009 5
-3.38714 -2.14832 5
-3.70747 -1.96008 7

-1.66692 -3.15733 6
-1.36909 -3.34002 6
-1.66987 -3.51198 0

-0.741028 -3.46193 6
-0.404364 -3.62311 0
-0.721121 -3.79748 0

3.24902 1.80271 6
2.87379 2.00798 6
3.2383 2.12678 6

3.13791 -2.31255 5
3.46476 -2.24915 6
3.2646 -2.59597 7

-3.5421 1.19083 7
-3.46739 0.81849 6
-3.76594 0.976919 5

-0.721121 -3.79748 0
-0.408307 -3.94119 0
-1.02196 -3.9006 0

3.17622 -2.00798 6
3.47864 -1.83337 6
3.46476 -2.24915 6

3.2383 2.12678 6
3.27539 2.51273 7
3.54217 2.24179 6

-1.66692 3.82695 0
-1.66987 3.4723 7
-1.99585 3.78341 0

-4.07418 0.994195 0
-3.79863 0.643969 7
-4.18646 0.713894 0

3.81224 0.0958015 6
3.78107 0.436518 5
4.0835 0.261911 0

-3.05576 2.11026 6
-3.07013 1.78448 6
-3.37266 1.9405 6

-3.7536 -1.17389 7
-3.88967 -1.51477 5
-4.0827 -1.24465 0

1.12478 3.73109 0
0.832406 3.90275 0
1.43359 3.90858 0

-2.7554 2.24862 6
-3.05576 2.11026 6
-3.05282 2.45092 6

0.538292 -3.61253 0
0.827198 -3.43949 6
0.831741 -3.80495 0

1.70691 -3.56777 0
1.75177 -3.22791 7
2.01687 -3.47005 5

3.88945 1.31547 7
3.57902 1.56013 6
3.87454 1.67556 6

1.1176 3.3713 6
0.827198 3.54479 0
1.12478 3.73109 0

-1.36909 3.64427 0
-1.66692 3.82695 0
-1.35979 3.98436 0

3.59862 -1.51971 7
3.78044 -1.24465 5
3.97346 -1.51477 0

2.99081 -2.82576 6
2.88489 -2.50705 6
3.2646 -2.59597 7

3.26926 1.47007 6
3.24902 1.80271 6
3.57902 1.56013 6

-3.79863 0.643969 7
-3.77964 0.261911 6
-4.08206 0.436518 0

-3.37266 1.9405 6
-3.67932 1.80545 6
-3.6816 2.13977 6

3.24696 -1.63678 6
3.27722 -1.31794 6
3.59862 -1.51971 7

3.60288 -0.738335 6
3.87607 -0.544337 6
3.87826 -0.919415 6

2.19827 -3.21667 7
2.49178 -3.35927 6
2.34351 -3.63389 0

0.827198 3.54479 0
0.532195 3.7254 0
0.832406 3.90275 0

-1.36909 -3.34002 6
-1.04831 -3.55807 0
-1.3552 -3.67404 0

-1.99585 -3.20087 6
-1.66987 -3.51198 0
-1.99946 -3.50548 0

3.17622 -2.00798 6
3.24696 -1.63678 6
3.47864 -1.83337 6

-3.38714 -2.14832 5
-3.08114 -2.04064 6
-3.21019 -2.44841 7

0.532195 3.7254 0
0.233845 3.56255 0
0.233071 3.90938 0

3.78044 -1.24465 5
3.5102 -1.09958 6
3.87826 -0.919415 6

3.67668 0.713894 6
3.39605 0.876817 6
3.78896 0.994195 6

3.59862 -1.51971 7
3.97346 -1.51477 0
3.85945 -1.79727 6

-2.87834 -2.25641 6
-2.59004 -2.40866 6
-2.93177 -2.5988 6

0.832406 3.90275 0
0.233071 3.90938 0
-0.409348 3.99294 0

-0.741028 3.52236 0
-1.04831 3.42621 6
-1.06164 3.77237 0

-3.3765 1.58596 7
-3.5421 1.19083 7
-3.69324 1.46993 5

-0.415692 3.67647 0
-0.741028 3.52236 0
-0.744816 3.84866 0

-3.98707 -0.544337 0
-3.71747 -0.746084 6
-3.98487 -0.919415 0

-1.63713 -3.87467 0
-1.3552 -3.67404 0
-1.3345 -4.01236 0

1.4182 -3.41541 6
1.75177 -3.22791 7
1.70691 -3.56777 0

3.47864 -1.83337 6
3.85945 -1.79727 6
3.72422 -2.08212 6

-3.47229 -0.970275 6
-3.47721 -1.30955 5
-3.7536 -1.17389 7

-2.52693 -3.03664 5
-2.25429 -2.93466 6
-2.32073 -3.33986 7

-2.93177 -2.5988 6
-2.87235 -3.05562 7
-3.13647 -2.84495 6

2.01687 3.51424 0
1.70691 3.41651 6
1.75177 3.75637 0

0.551443 -3.96826 0
0.831741 -3.80495 0
1.10009 -3.99285 0

2.05008 3.18783 6
2.01687 3.51424 0
2.34351 3.35039 6

1.70691 3.41651 6
1.4182 3.56888 0
1.75177 3.75637 0

-0.404364 -3.62311 0
-0.0758281 -3.8465 0
-0.408307 -3.94119 0

4.0645 0.643969 0
3.78896 0.994195 6
4.09719 0.976919 0

-3.09378 2.78388 6
-3.05282 2.45092 6
-3.38082 2.62259 6

-2.19827 2.95737 6
-2.42113 2.73682 6
-2.56992 3.05562 6

-3.5867 -1.59603 8
-3.70747 -1.96008 7
-4.00369 -1.79727 0

-0.408307 -3.94119 0
0.551443 -3.96826 0
-1.3345 -4.01236 0

3.87607 -0.544337 6
4.19043 -0.365831 0
4.14566 -0.746084 0

-2.81291 2.9 5
-3.09378 2.78388 6
-2.98133 3.18272 7

-3.66143 -0.0299162 6
-3.67271 -0.365831 6
-3.97942 -0.209545 0

1.39434 -3.77761 0
1.70691 -3.56777 0
1.70301 -3.89449 0

3.5102 -1.09958 6
3.60288 -0.738335 6
3.87826 -0.919415 6

2.34351 3.35039 6
2.19827 3.76761 0
2.49178 3.62501 0

-0.0863313 3.78682 0
-0.415692 3.67647 0
-0.409348 3.99294 0

-1.36909 3.64427 0
-1.66987 3.4723 7
-1.66692 3.82695 0

-3.67271 -0.365831 6
-3.71747 -0.746084 6
-3.98707 -0.544337 0

2.57136 -3.05562 6
2.65725 -2.74188 6
2.99081 -2.82576 6

2.49178 -3.35927 6
2.57136 -3.05562 6
2.89799 -3.15933 6

1.75177 -3.22791 7
2.19827 -3.21667 7
2.01687 -3.47005 5

0.240533 -3.77023 0
0.538292 -3.61253 0
0.551443 -3.96826 0

-1.99946 3.4788 5
-1.94812 3.16953 6
-2.29995 3.29968 6

-2.87235 -3.05562 7
-2.52693 -3.03664 5
-2.66588 -3.32489 5

-0.409348 3.99294 0
-0.744816 3.84866 0
-1.35979 3.98436 0

-3.69324 1.46993 5
-3.97369 1.31547 0
-3.98859 1.67556 0

1.1176 -3.61298 0
1.4182 -3.41541 6
1.39434 -3.77761 0

2.95356 2.64588 6
2.9004 3.01394 5
3.17622 2.88102 6

3.24902 1.80271 6
3.2383 2.12678 6
3.5603 1.90357 6

-2.64319 3.35352 6
-2.56992 3.05562 6
-2.98133 3.18272 7

-1.94812 3.16953 6
-2.19827 2.95737 6
-2.29995 3.29968 6

-2.52693 -3.03664 5
-2.32073 -3.33986 7
-2.66588 -3.32489 5

-3.70747 -1.96008 7
-3.38714 -2.14832 5
-3.56297 -2.3966 6

-3.97942 -0.209545 0
-4.28459 -0.361442 0
-4.35471 -0.0155196 0

0.831741 -3.80495 0
1.1176 -3.61298 0
1.10009 -3.99285 0

3.87454 1.67556 6
3.5603 1.90357 6
3.8651 2.01722 6

-4.26025 -0.738335 0
-3.98487 -0.919415 0
-4.35293 -1.09958 0

-1.04831 -3.55807 0
-0.721121 -3.79748 0
-1.02196 -3.9006 0

-4.18646 0.713894 0
-4.08206 0.436518 0
-4.36975 0.325405 0

-1.66987 -3.51198 0
-1.63713 -3.87467 0
-1.94812 -3.81475 0

2.33745 2.99446 6
2.05008 3.18783 6
2.34351 3.35039 6

3.88372 -0.209545 6
3.81224 0.0958015 6
4.20171 -0.0299162 0

-3.38082 2.62259 6
-3.36601 2.28258 6
-3.69069 2.46913 6

-3.08114 -2.04064 6
-2.87834 -2.25641 6
-3.21019 -2.44841 7

-2.29995 3.29968 6
-2.56992 3.05562 6
-2.64319 3.35352 6

-2.42113 2.73682 6
-2.73155 2.58351 6
-2.81291 2.9 5

-3.7536 -1.17389 7
-3.5867 -1.59603 8
-3.88967 -1.51477 5

1.75177 3.75637 0
1.4182 3.56888 0
1.43359 3.90858 0

-3.77964 0.261911 6
-3.66143 -0.0299162 6
-4.0509 0.0958015 0

-3.56297 -2.3966 6
-3.21019 -2.44841 7
-3.47721 -2.70641 6

-1.02196 -3.9006 0
-0.408307 -3.94119 0
-1.3345 -4.01236 0

-3.05576 2.11026 6
-3.37266 1.9405 6
-3.36601 2.28258 6

-2.25429 -2.93466 6
-1.99585 -3.20087 6
-2.32073 -3.33986 7

0.551443 -3.96826 0
1.10009 -3.99285 0
-1.3345 -4.01236 0

2.19827 -3.21667 7
2.57136 -3.05562 6
2.49178 -3.35927 6

1.43359 3.90858 0
0.832406 3.90275 0
1.98545 4.00439 0

-2.73155 2.58351 6
-3.05282 2.45092 6
-3.09378 2.78388 6

-3.71747 -0.746084 6
-3.7536 -1.17389 7
-3.98487 -0.919415 0

4.20171 -0.0299162 0
4.0835 0.261911 0
4.37033 0.487597 0

3.88372 -0.209545 6
4.20171 -0.0299162 0
4.19043 -0.365831 0

-3.67932 1.80545 6
-3.98859 1.67556 0
-3.99803 2.01722 0

-3.37266 1.9405 6
-3.3765 1.58596 7
-3.67932 1.80545 6

-3.97369 1.31547 0
-3.76594 0.976919 5
-4.07418 0.994195 0

3.55294 1.22425 6
3.57902 1.56013 6
3.88945 1.31547 7

3.46476 -2.24915 6
3.72422 -2.08212 6
3.68065 -2.48396 7

3.57853 2.57997 5
3.27539 2.51273 7
3.52504 2.88765 7

2.89799 -3.15933 6
2.99081 -2.82576 6
3.21483 -3.04822 6

2.65725 -2.74188 6
2.88489 -2.50705 6
2.99081 -2.82576 6

3.78107 0.436518 5
3.67668 0.713894 6
4.0645 0.643969 0

3.2383 2.12678 6
2.97548 2.32149 6
3.27539 2.51273 7

3.17622 2.88102 6
2.9004 3.01394 5
3.02432 3.30828 6

-1.66987 -3.51198 0
-1.3552 -3.67404 0
-1.63713 -3.87467 0

3.13791 -2.31255 5
3.17622 -2.00798 6
3.46476 -2.24915 6

2.19827 3.76761 0
1.75177 3.75637 0
1.98545 4.00439 0

1.10009 -3.99285 0
1.39434 -3.77761 0
1.70301 -3.89449 0

2.95356 2.64588 6
2.63279 2.81543 6
2.9004 3.01394 5

2.63279 2.81543 6
2.33745 2.99446 6
2.63361 3.19883 7

2.01687 3.51424 0
1.75177 3.75637 0
2.19827 3.76761 0

-4.0509 0.0958015 0
-4.35471 -0.0155196 0
-4.36975 0.325405 0

-0.744816 3.84866 0
-1.06164 3.77237 0
-1.35979 3.98436 0

2.49178 -3.35927 6
2.78753 -3.4638 5
2.63361 -3.78545 0

2.88489 -2.50705 6
3.13791 -2.31255 5
3.2646 -2.59597 7

1.4182 3.56888 0
1.12478 3.73109 0
1.43359 3.90858 0

1.10009 -3.99285 0
1.70301 -3.89449 0
2.33745 -3.98982 0

3.87826 -0.919415 6
4.14566 -0.746084 0
4.10954 -1.17389 0

-2.98133 3.18272 7
-3.09378 2.78388 6
-3.31952 3.00579 6

-3.98487 -0.919415 0
-3.7536 -1.17389 7
-4.0827 -1.24465 0

-1.35979 3.98436 0
-2.52693 3.94764 0
-3.44744 3.96819 0

-1.66987 3.4723 7
-1.99946 3.4788 5
-1.99585 3.78341 0

2.05008 -3.79646 0
2.01687 -3.47005 5
2.34351 -3.63389 0

3.97346 -1.51477 0
3.78044 -1.24465 5
4.10954 -1.17389 0

3.88945 1.31547 7
3.87454 1.67556 6
4.16989 1.46993 0

-1.06164 3.77237 0
-1.36909 3.64427 0
-1.35979 3.98436 0

-3.5421 1.19083 7
-3.76594 0.976919 5
-3.97369 1.31547 0

-3.88967 -1.51477 5
-4.00369 -1.79727 0
-4.26452 -1.51971 0

3.5603 1.90357 6
3.2383 2.12678 6
3.54217 2.24179 6

3.27539 2.51273 7
2.95356 2.64588 6
3.17622 2.88102 6

4.39574 0.81849 0
4.09719 0.976919 0
4.32103 1.19083 0

-2.93177 -2.5988 6
-2.66349 -2.74804 6
-2.87235 -3.05562 7

-4.07418 0.994195 0
-4.18646 0.713894 0
-4.31019 1.22425 0

-3.5867 -1.59603 8
-3.39831 -1.82009 5
-3.70747 -1.96008 7

4.14566 -0.746084 0
4.19043 -0.365831 0
4.42283 -0.587127 0

-3.76594 0.976919 5
-3.79863 0.643969 7
-4.07418 0.994195 0

-1.94812 -3.81475 0
-1.63713 -3.87467 0
-2.56992 -3.92866 0

4.37033 0.487597 0
4.0645 0.643969 0
4.39574 0.81849 0

-3.70747 -1.96008 7
-3.86654 -2.24106 5
-4.13892 -2.08212 0

-1.99946 -3.50548 0
-1.66987 -3.51198 0
-1.94812 -3.81475 0

3.87607 -0.544337 6
3.88372 -0.209545 6
4.19043 -0.365831 0

3.54217 2.24179 6
3.57853 2.57997 5
3.86092 2.35183 6

-1.35979 3.98436 0
-1.66692 3.82695 0
-1.99585 3.78341 0

-3.97369 1.31547 0
-4.31019 1.22425 0
-4.28411 1.56013 0

4.14566 -0.746084 0
4.42283 -0.587127 0
4.39085 -0.970275 0

3.78896 0.994195 6
3.88945 1.31547 7
4.09719 0.976919 0

4.20171 -0.0299162 0
4.37033 0.487597 0
4.42283 -0.587127 0

3.87826 -0.919415 6
3.87607 -0.544337 6
4.14566 -0.746084 0

3.57902 1.56013 6
3.5603 1.90357 6
3.87454 1.67556 6

-2.32073 -3.33986 7
-2.29995 -3.6846 0
-2.64319 -3.63076 0

-3.21019 -2.44841 7
-2.93177 -2.5988 6
-3.13647 -2.84495 6

-1.3552 -3.67404 0
-1.02196 -3.9006 0
-1.3345 -4.01236 0

-3.36601 2.28258 6
-3.37266 1.9405 6
-3.6816 2.13977 6

-2.66588 -3.32489 5
-2.64319 -3.63076 0
-2.96615 -3.46814 6

-2.66588 -3.32489 5
-2.32073 -3.33986 7
-2.64319 -3.63076 0

-3.79863 0.643969 7
-4.08206 0.436518 0
-4.18646 0.713894 0

-1.63713 -3.87467 0
-1.3345 -4.01236 0
-2.56992 -3.92866 0

1.70301 -3.89449 0
1.70691 -3.56777 0
2.05008 -3.79646 0

3.2646 -2.59597 7
3.68065 -2.48396 7
3.48208 -2.78269 5

3.85945 -1.79727 6
4.27643 -1.59603 0
4.15567 -1.96008 0

4.16989 1.46993 0
3.87454 1.67556 6
4.18382 1.80545 0

3.47864 -1.83337 6
3.59862 -1.51971 7
3.85945 -1.79727 6

3.02432 3.30828 6
2.63361 3.19883 7
2.78753 3.52049 0

-4.28459 -0.361442 0
-3.98707 -0.544337 0
-4.26025 -0.738335 0

-3.13647 -2.84495 6
-3.17478 -3.23023 6
-3.44744 -3.01609 6

1.70301 -3.89449 0
2.05008 -3.79646 0
2.33745 -3.98982 0

3.46476 -2.24915 6
3.47864 -1.83337 6
3.72422 -2.08212 6

3.78044 -1.24465 5
3.87826 -0.919415 6
4.10954 -1.17389 0

-4.35471 -0.0155196 0
-4.28459 -0.361442 0
-4.35293 -1.09958 0

-3.97942 -0.209545 0
-3.98707 -0.544337 0
-4.28459 -0.361442 0

-3.98707 -0.544337 0
-3.98487 -0.919415 0
-4.26025 -0.738335 0

-2.29995 3.29968 6
-2.64319 3.35352 6
-2.32073 3.64442 0

2.78753 -3.4638 5
2.89799 -3.15933 6
3.17622 -3.40484 7

3.85945 -1.79727 6
3.97346 -1.51477 0
4.27643 -1.59603 0

-1.99585 3.78341 0
-1.99946 3.4788 5
-2.32073 3.64442 0

-2.66588 3.6594 0
-2.64319 3.35352 6
-2.96615 3.51614 0

-3.05282 2.45092 6
-3.36601 2.28258 6
-3.38082 2.62259 6

-4.35293 -1.09958 0
-4.0827 -1.24465 0
-4.26452 -1.51971 0

-1.99946 -3.50548 0
-1.94812 -3.81475 0
-2.29995 -3.6846 0

4.19043 -0.365831 0
4.20171 -0.0299162 0
4.42283 -0.587127 0

2.57136 -3.05562 6
2.99081 -2.82576 6
2.89799 -3.15933 6

-2.32073 3.64442 0
-2.66588 3.6594 0
-2.52693 3.94764 0

2.34351 3.35039 6
2.01687 3.51424 0
2.19827 3.76761 0

-3.38714 -2.14832 5
-3.21019 -2.44841 7
-3.56297 -2.3966 6

-3.31952 3.00579 6
-3.38082 2.62259 6
-3.65772 2.80376 6

-2.32073 -3.33986 7
-1.99946 -3.50548 0
-2.29995 -3.6846 0

-4.36975 0.325405 0
-4.35471 -0.0155196 0
-4.35293 -1.09958 0

-4.18646 0.713894 0
-4.36975 0.325405 0
-4.31019 1.22425 0

1.70691 -3.56777 0
2.01687 -3.47005 5
2.05008 -3.79646 0

2.99081 -2.82576 6
3.2646 -2.59597 7
3.21483 -3.04822 6

3.5603 1.90357 6
3.54217 2.24179 6
3.8651 2.01722 6

-1.99946 3.4788 5
-2.29995 3.29968 6
-2.32073 3.64442 0

-3.6816 2.13977 6
-3.99803 2.01722 0
-4.00222 2.35183 0

-3.86654 -2.24106 5
-3.56297 -2.3966 6
-3.85933 -2.56787 6

2.34351 -3.63389 0
2.49178 -3.35927 6
2.63361 -3.78545 0

2.01687 -3.47005 5
2.19827 -3.21667 7
2.34351 -3.63389 0

-3.98859 1.67556 0
-4.28411 1.56013 0
-4.30283 1.90357 0

-3.67932 1.80545 6
-3.69324 1.46993 5
-3.98859 1.67556 0

-2.64319 -3.63076 0
-2.29995 -3.6846 0
-2.56992 -3.92866 0

-3.21019 -2.44841 7
-3.13647 -2.84495 6
-3.47721 -2.70641 6

-3.88967 -1.51477 5
-3.5867 -1.59603 8
-4.00369 -1.79727 0

-4.0509 0.0958015 0
-3.97942 -0.209545 0
-4.35471 -0.0155196 0

4.0835 0.261911 0
4.0645 0.643969 0
4.37033 0.487597 0

3.52504 2.88765 7
3.17622 2.88102 6
3.32231 3.2014 6

2.19827 3.76761 0
1.98545 4.00439 0
2.57136 3.92866 0

-2.56992 3.05562 6
-2.81291 2.9 5
-2.98133 3.18272 7

4.0645 0.643969 0
4.09719 0.976919 0
4.39574 0.81849 0

0.832406 3.90275 0
-0.409348 3.99294 0
1.98545 4.00439 0

-3.36601 2.28258 6
-3.6816 2.13977 6
-3.69069 2.46913 6

-4.08206 0.436518 0
-4.0509 0.0958015 0
-4.36975 0.325405 0

-4.00369 -1.79727 0
-4.13892 -2.08212 0
-4.38449 -1.83337 0

4.18382 1.80545 0
3.8651 2.01722 6
4.18154 2.13977 0

3.68065 -2.48396 7
3.72422 -2.08212 6
3.9966 -2.24106 0

-1.35979 3.98436 0
-1.99585 3.78341 0
-2.52693 3.94764 0

2.63361 3.19883 7
2.34351 3.35039 6
2.49178 3.62501 0

-4.33809 2.88765 0
-4.36975 0.325405 0
-4.35212 3.51703 0

-3.70747 -1.96008 7
-3.56297 -2.3966 6
-3.86654 -2.24106 5

-2.56992 -3.92866 0
-1.3345 -4.01236 0
-3.31952 -3.9785 0

3.54217 2.24179 6
3.27539 2.51273 7
3.57853 2.57997 5

1.75177 3.75637 0
1.43359 3.90858 0
1.98545 4.00439 0

3.78013 -2.85823 6
3.68065 -2.48396 7
4.0038 -2.56787 0

3.88945 1.31547 7
4.16989 1.46993 0
4.32103 1.19083 0

3.17622 -3.40484 7
3.21483 -3.04822 6
3.50187 -3.1298 6

2.34351 -3.63389 0
2.63361 -3.78545 0
2.33745 -3.98982 0

3.2646 -2.59597 7
3.46476 -2.24915 6
3.68065 -2.48396 7

4.42283 -0.587127 0
4.37033 0.487597 0
4.39574 0.81849 0

4.39085 -0.970275 0
4.42283 -0.587127 0
4.38593 -1.30955 0

-2.96615 3.51614 0
-2.98133 3.18272 7
-3.28404 3.33703 7

-3.86654 -2.24106 5
-3.85933 -2.56787 6
-4.18249 -2.48396 0

2.49178 -3.35927 6
2.89799 -3.15933 6
2.78753 -3.4638 5

3.21483 -3.04822 6
3.2646 -2.59597 7
3.48208 -2.78269 5

-4.28459 -0.361442 0
-4.26025 -0.738335 0
-4.35293 -1.09958 0

4.27643 -1.59603 0
4.10954 -1.17389 0
4.38593 -1.30955 0

2.49178 3.62501 0
2.57136 3.92866 0
2.89799 3.82495 0

-3.28404 3.33703 7
-3.31952 3.00579 6
-3.62112 3.12434 6

-3.85933 -2.56787 6
-3.47721 -2.70641 6
-3.77964 -2.88102 6

-3.98487 -0.919415 0
-4.0827 -1.24465 0
-4.35293 -1.09958 0

3.57853 2.57997 5
3.52504 2.88765 7
3.87709 2.70599 6

4.32103 1.19083 0
4.16989 1.46993 0
4.18382 1.80545 0

4.18154 2.13977 0
4.20541 2.80376 0
4.41844 3.63099 0

4.32103 1.19083 0
4.18382 1.80545 0
4.18154 2.13977 0

-3.6816 2.13977 6
-3.67932 1.80545 6
-3.99803 2.01722 0

-3.09378 2.78388 6
-3.38082 2.62259 6
-3.31952 3.00579 6

-4.28411 1.56013 0
-4.31019 1.22425 0
-4.30283 1.90357 0

-3.97369 1.31547 0
-4.07418 0.994195 0
-4.31019 1.22425 0

4.10954 -1.17389 0
4.14566 -0.746084 0
4.39085 -0.970275 0

4.09719 0.976919 0
3.88945 1.31547 7
4.32103 1.19083 0

2.9004 3.01394 5
2.63361 3.19883 7
3.02432 3.30828 6

3.17622 3.57944 0
2.78753 3.52049 0
2.89799 3.82495 0

-4.26452 -1.51971 0
-4.00369 -1.79727 0
-4.38449 -1.83337 0

-2.64319 -3.63076 0
-2.56992 -3.92866 0
-2.98133 -3.80156 0

3.32231 3.2014 6
3.02432 3.30828 6
3.17622 3.57944 0

2.63361 3.19883 7
2.49178 3.62501 0
2.78753 3.52049 0

4.30017 -2.3966 0
4.38593 -1.30955 0
4.38593 -2.70641 0

-3.13647 -2.84495 6
-2.87235 -3.05562 7
-3.17478 -3.23023 6

3.97346 -1.51477 0
4.10954 -1.17389 0
4.27643 -1.59603 0

3.52504 2.88765 7
3.64305 3.194 5
3.9133 3.03133 6

3.8651 2.01722 6
3.54217 2.24179 6
3.86092 2.35183 6

-4.0827 -1.24465 0
-3.88967 -1.51477 5
-4.26452 -1.51971 0

-2.64319 3.35352 6
-2.98133 3.18272 7
-2.96615 3.51614 0

-1.3345 -4.01236 0
1.10009 -3.99285 0
2.33745 -3.98982 0

-2.32073 3.64442 0
-2.64319 3.35352 6
-2.66588 3.6594 0

-3.98859 1.67556 0
-3.97369 1.31547 0
-4.28411 1.56013 0

4.15567 -1.96008 0
4.27643 -1.59603 0
4.30017 -2.3966 0

-3.17478 -3.23023 6
-2.87235 -3.05562 7
-2.96615 -3.46814 6

3.87454 1.67556 6
3.8651 2.01722 6
4.18382 1.80545 0

-2.52693 3.94764 0
-2.66588 3.6594 0
-2.87235 3.92866 0

3.27539 2.51273 7
3.17622 2.88102 6
3.52504 2.88765 7

-4.35293 -1.09958 0
-4.26452 -1.51971 0
-4.38449 -1.83337 0

-3.99803 2.01722 0
-4.30283 1.90357 0
-4.32097 2.24179 0

-2.87235 -3.05562 7
-2.66588 -3.32489 5
-2.96615 -3.46814 6

-3.44744 -3.01609 6
-3.4447 -3.3533 5
-3.77964 -3.23023 6

4.27643 -1.59603 0
4.38593 -1.30955 0
4.30017 -2.3966 0

3.50187 -3.1298 6
3.48208 -2.78269 5
3.78013 -2.85823 6

3.8651 2.01722 6
3.86092 2.35183 6
4.18154 2.13977 0

4.10954 -1.17389 0
4.39085 -0.970275 0
4.38593 -1.30955 0

4.0038 -2.56787 0
3.9966 -2.24106 0
4.30017 -2.3966 0

-2.87235 3.92866 0
-2.96615 3.51614 0
-3.17478 3.75405 0

-3.47721 -2.70641 6
-3.13647 -2.84495 6
-3.44744 -3.01609 6

3.9966 -2.24106 0
3.72422 -2.08212 6
4.15567 -1.96008 0

3.64305 3.194 5
3.32231 3.2014 6
3.51102 3.51703 0

3.72422 -2.08212 6
3.85945 -1.79727 6
4.15567 -1.96008 0

-2.29995 -3.6846 0
-1.94812 -3.81475 0
-2.56992 -3.92866 0

-3.69069 2.46913 6
-4.00222 2.35183 0
-3.98604 2.70599 0

-4.30283 1.90357 0
-4.31019 1.22425 0
-4.32097 2.24179 0

-3.38082 2.62259 6
-3.69069 2.46913 6
-3.65772 2.80376 6

-4.00222 2.35183 0
-4.32097 2.24179 0
-4.2846 2.57997 0

-4.00369 -1.79727 0
-3.70747 -1.96008 7
-4.13892 -2.08212 0

2.78753 -3.4638 5
3.17622 -3.40484 7
3.02432 -3.676 0

3.21483 -3.04822 6
3.48208 -2.78269 5
3.50187 -3.1298 6

3.17622 2.88102 6
3.02432 3.30828 6
3.32231 3.2014 6

2.05008 -3.79646 0
2.34351 -3.63389 0
2.33745 -3.98982 0

2.63361 -3.78545 0
3.02432 -3.676 0
2.9004 -3.97034 0

-3.65772 2.80376 6
-3.98604 2.70599 0
-3.94984 3.03133 0

-3.47721 -2.70641 6
-3.44744 -3.01609 6
-3.77964 -2.88102 6

-3.56297 -2.3966 6
-3.47721 -2.70641 6
-3.85933 -2.56787 6

-2.96615 -3.46814 6
-2.98133 -3.80156 0
-3.28404 -3.64725 0

-2.66588 3.6594 0
-2.96615 3.51614 0
-2.87235 3.92866 0

-3.69069 2.46913 6
-3.6816 2.13977 6
-4.00222 2.35183 0

2.9004 -3.97034 0
3.02432 -3.676 0
3.32231 -3.78288 0

2.89799 -3.15933 6
3.21483 -3.04822 6
3.17622 -3.40484 7

-2.98133 3.18272 7
-3.31952 3.00579 6
-3.28404 3.33703 7

-4.13892 -2.08212 0
-4.18249 -2.48396 0
-4.39837 -2.24915 0

3.86092 2.35183 6
3.87709 2.70599 6
4.17245 2.46913 0

-1.99585 3.78341 0
-2.32073 3.64442 0
-2.52693 3.94764 0

-3.17478 3.75405 0
-3.28404 3.33703 7
-3.4447 3.63099 0

-3.4447 -3.3533 5
-3.17478 -3.23023 6
-3.28404 -3.64725 0

4.20541 2.80376 0
4.24202 3.12434 0
4.41844 3.63099 0

2.49178 3.62501 0
2.19827 3.76761 0
2.57136 3.92866 0

3.17622 -3.40484 7
3.51102 -3.46726 6
3.32231 -3.78288 0

3.9966 -2.24106 0
4.15567 -1.96008 0
4.30017 -2.3966 0

4.18154 2.13977 0
4.17245 2.46913 0
4.20541 2.80376 0

3.86092 2.35183 6
3.57853 2.57997 5
3.87709 2.70599 6

-3.99803 2.01722 0
-3.98859 1.67556 0
-4.30283 1.90357 0

3.87709 2.70599 6
3.9133 3.03133 6
4.20541 2.80376 0

2.33745 -3.98982 0
2.63361 -3.78545 0
2.9004 -3.97034 0

3.02432 3.30828 6
2.78753 3.52049 0
3.17622 3.57944 0

3.51102 -3.46726 6
3.50187 -3.1298 6
3.79359 -3.22458 6

3.48208 -2.78269 5
3.68065 -2.48396 7
3.78013 -2.85823 6

-4.00222 2.35183 0
-3.99803 2.01722 0
-4.32097 2.24179 0

-4.36975 0.325405 0
-4.35293 -1.09958 0
-4.38449 -1.83337 0

-4.18249 -2.48396 0
-3.85933 -2.56787 6
-4.083 -2.85823 0

3.79359 -3.22458 6
3.78013 -2.85823 6
4.0835 -2.88102 0

3.68065 -2.48396 7
3.9966 -2.24106 0
4.0038 -2.56787 0

4.32103 1.19083 0
4.18154 2.13977 0
4.41844 3.63099 0

2.63361 -3.78545 0
2.78753 -3.4638 5
3.02432 -3.676 0

-3.31952 3.00579 6
-3.65772 2.80376 6
-3.62112 3.12434 6

-4.13892 -2.08212 0
-3.86654 -2.24106 5
-4.18249 -2.48396 0

3.64305 3.194 5
3.51102 3.51703 0
3.87196 3.4139 7

2.89799 3.82495 0
2.57136 3.92866 0
3.21483 3.93606 0

2.78753 3.52049 0
2.49178 3.62501 0
2.89799 3.82495 0

3.52504 2.88765 7
3.32231 3.2014 6
3.64305 3.194 5

-4.083 -2.85823 0
-3.77964 -2.88102 6
-4.06954 -3.22458 0

-3.44744 -3.01609 6
-3.17478 -3.23023 6
-3.4447 -3.3533 5

-3.67432 3.4178 5
-3.62112 3.12434 6
-3.99118 3.4139 0

-3.65772 2.80376 6
-3.69069 2.46913 6
-3.98604 2.70599 0

-3.77964 -3.23023 6
-3.4447 -3.3533 5
-3.67432 -3.56649 0

-2.96615 -3.46814 6
-2.64319 -3.63076 0
-2.98133 -3.80156 0

4.38593 -2.70641 0
4.38593 -1.30955 0
4.41569 -3.01609 0

3.79359 3.75971 0
3.50187 3.85449 0
4.41569 3.96819 0

4.18154 2.13977 0
3.86092 2.35183 6
4.17245 2.46913 0

-4.2846 2.57997 0
-4.32097 2.24179 0
-4.33809 2.88765 0

-4.38449 -1.83337 0
-4.13892 -2.08212 0
-4.39837 -2.24915 0

3.17622 3.57944 0
3.21483 3.93606 0
3.50187 3.85449 0

-2.52693 3.94764 0
-2.87235 3.92866 0
-3.44744 3.96819 0

-3.98604 2.70599 0
-4.2846 2.57997 0
-4.33809 2.88765 0

-4.31019 1.22425 0
-4.36975 0.325405 0
-4.32097 2.24179 0

-4.18249 -2.48396 0
-4.083 -2.85823 0
-4.38105 -2.78269 0

-3.17478 -3.23023 6
-2.96615 -3.46814 6
-3.28404 -3.64725 0

2.57136 3.92866 0
1.98545 4.00439 0
3.21483 3.93606 0

-2.96615 3.51614 0
-3.28404 3.33703 7
-3.17478 3.75405 0

-3.28404 -3.64725 0
-3.31952 -3.9785 0
-3.62112 -3.85995 0

2.33745 -3.98982 0
2.9004 -3.97034 0
3.9133 -3.95296 0

4.0835 -2.88102 0
4.0038 -2.56787 0
4.38593 -2.70641 0

3.9133 3.03133 6
3.87196 3.4139 7
4.24202 3.12434 0

-3.4447 -3.3533 5
-3.28404 -3.64725 0
-3.67432 -3.56649 0

3.17622 -3.40484 7
3.50187 -3.1298 6
3.51102 -3.46726 6

-3.17478 3.75405 0
-3.4447 3.63099 0
-3.44744 3.96819 0

-4.36975 0.325405 0
-4.38449 -1.83337 0
-4.39837 -2.24915 0

-3.67432 -3.56649 0
-3.62112 -3.85995 0
-3.99118 -3.57038 0

3.87709 2.70599 6
3.52504 2.88765 7
3.9133 3.03133 6

3.32231 3.2014 6
3.17622 3.57944 0
3.51102 3.51703 0

3.50187 -3.1298 6
3.78013 -2.85823 6
3.79359 -3.22458 6

-3.77964 -2.88102 6
-3.44744 -3.01609 6
-3.77964 -3.23023 6

3.32231 -3.78288 0
3.51102 -3.46726 6
3.64305 -3.79028 0

4.0038 -2.56787 0
4.30017 -2.3966 0
4.38593 -2.70641 0

3.87196 -3.57038 0
4.0835 -3.23023 0
4.18881 -3.56649 0

-3.62112 3.12434 6
-3.65772 2.80376 6
-3.94984 3.03133 0

-3.85933 -2.56787 6
-3.77964 -2.88102 6
-4.083 -2.85823 0

-4.06954 -3.22458 0
-3.77964 -3.23023 6
-3.99118 -3.57038 0

3.79359 -3.22458 6
4.0835 -3.23023 0
3.87196 -3.57038 0

3.78013 -2.85823 6
4.0038 -2.56787 0
4.0835 -2.88102 0

-3.99118 3.4139 0
-3.94984 3.03133 0
-4.22008 3.194 0

-3.98604 2.70599 0
-4.00222 2.35183 0
-4.2846 2.57997 0

-0.409348 3.99294 0
-1.35979 3.98436 0
-3.44744 3.96819 0

-3.4447 3.63099 0
-3.28404 3.33703 7
-3.67432 3.4178 5

-3.28404 3.33703 7
-3.62112 3.12434 6
-3.67432 3.4178 5

4.39574 0.81849 0
4.32103 1.19083 0
4.41844 3.63099 0

4.0835 -3.23023 0
4.0835 -2.88102 0
4.41569 -3.01609 0

3.02432 -3.676 0
3.17622 -3.40484 7
3.32231 -3.78288 0

4.17245 2.46913 0
3.87709 2.70599 6
4.20541 2.80376 0

3.51102 3.51703 0
3.50187 3.85449 0
3.79359 3.75971 0

3.17622 3.57944 0
2.89799 3.82495 0
3.21483 3.93606 0

-4.32097 2.24179 0
-4.36975 0.325405 0
-4.33809 2.88765 0

-4.39837 -2.24915 0
-4.18249 -2.48396 0
-4.38105 -2.78269 0

-2.98133 -3.80156 0
-2.56992 -3.92866 0
-3.31952 -3.9785 0

3.32231 -3.78288 0
3.64305 -3.79028 0
3.9133 -3.95296 0

4.41569 -3.01609 0
4.42283 -0.587127 0
4.41844 -3.3533 0

3.9133 3.03133 6
3.64305 3.194 5
3.87196 3.4139 7

-2.87235 3.92866 0
-3.17478 3.75405 0
-3.44744 3.96819 0

-3.94984 3.03133 0
-3.98604 2.70599 0
-4.33809 2.88765 0

-3.28404 -3.64725 0
-2.98133 -3.80156 0
-3.31952 -3.9785 0

-3.77964 3.75405 0
-3.99118 3.4139 0
-4.06954 3.75971 0

-4.083 -2.85823 0
-4.06954 -3.22458 0
-4.36126 -3.1298 0

-3.77964 -2.88102 6
-3.77964 -3.23023 6
-4.06954 -3.22458 0

4.18881 -3.56649 0
4.0835 -3.23023 0
4.41844 -3.3533 0

3.79359 -3.22458 6
4.0835 -2.88102 0
4.0835 -3.23023 0

4.18881 3.4178 0
3.87196 3.4139 7
4.0835 3.75405 0

3.51102 3.51703 0
3.17622 3.57944 0
3.50187 3.85449 0

-3.99118 3.4139 0
-4.22008 3.194 0
-4.35212 3.51703 0

-3.67432 3.4178 5
-3.99118 3.4139 0
-3.77964 3.75405 0

-4.38105 -2.78269 0
-4.36126 -3.1298 0
-4.35212 -3.46726 0

-3.62112 3.12434 6
-3.94984 3.03133 0
-3.99118 3.4139 0

-4.06954 3.75971 0
-3.99118 3.4139 0
-4.35212 3.51703 0

-3.44744 3.96819 0
-3.4447 3.63099 0
-3.77964 3.75405 0

3.64305 -3.79028 0
3.51102 -3.46726 6
3.87196 -3.57038 0

4.0835 -2.88102 0
4.38593 -2.70641 0
4.41569 -3.01609 0

3.51102 -3.46726 6
3.79359 -3.22458 6
3.87196 -3.57038 0

-3.67432 -3.56649 0
-3.28404 -3.64725 0
-3.62112 -3.85995 0

4.20541 2.80376 0
3.9133 3.03133 6
4.24202 3.12434 0

3.87196 3.4139 7
3.51102 3.51703 0
3.79359 3.75971 0

4.41844 3.63099 0
4.0835 3.75405 0
4.41569 3.96819 0

-3.94984 3.03133 0
-4.33809 2.88765 0
-4.22008 3.194 0

-4.36126 -3.1298 0
-4.06954 -3.22458 0
-4.35212 -3.46726 0

4.18881 -3.56649 0
4.41844 -3.3533 0
4.24202 -3.85995 0

4.24202 3.12434 0
4.18881 3.4178 0
4.41844 3.63099 0

-3.4447 3.63099 0
-3.67432 3.4178 5
-3.77964 3.75405 0

3.9133 -3.95296 0
3.87196 -3.57038 0
4.24202 -3.85995 0

4.0835 3.75405 0
3.79359 3.75971 0
4.41569 3.96819 0

-3.77964 -3.23023 6
-3.67432 -3.56649 0
-3.99118 -3.57038 0

4.38593 -1.30955 0
4.42283 -0.587127 0
4.41569 -3.01609 0

-3.62112 -3.85995 0
-3.31952 -3.9785 0
-3.94984 -3.95296 0

-4.38105 -2.78269 0
-4.083 -2.85823 0
-4.36126 -3.1298 0

4.24202 3.12434 0
3.87196 3.4139 7
4.18881 3.4178 0

3.87196 3.4139 7
3.79359 3.75971 0
4.0835 3.75405 0

2.9004 -3.97034 0
3.32231 -3.78288 0
3.9133 -3.95296 0

-3.44744 3.96819 0
-3.77964 3.75405 0
-4.06954 3.75971 0

-4.22008 3.194 0
-4.33809 2.88765 0
-4.35212 3.51703 0

-4.06954 -3.22458 0
-3.99118 -3.57038 0
-4.35212 -3.46726 0

4.0835 -3.23023 0
4.41569 -3.01609 0
4.41844 -3.3533 0

4.18881 3.4178 0
4.0835 3.75405 0
4.41844 3.63099 0

3.50187 3.85449 0
3.21483 3.93606 0
4.41569 3.96819 0

3.64305 -3.79028 0
3.87196 -3.57038 0
3.9133 -3.95296 0

-3.99118 -3.57038 0
-3.94984 -3.95296 0
-4.22008 -3.79028 0

-3.99118 -3.57038 0
-3.62112 -3.85995 0
-3.94984 -3.95296 0

-4.06954 3.75971 0
-4.35212 3.51703 0
-4.36126 3.85449 0

-4.36975 0.325405 0
-4.39837 -2.24915 0
-4.36126 3.85449 0

-4.35212 3.51703 0
-4.36975 0.325405 0
-4.36126 3.85449 0

-4.35212 -3.46726 0
-3.99118 -3.57038 0
-4.22008 -3.79028 0

4.42283 -0.587127 0
4.39574 0.81849 0
4.41844 3.63099 0

-3.44744 3.96819 0
-4.06954 3.75971 0
-4.36126 3.85449 0

3.87196 -3.57038 0
4.18881 -3.56649 0
4.24202 -3.85995 0

3.21483 3.93606 0
1.98545 4.00439 0
4.41569 3.96819 0

# 3.93157 -3.93157 3.49214 -3.49214
